280.00000,4105.44385
280.50000,4105.07861
281.00000,4106.18799
281.50000,4109.91016
282.00000,4116.03711
282.50000,4124.21924
283.00000,4133.25146
283.50000,4141.38965
284.00000,4147.18164
284.50000,4150.05518
285.00000,4150.07422
285.50000,4147.10547
286.00000,4142.49854
286.50000,4137.49854
287.00000,4133.49561
287.50000,4131.31201
288.00000,4131.80615
288.50000,4134.74268
289.00000,4139.50342
289.50000,4144.97900
290.00000,4150.07520
290.50000,4154.16846
291.00000,4156.93213
291.50000,4158.48926
292.00000,4158.60156
292.50000,4157.41943
293.00000,4154.97949
293.50000,4151.17529
294.00000,4146.53955
294.50000,4141.61230
295.00000,4137.38867
295.50000,4134.75781
296.00000,4134.75439
296.50000,4137.42285
297.00000,4142.55518
297.50000,4149.51953
298.00000,4156.37354
298.50000,4160.74902
299.00000,4160.92773
299.50000,4156.81055
300.00000,4148.72559
300.50000,4139.47412
301.00000,4132.21680
301.50000,4130.35889
302.00000,4133.46338
302.50000,4140.52930
303.00000,4148.75244
303.50000,4155.56299
304.00000,4158.78223
304.50000,4159.37012
305.00000,4159.44043
305.50000,4161.03760
306.00000,4164.71826
306.50000,4169.89893
307.00000,4174.28516
307.50000,4175.49219
308.00000,4171.76563
308.50000,4164.56445
309.00000,4155.48096
309.50000,4146.81543
310.00000,4140.33398
310.50000,4137.47705
311.00000,4137.61377
311.50000,4140.00049
312.00000,4144.48291
312.50000,4150.23682
313.00000,4156.80322
313.50000,4163.07520
314.00000,4167.72266
314.50000,4169.31787
315.00000,4167.74219
315.50000,4163.75732
316.00000,4158.79297
316.50000,4155.14063
317.00000,4154.22803
317.50000,4155.91992
318.00000,4158.75098
318.50000,4161.04004
319.00000,4161.51465
319.50000,4159.91016
320.00000,4157.29639
320.50000,4155.49561
321.00000,4155.57861
321.50000,4157.52979
322.00000,4160.11963
322.50000,4161.38867
323.00000,4159.72559
323.50000,4155.24414
324.00000,4148.99365
324.50000,4143.20020
325.00000,4140.01416
325.50000,4140.97900
326.00000,4146.09033
326.50000,4154.36328
327.00000,4163.43311
327.50000,4171.49707
328.00000,4176.68896
328.50000,4178.56299
329.00000,4176.47412
329.50000,4171.48340
330.00000,4165.16650
330.50000,4158.82031
331.00000,4153.52148
331.50000,4149.84570
332.00000,4148.00879
332.50000,4147.36133
333.00000,4147.51709
333.50000,4148.39844
334.00000,4150.18750
334.50000,4153.45508
335.00000,4158.01660
335.50000,4163.30957
336.00000,4167.93848
336.50000,4170.91357
337.00000,4171.52441
337.50000,4170.31641
338.00000,4168.46826
338.50000,4167.75098
339.00000,4169.03613
339.50000,4172.22510
340.00000,4176.42236
340.50000,4180.36572
341.00000,4183.00146
341.50000,4184.07422
342.00000,4184.03418
342.50000,4183.63818
343.00000,4183.47754
343.50000,4183.78076
344.00000,4184.59180
344.50000,4185.85400
345.00000,4187.82324
345.50000,4190.50391
346.00000,4193.60059
346.50000,4196.32373
347.00000,4197.75684
347.50000,4196.92725
348.00000,4193.51416
348.50000,4188.64746
349.00000,4184.23535
349.50000,4181.87207
350.00000,4182.31396
350.50000,4185.65527
351.00000,4190.20215
351.50000,4194.10254
352.00000,4195.96338
352.50000,4195.90137
353.00000,4194.51953
353.50000,4193.17871
354.00000,4192.84619
354.50000,4194.17188
355.00000,4196.66113
355.50000,4199.66943
356.00000,4202.68213
356.50000,4205.50000
357.00000,4208.04736
357.50000,4210.29785
358.00000,4211.90576
358.50000,4212.31348
359.00000,4211.49170
359.50000,4209.56348
360.00000,4207.31201
360.50000,4205.65430
361.00000,4205.74023
361.50000,4207.60449
362.00000,4210.48242
362.50000,4213.02979
363.00000,4213.98682
363.50000,4212.08057
364.00000,4207.15332
364.50000,4199.86719
365.00000,4191.70313
365.50000,4184.63525
366.00000,4180.14893
366.50000,4179.29785
367.00000,4181.56836
367.50000,4186.30518
368.00000,4191.49854
368.50000,4195.34424
369.00000,4196.25732
369.50000,4194.44971
370.00000,4190.16797
370.50000,4184.29297
371.00000,4177.99658
371.50000,4172.21191
372.00000,4167.40723
372.50000,4163.82764
373.00000,4161.91406
373.50000,4161.41064
374.00000,4162.11328
374.50000,4163.14453
375.00000,4163.22803
375.50000,4161.07324
376.00000,4156.61133
376.50000,4150.44580
377.00000,4143.91650
377.50000,4138.74072
378.00000,4136.73193
378.50000,4138.04053
379.00000,4141.61328
379.50000,4146.39990
380.00000,4150.94824
380.50000,4154.33398
381.00000,4155.78857
381.50000,4155.47559
382.00000,4153.66162
382.50000,4151.01758
383.00000,4148.40283
383.50000,4147.00293
384.00000,4147.58594
384.50000,4150.71436
385.00000,4156.12695
385.50000,4161.96631
386.00000,4166.43018
386.50000,4168.07764
387.00000,4166.60498
387.50000,4162.07959
388.00000,4156.59961
388.50000,4152.27832
389.00000,4150.94922
389.50000,4152.77100
390.00000,4157.69434
390.50000,4164.34570
391.00000,4171.16992
391.50000,4176.24170
392.00000,4178.90967
392.50000,4179.06494
393.00000,4177.15820
393.50000,4174.25342
394.00000,4171.00098
394.50000,4167.74561
395.00000,4164.22607
395.50000,4159.70801
396.00000,4154.10059
396.50000,4147.65039
397.00000,4141.25732
397.50000,4135.94971
398.00000,4132.84766
398.50000,4132.03809
399.00000,4132.77588
399.50000,4134.39404
400.00000,4136.34131
400.50000,4138.77832
401.00000,4142.20801
401.50000,4146.88477
402.00000,4152.79980
402.50000,4158.73730
403.00000,4163.70996
403.50000,4166.97803
404.00000,4169.10352
404.50000,4170.98779
405.00000,4173.79004
405.50000,4177.78760
406.00000,4181.82959
406.50000,4183.96533
407.00000,4182.51855
407.50000,4176.12109
408.00000,4166.15039
408.50000,4154.35889
409.00000,4143.79980
409.50000,4136.34375
410.00000,4133.11963
410.50000,4132.85205
411.00000,4134.29346
411.50000,4136.18408
412.00000,4137.81641
412.50000,4139.47754
413.00000,4142.00928
413.50000,4145.85986
414.00000,4151.23242
414.50000,4157.29736
415.00000,4163.26367
415.50000,4168.43506
416.00000,4172.94092
416.50000,4177.60156
417.00000,4183.27051
417.50000,4190.06445
418.00000,4197.20166
418.50000,4202.86230
419.00000,4204.84766
419.50000,4200.95703
420.00000,4192.43213
420.50000,4181.68701
421.00000,4172.63232
421.50000,4168.28955
422.00000,4171.73047
422.50000,4180.96436
423.00000,4193.26123
423.50000,4203.65137
424.00000,4209.37549
424.50000,4209.30176
425.00000,4206.00781
425.50000,4202.90674
426.00000,4204.00293
426.50000,4210.25830
427.00000,4220.28857
427.50000,4229.70605
428.00000,4234.78174
428.50000,4232.17871
429.00000,4222.75781
429.50000,4209.00195
430.00000,4194.84326
430.50000,4184.35498
431.00000,4179.62158
431.50000,4180.32715
432.00000,4184.35693
432.50000,4189.84668
433.00000,4194.81201
433.50000,4198.32959
434.00000,4200.03760
434.50000,4200.82080
435.00000,4201.21045
435.50000,4201.56592
436.00000,4201.89307
436.50000,4201.80176
437.00000,4200.83594
437.50000,4198.46777
438.00000,4194.47998
438.50000,4189.68945
439.00000,4185.08887
439.50000,4181.88770
440.00000,4180.79053
440.50000,4182.47656
441.00000,4186.01416
441.50000,4190.27686
442.00000,4193.90283
442.50000,4196.27393
443.00000,4197.06055
443.50000,4196.56787
444.00000,4195.24658
444.50000,4193.34619
445.00000,4191.26270
445.50000,4189.34375
446.00000,4188.02002
446.50000,4187.43066
447.00000,4187.47119
447.50000,4187.40869
448.00000,4186.35498
448.50000,4183.07227
449.00000,4177.93018
449.50000,4172.07422
450.00000,4167.17188
450.50000,4164.23975
451.00000,4163.70215
451.50000,4164.34424
452.00000,4164.59521
452.50000,4162.75586
453.00000,4159.50000
453.50000,4156.40234
454.00000,4155.52539
454.50000,4157.63867
455.00000,4162.56299
455.50000,4167.90234
456.00000,4170.92920
456.50000,4168.80420
457.00000,4162.69092
457.50000,4154.14941
458.00000,4145.74854
458.50000,4139.25928
459.00000,4135.64209
459.50000,4133.84619
460.00000,4132.51123
460.50000,4130.55615
461.00000,4128.16455
461.50000,4126.10693
462.00000,4125.22217
462.50000,4125.65674
463.00000,4127.06299
463.50000,4128.26563
464.00000,4128.28174
464.50000,4126.79102
465.00000,4124.59180
465.50000,4122.65674
466.00000,4121.92773
466.50000,4122.68066
467.00000,4124.80713
467.50000,4127.07471
468.00000,4128.15381
468.50000,4126.88037
469.00000,4123.34521
469.50000,4117.85205
470.00000,4111.62939
470.50000,4105.89063
471.00000,4101.84912
471.50000,4099.51074
472.00000,4098.34229
472.50000,4097.52734
473.00000,4096.55615
473.50000,4095.47095
474.00000,4094.70874
474.50000,4094.60962
475.00000,4095.20142
475.50000,4095.58862
476.00000,4094.83691
476.50000,4092.59180
477.00000,4089.66602
477.50000,4087.54395
478.00000,4087.68066
478.50000,4090.64502
479.00000,4096.20605
479.50000,4101.87695
480.00000,4105.29980
480.50000,4104.90088
481.00000,4101.00098
481.50000,4094.23413
482.00000,4086.50537
482.50000,4079.24536
483.00000,4073.66113
483.50000,4069.78345
484.00000,4067.50977
484.50000,4066.63916
485.00000,4066.87207
485.50000,4068.30591
486.00000,4070.80737
486.50000,4074.46655
487.00000,4079.71875
487.50000,4086.36719
488.00000,4093.90356
488.50000,4100.98047
489.00000,4106.01807
489.50000,4106.80615
490.00000,4103.18359
490.50000,4095.83008
491.00000,4086.82544
491.50000,4079.30298
492.00000,4075.31836
492.50000,4075.01611
493.00000,4077.02490
493.50000,4079.76709
494.00000,4081.76880
494.50000,4082.61719
495.00000,4082.72900
495.50000,4082.92114
496.00000,4083.33203
496.50000,4083.50146
497.00000,4082.99414
497.50000,4081.70752
498.00000,4080.49561
498.50000,4080.46265
499.00000,4082.62183
499.50000,4086.32959
500.00000,4089.95801
500.50000,4091.62451
501.00000,4090.35229
501.50000,4085.48853
502.00000,4078.71655
502.50000,4071.48340
503.00000,4065.41479
503.50000,4061.27075
504.00000,4059.60400
504.50000,4060.52271
505.00000,4064.24194
505.50000,4071.50903
506.00000,4081.21118
506.50000,4091.95166
507.00000,4100.99121
507.50000,4105.88574
508.00000,4104.94824
508.50000,4099.72070
509.00000,4092.63916
509.50000,4086.74854
510.00000,4083.86914
510.50000,4084.64233
511.00000,4087.88892
511.50000,4091.47388
512.00000,4093.93335
512.50000,4095.37842
513.00000,4096.57959
513.50000,4098.37988
514.00000,4100.73340
514.50000,4102.79932
515.00000,4103.24707
515.50000,4101.34033
516.00000,4097.26270
516.50000,4092.74316
517.00000,4089.14990
517.50000,4087.43066
518.00000,4087.07788
518.50000,4087.23926
519.00000,4086.86499
519.50000,4085.58887
520.00000,4083.78979
520.50000,4082.41675
521.00000,4082.02490
521.50000,4082.76978
522.00000,4084.11157
522.50000,4085.47852
523.00000,4086.22412
523.50000,4085.84058
524.00000,4083.06299
524.50000,4077.57983
525.00000,4069.05249
525.50000,4058.04468
526.00000,4046.65259
526.50000,4037.59937
527.00000,4033.12329
527.50000,4033.77979
528.00000,4039.21216
528.50000,4045.26538
529.00000,4048.42212
529.50000,4046.25732
530.00000,4039.53735
530.50000,4030.07471
531.00000,4021.41064
531.50000,4016.21899
532.00000,4016.88843
532.50000,4021.85571
533.00000,4028.74927
533.50000,4034.42432
534.00000,4036.87695
534.50000,4034.55640
535.00000,4028.32983
535.50000,4019.75928
536.00000,4010.81470
536.50000,4003.38940
537.00000,3998.63062
537.50000,3996.38696
538.00000,3995.70313
538.50000,3995.95532
539.00000,3996.52197
539.50000,3997.19312
540.00000,3997.80322
540.50000,3998.01074
541.00000,3997.08276
541.50000,3994.56909
542.00000,3991.03369
542.50000,3987.82715
543.00000,3986.58179
543.50000,3988.31226
544.00000,3992.98975
544.50000,3998.33325
545.00000,4001.54395
545.50000,4000.33276
546.00000,3995.41162
546.50000,3989.22852
547.00000,3985.25610
547.50000,3985.62866
548.00000,3990.66675
548.50000,3997.42529
549.00000,4002.52002
549.50000,4003.37671
550.00000,4000.18970
550.50000,3995.34644
551.00000,3991.98486
551.50000,3991.43237
552.00000,3992.96265
552.50000,3993.98706
553.00000,3991.90625
553.50000,3986.15186
554.00000,3978.42798
554.50000,3972.45630
555.00000,3970.51563
555.50000,3973.01782
556.00000,3978.10791
556.50000,3982.69458
557.00000,3984.31079
557.50000,3982.69775
558.00000,3979.23682
558.50000,3976.08423
559.00000,3974.69189
559.50000,3974.96973
560.00000,3975.91113
560.50000,3976.71558
561.00000,3977.56836
561.50000,3979.39453
562.00000,3982.94556
562.50000,3988.30396
563.00000,3993.61963
563.50000,3996.32495
564.00000,3994.74170
564.50000,3989.61304
565.00000,3982.58911
565.50000,3976.45752
566.00000,3973.01660
566.50000,3973.27197
567.00000,3975.83423
567.50000,3979.43408
568.00000,3982.78784
568.50000,3985.46655
569.00000,3987.15576
569.50000,3987.49121
570.00000,3985.66309
570.50000,3980.56396
571.00000,3972.81470
571.50000,3963.69653
572.00000,3955.88062
572.50000,3951.79565
573.00000,3952.99854
573.50000,3957.33252
574.00000,3962.19409
574.50000,3964.46313
575.00000,3962.93188
575.50000,3957.41992
576.00000,3949.83203
576.50000,3942.40186
577.00000,3937.18286
577.50000,3934.28882
578.00000,3933.13208
578.50000,3933.03833
579.00000,3933.55420
579.50000,3935.06592
580.00000,3938.09644
580.50000,3942.83618
581.00000,3949.16748
581.50000,3955.56372
582.00000,3960.07568
582.50000,3960.81543
583.00000,3957.75073
583.50000,3951.38354
584.00000,3944.15918
584.50000,3938.56934
585.00000,3937.43750
585.50000,3940.58838
586.00000,3947.05762
586.50000,3954.07959
587.00000,3958.93994
587.50000,3960.16724
588.00000,3958.78809
588.50000,3956.56104
589.00000,3955.29858
589.50000,3955.45825
590.00000,3956.52344
590.50000,3957.34058
591.00000,3957.44702
591.50000,3957.85742
592.00000,3960.36523
592.50000,3965.89038
593.00000,3973.93237
593.50000,3981.53296
594.00000,3985.35474
594.50000,3983.14844
595.00000,3975.78223
595.50000,3965.59961
596.00000,3957.00732
596.50000,3952.83496
597.00000,3953.73071
597.50000,3957.00146
598.00000,3960.24512
598.50000,3961.72095
599.00000,3961.48950
599.50000,3960.51489
600.00000,3960.06714
600.50000,3960.39404
601.00000,3960.57202
601.50000,3959.44336
602.00000,3956.67627
602.50000,3953.42358
603.00000,3951.34546
603.50000,3952.29443
604.00000,3955.92358
604.50000,3960.90967
605.00000,3964.63110
605.50000,3964.94629
606.00000,3959.94238
606.50000,3950.81128
607.00000,3939.92749
607.50000,3930.16895
608.00000,3923.61792
608.50000,3921.56323
609.00000,3924.13770
609.50000,3929.55908
610.00000,3936.32764
610.50000,3942.79077
611.00000,3948.18628
611.50000,3952.35522
612.00000,3955.73584
612.50000,3958.02368
613.00000,3958.19458
613.50000,3955.35840
614.00000,3948.21753
614.50000,3937.52393
615.00000,3925.12158
615.50000,3914.11719
616.00000,3907.29028
616.50000,3906.35596
617.00000,3910.75464
617.50000,3917.89136
618.00000,3925.13599
618.50000,3930.11230
619.00000,3931.69604
619.50000,3929.31958
620.00000,3924.51611
620.50000,3918.47729
621.00000,3912.71655
621.50000,3908.21533
622.00000,3905.60815
622.50000,3904.48340
623.00000,3904.21509
623.50000,3903.91162
624.00000,3902.78711
624.50000,3900.27271
625.00000,3896.35474
625.50000,3891.52710
626.00000,3886.40796
626.50000,3881.87061
627.00000,3878.65820
627.50000,3877.70923
628.00000,3879.19092
628.50000,3883.50391
629.00000,3890.07568
629.50000,3897.66455
630.00000,3904.50195
630.50000,3908.93286
631.00000,3909.60181
631.50000,3905.59546
632.00000,3898.51782
632.50000,3889.90747
633.00000,3881.91992
633.50000,3876.05859
634.00000,3873.78369
634.50000,3874.39551
635.00000,3877.10352
635.50000,3880.52539
636.00000,3883.32446
636.50000,3884.60864
637.00000,3884.48828
637.50000,3883.66577
638.00000,3882.82886
638.50000,3882.40698
639.00000,3882.44116
639.50000,3882.62305
640.00000,3882.50415
640.50000,3881.55078
641.00000,3879.47949
641.50000,3876.18262
642.00000,3871.57983
642.50000,3866.61157
643.00000,3862.56470
643.50000,3861.14697
644.00000,3863.23560
644.50000,3869.64575
645.00000,3878.88672
645.50000,3888.87695
646.00000,3896.82959
646.50000,3901.19629
647.00000,3901.03247
647.50000,3897.02222
648.00000,3891.27100
648.50000,3885.47363
649.00000,3880.96143
649.50000,3878.48682
650.00000,3878.71411
650.50000,3881.01978
651.00000,3884.63599
651.50000,3887.79395
652.00000,3888.67578
652.50000,3885.18335
653.00000,3877.97607
653.50000,3869.40210
654.00000,3863.32227
654.50000,3862.24365
655.00000,3867.52368
655.50000,3877.03027
656.00000,3886.84351
656.50000,3892.21191
657.00000,3891.25122
657.50000,3883.90137
658.00000,3872.31787
658.50000,3860.63672
659.00000,3852.05103
659.50000,3847.74146
660.00000,3847.18433
660.50000,3849.81958
661.00000,3853.72754
661.50000,3857.61011
662.00000,3860.02344
662.50000,3860.17065
663.00000,3857.32764
663.50000,3852.28027
664.00000,3846.71411
664.50000,3843.24902
665.00000,3842.97192
665.50000,3846.02075
666.00000,3850.91968
666.50000,3855.36963
667.00000,3857.55273
667.50000,3857.47314
668.00000,3856.46191
668.50000,3856.68164
669.00000,3859.20117
669.50000,3863.71045
670.00000,3867.72046
670.50000,3868.57056
671.00000,3864.14648
671.50000,3855.78857
672.00000,3846.43457
672.50000,3840.57227
673.00000,3840.69580
673.50000,3847.95654
674.00000,3860.05737
674.50000,3872.40210
675.00000,3879.74707
675.50000,3879.54175
676.00000,3872.32690
676.50000,3861.13086
677.00000,3850.77832
677.50000,3844.75684
678.00000,3844.24951
678.50000,3847.61353
679.00000,3852.49438
679.50000,3856.10059
680.00000,3857.15088
680.50000,3855.64600
681.00000,3853.29761
681.50000,3851.63208
682.00000,3851.30688
682.50000,3851.83813
683.00000,3852.31714
683.50000,3852.03345
684.00000,3850.94263
684.50000,3849.72290
685.00000,3849.34424
685.50000,3850.64038
686.00000,3853.48022
686.50000,3856.91333
687.00000,3859.35059
687.50000,3859.62354
688.00000,3857.35107
688.50000,3853.19116
689.00000,3848.75952
689.50000,3845.56519
690.00000,3844.38892
690.50000,3845.05688
691.00000,3847.04980
691.50000,3849.16895
692.00000,3850.72437
692.50000,3851.38892
693.00000,3851.37817
693.50000,3850.90967
694.00000,3850.37866
694.50000,3850.12939
695.00000,3850.69263
695.50000,3852.17993
696.00000,3854.47217
696.50000,3856.79712
697.00000,3858.15186
697.50000,3857.53979
698.00000,3855.27246
698.50000,3852.52026
699.00000,3851.25757
699.50000,3852.56299
700.00000,3856.35864
700.50000,3860.80396
701.00000,3863.88794
701.50000,3864.12500
702.00000,3862.24512
702.50000,3859.81812
703.00000,3858.79004
703.50000,3859.73169
704.00000,3862.20776
704.50000,3864.71240
705.00000,3866.07495
705.50000,3865.88159
706.00000,3865.21655
706.50000,3865.20459
707.00000,3866.43506
707.50000,3868.29272
708.00000,3869.89453
708.50000,3870.53516
709.00000,3870.23584
709.50000,3869.32520
710.00000,3868.30615
710.50000,3867.14697
711.00000,3865.30249
711.50000,3862.38159
712.00000,3858.27490
712.50000,3853.84009
713.00000,3850.22998
713.50000,3848.71045
714.00000,3849.22266
714.50000,3851.41968
715.00000,3854.50439
715.50000,3857.55640
716.00000,3860.03052
716.50000,3861.83276
717.00000,3863.14624
717.50000,3864.11841
718.00000,3864.88843
718.50000,3865.28540
719.00000,3864.86890
719.50000,3863.40869
720.00000,3860.65454
720.50000,3857.07349
721.00000,3853.49243
721.50000,3851.26636
722.00000,3851.14355
722.50000,3853.64746
723.00000,3858.32886
723.50000,3863.65381
724.00000,3867.71313
724.50000,3869.01685
725.00000,3867.03076
725.50000,3861.95044
726.00000,3856.34424
726.50000,3852.58838
727.00000,3852.64697
727.50000,3856.44897
728.00000,3862.92871
728.50000,3869.03003
729.00000,3872.03394
729.50000,3869.42261
730.00000,3862.18481
730.50000,3851.92285
731.00000,3841.68921
731.50000,3833.86108
732.00000,3830.25391
732.50000,3829.97705
733.00000,3831.73877
733.50000,3834.43896
734.00000,3837.29395
734.50000,3840.21240
735.00000,3843.29175
735.50000,3846.54199
736.00000,3849.84644
736.50000,3853.02271
737.00000,3855.96045
737.50000,3858.57739
738.00000,3860.87817
738.50000,3862.79395
739.00000,3864.46680
739.50000,3866.28833
740.00000,3868.86987
740.50000,3872.23389
741.00000,3875.81934
741.50000,3878.20386
742.00000,3878.21216
742.50000,3874.92456
743.00000,3869.31396
743.50000,3863.32397
744.00000,3859.47632
744.50000,3858.59204
745.00000,3860.32178
745.50000,3862.76074
746.00000,3863.68652
746.50000,3861.71460
747.00000,3857.53223
747.50000,3852.44824
748.00000,3847.56128
748.50000,3843.07471
749.00000,3838.53369
749.50000,3833.41895
750.00000,3827.92407
750.50000,3822.94629
751.00000,3819.44556
751.50000,3817.74243
752.00000,3817.56396
752.50000,3817.66968
753.00000,3817.38306
753.50000,3816.87036
754.00000,3816.95215
754.50000,3818.40234
755.00000,3820.81665
755.50000,3823.16675
756.00000,3824.12891
756.50000,3823.60132
757.00000,3822.35522
757.50000,3822.03857
758.00000,3823.73364
758.50000,3827.81396
759.00000,3832.74316
759.50000,3836.81201
760.00000,3838.46167
760.50000,3837.98853
761.00000,3836.38647
761.50000,3835.15601
762.00000,3835.01196
762.50000,3836.12646
763.00000,3837.86572
763.50000,3839.85229
764.00000,3841.97925
764.50000,3844.23438
765.00000,3846.37891
765.50000,3847.72388
766.00000,3847.49048
766.50000,3844.52441
767.00000,3839.14966
767.50000,3831.95142
768.00000,3824.21533
768.50000,3817.54004
769.00000,3813.55859
769.50000,3813.16821
770.00000,3816.46069
770.50000,3823.60620
771.00000,3832.52637
771.50000,3841.21753
772.00000,3847.21045
772.50000,3849.40649
773.00000,3847.11621
773.50000,3841.77271
774.00000,3835.19238
774.50000,3829.04590
775.00000,3824.15283
775.50000,3820.82471
776.00000,3819.27393
776.50000,3819.67993
777.00000,3823.06250
777.50000,3829.52637
778.00000,3838.46606
778.50000,3848.60303
779.00000,3857.92896
779.50000,3864.99341
780.00000,3869.25928
780.50000,3871.44067
781.00000,3872.00928
781.50000,3871.52783
782.00000,3869.95264
782.50000,3866.99634
783.00000,3863.36475
783.50000,3860.38940
784.00000,3859.88403
784.50000,3862.37012
785.00000,3867.18457
785.50000,3871.66528
786.00000,3873.43262
786.50000,3870.82153
787.00000,3865.45044
787.50000,3859.81421
788.00000,3856.81616
788.50000,3857.35889
789.00000,3860.71631
789.50000,3863.72217
790.00000,3863.80176
790.50000,3859.63354
791.00000,3853.29883
791.50000,3847.89526
792.00000,3846.53418
792.50000,3849.98608
793.00000,3857.48340
793.50000,3865.81323
794.00000,3872.78467
794.50000,3877.15332
795.00000,3879.62817
795.50000,3881.14648
796.00000,3882.74463
796.50000,3884.77515
797.00000,3887.18042
797.50000,3889.63794
798.00000,3891.97974
798.50000,3894.01221
799.00000,3895.43652
799.50000,3895.49780
800.00000,3893.68213
800.50000,3890.00391
801.00000,3884.99878
801.50000,3880.40186
802.00000,3877.76953
802.50000,3878.28906
803.00000,3881.63062
803.50000,3887.16577
804.00000,3893.16968
804.50000,3898.21851
805.00000,3901.05981
805.50000,3902.10645
806.00000,3902.24414
806.50000,3903.06812
807.00000,3905.66406
807.50000,3910.46118
808.00000,3916.07275
808.50000,3920.62598
809.00000,3921.93408
809.50000,3920.01563
810.00000,3915.86914
810.50000,3911.67603
811.00000,3908.92505
811.50000,3908.12988
812.00000,3908.18359
812.50000,3908.06519
813.00000,3907.47144
813.50000,3907.30103
814.00000,3908.98975
814.50000,3913.31104
815.00000,3919.53906
815.50000,3926.12769
816.00000,3931.28125
816.50000,3934.17310
817.00000,3934.92871
817.50000,3934.82935
818.00000,3934.56323
818.50000,3934.17236
819.00000,3933.31836
819.50000,3932.06055
820.00000,3931.49683
820.50000,3933.12769
821.00000,3938.23584
821.50000,3945.89063
822.00000,3954.23438
822.50000,3960.56299
823.00000,3963.35132
823.50000,3961.81689
824.00000,3958.23315
824.50000,3954.68994
825.00000,3953.04272
825.50000,3953.36914
826.00000,3954.82690
826.50000,3955.79614
827.00000,3955.33423
827.50000,3953.16309
828.00000,3950.55664
828.50000,3948.82446
829.00000,3948.99072
829.50000,3950.89868
830.00000,3954.12354
830.50000,3957.77002
831.00000,3961.42017
831.50000,3965.24683
832.00000,3969.65112
832.50000,3974.81177
833.00000,3980.03223
833.50000,3983.88403
834.00000,3984.16821
834.50000,3980.20605
835.00000,3972.70654
835.50000,3963.94873
836.00000,3957.47119
836.50000,3956.36890
837.00000,3961.74121
837.50000,3971.56445
838.00000,3982.88232
838.50000,3992.05151
839.00000,3997.41626
839.50000,3998.88232
840.00000,3998.88721
840.50000,3999.43335
841.00000,4001.70361
841.50000,4005.29663
842.00000,4009.01514
842.50000,4011.58594
843.00000,4012.54102
843.50000,4012.23779
844.00000,4011.91113
844.50000,4012.72144
845.00000,4015.43408
845.50000,4020.20020
846.00000,4027.49023
846.50000,4036.79126
847.00000,4047.65820
847.50000,4059.01978
848.00000,4069.31055
848.50000,4076.83252
849.00000,4081.23975
849.50000,4083.76953
850.00000,4086.59717
850.50000,4091.68726
851.00000,4099.68799
851.50000,4109.26709
852.00000,4117.56299
852.50000,4121.57910
853.00000,4120.65186
853.50000,4116.47021
854.00000,4112.35254
854.50000,4111.74072
855.00000,4116.73291
855.50000,4127.20947
856.00000,4140.23486
856.50000,4152.68848
857.00000,4161.95459
857.50000,4167.06543
858.00000,4167.51709
858.50000,4165.27930
859.00000,4161.71777
859.50000,4158.52734
860.00000,4156.96191
860.50000,4158.15283
861.00000,4161.92090
861.50000,4167.54395
862.00000,4174.00391
862.50000,4180.21289
863.00000,4185.96094
863.50000,4191.94434
864.00000,4199.11816
864.50000,4208.32178
865.00000,4218.82178
865.50000,4229.15869
866.00000,4237.30664
866.50000,4242.75732
867.00000,4246.02979
867.50000,4249.32568
868.00000,4254.86426
868.50000,4264.57178
869.00000,4277.48486
869.50000,4291.69482
870.00000,4304.47119
870.50000,4314.26074
871.00000,4320.45703
871.50000,4324.26953
872.00000,4327.43896
872.50000,4331.08057
873.00000,4335.26758
873.50000,4339.44824
874.00000,4342.84033
874.50000,4345.24609
875.00000,4346.72119
875.50000,4347.61914
876.00000,4348.06104
876.50000,4347.63574
877.00000,4346.19678
877.50000,4343.90186
878.00000,4341.69189
878.50000,4340.75928
879.00000,4342.02344
879.50000,4344.67236
880.00000,4346.62891
880.50000,4344.29492
881.00000,4336.46338
881.50000,4323.17432
882.00000,4307.31201
882.50000,4293.27881
883.00000,4285.08594
883.50000,4283.07129
884.00000,4284.59766
884.50000,4285.21729
885.00000,4281.71436
885.50000,4273.18848
886.00000,4261.84668
886.50000,4251.42188
887.00000,4245.01855
887.50000,4242.49561
888.00000,4241.63525
888.50000,4238.95947
889.00000,4232.62646
889.50000,4222.58496
890.00000,4211.35059
890.50000,4202.15576
891.00000,4198.09033
891.50000,4199.12354
892.00000,4203.77686
892.50000,4209.53369
893.00000,4213.59912
893.50000,4213.86719
894.00000,4209.38232
894.50000,4200.64209
895.00000,4187.85449
895.50000,4173.07275
896.00000,4158.33691
896.50000,4146.41650
897.00000,4138.91260
897.50000,4137.22266
898.00000,4140.57861
898.50000,4147.02832
899.00000,4155.12305
899.50000,4163.51758
900.00000,4171.91797
900.50000,4180.18555
901.00000,4187.68799
901.50000,4192.64258
902.00000,4193.19141
902.50000,4188.72168
903.00000,4179.18506
903.50000,4167.87549
904.00000,4157.73096
904.50000,4151.26123
905.00000,4148.30469
905.50000,4147.93652
906.00000,4148.43799
906.50000,4149.24316
907.00000,4151.50195
907.50000,4156.39258
908.00000,4164.60986
908.50000,4175.05273
909.00000,4184.94336
909.50000,4191.24512
910.00000,4192.86572
910.50000,4190.71045
911.00000,4186.67920
911.50000,4183.45068
912.00000,4182.42383
912.50000,4183.59229
913.00000,4185.68848
913.50000,4187.47217
914.00000,4188.13574
914.50000,4187.59180
915.00000,4186.27197
915.50000,4185.33350
916.00000,4186.09082
916.50000,4189.70361
917.00000,4196.16504
917.50000,4205.04395
918.00000,4214.34229
918.50000,4222.13379
919.00000,4226.43750
919.50000,4227.41504
920.00000,4225.58740
920.50000,4222.53418
921.00000,4219.78516
921.50000,4218.47803
922.00000,4218.69727
922.50000,4220.15820
923.00000,4222.36230
923.50000,4224.61572
924.00000,4226.49658
924.50000,4227.91064
925.00000,4229.16504
925.50000,4230.96875
926.00000,4234.01367
926.50000,4238.92920
927.00000,4246.22852
927.50000,4255.38721
928.00000,4265.87109
928.50000,4276.38330
929.00000,4285.47852
929.50000,4291.07471
930.00000,4292.81445
930.50000,4290.90918
931.00000,4287.06982
931.50000,4284.20850
932.00000,4285.22656
932.50000,4291.24365
933.00000,4301.39844
933.50000,4314.15088
934.00000,4326.76221
934.50000,4337.73242
935.00000,4346.52881
935.50000,4353.91309
936.00000,4360.62744
936.50000,4367.56982
937.00000,4375.43848
937.50000,4385.38184
938.00000,4397.68311
938.50000,4412.53662
939.00000,4429.08691
939.50000,4445.67871
940.00000,4460.97070
940.50000,4475.15625
941.00000,4489.81689
941.50000,4507.90674
942.00000,4530.52197
942.50000,4557.73193
943.00000,4587.33057
943.50000,4616.40967
944.00000,4643.01465
944.50000,4667.79150
945.00000,4692.80176
945.50000,4721.07568
946.00000,4753.64893
946.50000,4790.74609
947.00000,4830.66064
947.50000,4870.82764
948.00000,4908.22656
948.50000,4940.68262
949.00000,4966.45166
949.50000,4983.82813
950.00000,4995.02002
950.50000,5002.16895
951.00000,5008.92920
951.50000,5017.85791
952.00000,5030.14648
952.50000,5044.10303
953.00000,5057.84766
953.50000,5070.04102
954.00000,5081.26172
954.50000,5092.80469
955.00000,5105.47168
955.50000,5118.45313
956.00000,5129.29590
956.50000,5136.43848
957.00000,5139.73682
957.50000,5141.27539
958.00000,5144.34424
958.50000,5151.42529
959.00000,5162.21143
959.50000,5174.47656
960.00000,5185.22754
960.50000,5192.76074
961.00000,5196.10303
961.50000,5194.44385
962.00000,5187.56885
962.50000,5173.34180
963.00000,5151.68701
963.50000,5124.26270
964.00000,5093.81348
964.50000,5064.54590
965.00000,5038.59619
965.50000,5015.66357
966.00000,4993.26807
966.50000,4969.20410
967.00000,4943.30420
967.50000,4917.06543
968.00000,4892.67725
968.50000,4870.45313
969.00000,4849.42676
969.50000,4827.85791
970.00000,4805.31250
970.50000,4783.41406
971.00000,4764.89551
971.50000,4751.74902
972.00000,4745.18750
972.50000,4742.70313
973.00000,4742.59277
973.50000,4743.53760
974.00000,4745.17285
974.50000,4747.55908
975.00000,4749.87158
975.50000,4750.72900
976.00000,4748.51807
976.50000,4743.84668
977.00000,4738.61182
977.50000,4736.18750
978.00000,4739.03857
978.50000,4749.64160
979.00000,4766.27148
979.50000,4786.79639
980.00000,4808.25098
980.50000,4827.77686
981.00000,4843.18652
981.50000,4853.96533
982.00000,4861.22656
982.50000,4866.59961
983.00000,4872.82031
983.50000,4881.95313
984.00000,4895.52441
984.50000,4912.87891
985.00000,4933.50977
985.50000,4956.10254
986.00000,4979.76416
986.50000,5004.46143
987.00000,5030.29834
987.50000,5057.87061
988.00000,5087.92871
988.50000,5120.53711
989.00000,5156.18945
989.50000,5194.55664
990.00000,5235.20898
990.50000,5278.46240
991.00000,5324.13623
991.50000,5373.28516
992.00000,5427.56445
992.50000,5487.69629
993.00000,5555.52295
993.50000,5630.24756
994.00000,5710.22900
994.50000,5793.74951
995.00000,5878.17920
995.50000,5963.06543
996.00000,6050.01465
996.50000,6141.46143
997.00000,6240.59570
997.50000,6346.12207
998.00000,6453.98877
998.50000,6557.11182
999.00000,6650.86768
999.50000,6732.91113
1000.00000,6806.25488
1000.50000,6876.75586
1001.00000,6948.11084
1001.50000,7019.71387
1002.00000,7087.21973
1002.50000,7143.26416
1003.00000,7185.59814
1003.50000,7211.78027
1004.00000,7222.64209
1004.50000,7220.00146
1005.00000,7200.18359
1005.50000,7164.29980
1006.00000,7113.06689
1006.50000,7049.04004
1007.00000,6979.07324
1007.50000,6905.84912
1008.00000,6828.95215
1008.50000,6745.67773
1009.00000,6651.59717
1009.50000,6549.24316
1010.00000,6443.38965
1010.50000,6341.24609
1011.00000,6246.75439
1011.50000,6161.07471
1012.00000,6080.95654
1012.50000,6003.26221
1013.00000,5927.86182
1013.50000,5856.17041
1014.00000,5790.48242
1014.50000,5731.64502
1015.00000,5676.92871
1015.50000,5623.84570
1016.00000,5570.63037
1016.50000,5517.78223
1017.00000,5467.96533
1017.50000,5422.70361
1018.00000,5383.11279
1018.50000,5349.21094
1019.00000,5319.90869
1019.50000,5296.31592
1020.00000,5278.95996
1020.50000,5267.90381
1021.00000,5262.55469
1021.50000,5258.33740
1022.00000,5250.54834
1022.50000,5234.79492
1023.00000,5210.70654
1023.50000,5179.26904
1024.00000,5145.50586
1024.50000,5113.66309
1025.00000,5087.18115
1025.50000,5065.35303
1026.00000,5046.90479
1026.50000,5030.01953
1027.00000,5014.02100
1027.50000,5000.07910
1028.00000,4989.05859
1028.50000,4980.76855
1029.00000,4973.28906
1029.50000,4963.65771
1030.00000,4949.63525
1030.50000,4931.56348
1031.00000,4912.23096
1031.50000,4895.43311
1032.00000,4883.36963
1032.50000,4876.48145
1033.00000,4873.75781
1033.50000,4872.38184
1034.00000,4870.36230
1034.50000,4866.27441
1035.00000,4859.71484
1035.50000,4850.43604
1036.00000,4839.97852
1036.50000,4830.36133
1037.00000,4824.41699
1037.50000,4823.13428
1038.00000,4826.47412
1038.50000,4831.57080
1039.00000,4835.26758
1039.50000,4835.02295
1040.00000,4832.06152
1040.50000,4828.78564
1041.00000,4827.95557
1041.50000,4829.73779
1042.00000,4832.18652
1042.50000,4832.12256
1043.00000,4828.16064
1043.50000,4820.96680
1044.00000,4814.41406
1044.50000,4811.48828
1045.00000,4812.86182
1045.50000,4815.53027
1046.00000,4815.42188
1046.50000,4810.48096
1047.00000,4802.11279
1047.50000,4794.85840
1048.00000,4793.27881
1048.50000,4799.99072
1049.00000,4813.47412
1049.50000,4828.43262
1050.00000,4839.03906
1050.50000,4842.06885
1051.00000,4837.31885
1051.50000,4826.05371
1052.00000,4812.68604
1052.50000,4800.20801
1053.00000,4790.90234
1053.50000,4785.28271
1054.00000,4783.85010
1054.50000,4785.48242
1055.00000,4789.32813
1055.50000,4794.80078
1056.00000,4800.98047
1056.50000,4807.16211
1057.00000,4812.23779
1057.50000,4815.16992
1058.00000,4814.67285
1058.50000,4811.63770
1059.00000,4808.05615
1059.50000,4807.38574
1060.00000,4811.63867
1060.50000,4821.54785
1061.00000,4834.37256
1061.50000,4846.03369
1062.00000,4852.22607
1062.50000,4852.68896
1063.00000,4849.08984
1063.50000,4844.81445
1064.00000,4842.73633
1064.50000,4843.93311
1065.00000,4846.97559
1065.50000,4849.65479
1066.00000,4849.75000
1066.50000,4847.08203
1067.00000,4842.22314
1067.50000,4836.67969
1068.00000,4832.26465
1068.50000,4830.83447
1069.00000,4833.17041
1069.50000,4838.86377
1070.00000,4846.92871
1070.50000,4854.81299
1071.00000,4860.59473
1071.50000,4863.16260
1072.00000,4863.30713
1072.50000,4861.99463
1073.00000,4860.38574
1073.50000,4858.83008
1074.00000,4857.27051
1074.50000,4855.95850
1075.00000,4855.89697
1075.50000,4858.45605
1076.00000,4863.74512
1076.50000,4870.82471
1077.00000,4877.02539
1077.50000,4880.15332
1078.00000,4878.82422
1078.50000,4875.17822
1079.00000,4871.84131
1079.50000,4871.41650
1080.00000,4874.31689
1080.50000,4879.87451
1081.00000,4886.16553
1081.50000,4892.40234
1082.00000,4899.17773
1082.50000,4907.52832
1083.00000,4918.07617
1083.50000,4929.77637
1084.00000,4940.55811
1084.50000,4948.08203
1085.00000,4952.29688
1085.50000,4954.44727
1086.00000,4956.66455
1086.50000,4960.30469
1087.00000,4965.13721
1087.50000,4969.33594
1088.00000,4971.29785
1088.50000,4970.23486
1089.00000,4968.09180
1089.50000,4967.23242
1090.00000,4969.75098
1090.50000,4974.96826
1091.00000,4980.89990
1091.50000,4984.85596
1092.00000,4985.90088
1092.50000,4985.00732
1093.00000,4985.48730
1093.50000,4990.15674
1094.00000,5000.23096
1094.50000,5013.12695
1095.00000,5025.18945
1095.50000,5033.02588
1096.00000,5035.93408
1096.50000,5035.13086
1097.00000,5034.86621
1097.50000,5038.49707
1098.00000,5047.88184
1098.50000,5061.31201
1099.00000,5076.26660
1099.50000,5089.66406
1100.00000,5100.18262
1100.50000,5107.84912
1101.00000,5115.02344
1101.50000,5123.62061
1102.00000,5134.56201
1102.50000,5146.70752
1103.00000,5157.77197
1103.50000,5165.62256
1104.00000,5169.60742
1104.50000,5170.51074
1105.00000,5171.61182
1105.50000,5175.97559
1106.00000,5185.50391
1106.50000,5199.17578
1107.00000,5214.90625
1107.50000,5229.56689
1108.00000,5241.61963
1108.50000,5251.25195
1109.00000,5260.93115
1109.50000,5272.82764
1110.00000,5287.35742
1110.50000,5302.45166
1111.00000,5314.50928
1111.50000,5321.69531
1112.00000,5324.77148
1112.50000,5327.65576
1113.00000,5335.17041
1113.50000,5350.73926
1114.00000,5373.09668
1114.50000,5397.45215
1115.00000,5418.30273
1115.50000,5433.74316
1116.00000,5445.31934
1116.50000,5457.35889
1117.00000,5473.32422
1117.50000,5494.19678
1118.00000,5517.31348
1118.50000,5539.63135
1119.00000,5559.63037
1119.50000,5578.83496
1120.00000,5599.10107
1120.50000,5621.17480
1121.00000,5643.51025
1121.50000,5664.08838
1122.00000,5682.64209
1122.50000,5701.07227
1123.00000,5722.68408
1123.50000,5748.14941
1124.00000,5776.17529
1124.50000,5803.86621
1125.00000,5829.97559
1125.50000,5856.59082
1126.00000,5888.10059
1126.50000,5927.34766
1127.00000,5975.23096
1127.50000,6025.78955
1128.00000,6073.58838
1128.50000,6114.82031
1129.00000,6150.67578
1129.50000,6183.70605
1130.00000,6216.87451
1130.50000,6250.78711
1131.00000,6284.80127
1131.50000,6319.07422
1132.00000,6355.95166
1132.50000,6398.82520
1133.00000,6448.19238
1133.50000,6501.97510
1134.00000,6554.07666
1134.50000,6599.84277
1135.00000,6637.35059
1135.50000,6671.97705
1136.00000,6710.39355
1136.50000,6758.24902
1137.00000,6815.54834
1137.50000,6880.07471
1138.00000,6946.11133
1138.50000,7010.66943
1139.00000,7073.80176
1139.50000,7138.70166
1140.00000,7210.01318
1140.50000,7291.69629
1141.00000,7385.10156
1141.50000,7493.57520
1142.00000,7614.54248
1142.50000,7746.45166
1143.00000,7887.92871
1143.50000,8035.93506
1144.00000,8191.52588
1144.50000,8356.97461
1145.00000,8534.67969
1145.50000,8730.37109
1146.00000,8942.26074
1146.50000,9170.30371
1147.00000,9415.56445
1147.50000,9677.16699
1148.00000,9961.21387
1148.50000,10270.32227
1149.00000,10602.94336
1149.50000,10958.06055
1150.00000,11322.89453
1150.50000,11688.04590
1151.00000,12044.28809
1151.50000,12387.36035
1152.00000,12710.37305
1152.50000,13008.13965
1153.00000,13274.19434
1153.50000,13489.92969
1154.00000,13656.16895
1154.50000,13765.34961
1155.00000,13813.93262
1155.50000,13809.57422
1156.00000,13742.70898
1156.50000,13615.68457
1157.00000,13430.23828
1157.50000,13180.47559
1158.00000,12886.87988
1158.50000,12558.38477
1159.00000,12205.55469
1159.50000,11836.78809
1160.00000,11451.43457
1160.50000,11053.18652
1161.00000,10648.71777
1161.50000,10251.26660
1162.00000,9873.15820
1162.50000,9525.98730
1163.00000,9212.42676
1163.50000,8924.58301
1164.00000,8658.54297
1164.50000,8406.92285
1165.00000,8169.82080
1165.50000,7953.83496
1166.00000,7759.82178
1166.50000,7591.23730
1167.00000,7445.07275
1167.50000,7314.63574
1168.00000,7197.68799
1168.50000,7090.11133
1169.00000,6991.80566
1169.50000,6904.36572
1170.00000,6826.09277
1170.50000,6756.89844
1171.00000,6694.89648
1171.50000,6638.08301
1172.00000,6586.02246
1172.50000,6536.84033
1173.00000,6489.62793
1173.50000,6444.21045
1174.00000,6401.35010
1174.50000,6364.03418
1175.00000,6334.65381
1175.50000,6313.33643
1176.00000,6299.07178
1176.50000,6286.35400
1177.00000,6271.29443
1177.50000,6252.43652
1178.00000,6232.52637
1178.50000,6216.22998
1179.00000,6207.15576
1179.50000,6205.91992
1180.00000,6212.39160
1180.50000,6222.69189
1181.00000,6235.20020
1181.50000,6249.14453
1182.00000,6264.19824
1182.50000,6280.21143
1183.00000,6296.48828
1183.50000,6312.59570
1184.00000,6328.90967
1184.50000,6346.54492
1185.00000,6367.03613
1185.50000,6391.46191
1186.00000,6419.34717
1186.50000,6450.11133
1187.00000,6481.80225
1187.50000,6512.54492
1188.00000,6539.89160
1188.50000,6562.91992
1189.00000,6580.63818
1189.50000,6593.32324
1190.00000,6602.25684
1190.50000,6607.39600
1191.00000,6609.08594
1191.50000,6607.10840
1192.00000,6601.30469
1192.50000,6593.17188
1193.00000,6583.20898
1193.50000,6570.81152
1194.00000,6554.28760
1194.50000,6530.23730
1195.00000,6499.19092
1195.50000,6463.53516
1196.00000,6427.78857
1196.50000,6395.44531
1197.00000,6366.79883
1197.50000,6337.88818
1198.00000,6304.17773
1198.50000,6261.90918
1199.00000,6214.31543
1199.50000,6166.58301
1200.00000,6125.10449
1200.50000,6091.62305
1201.00000,6065.29297
1201.50000,6041.32813
1202.00000,6015.72168
1202.50000,5986.36133
1203.00000,5955.28076
1203.50000,5925.38330
1204.00000,5899.74512
1204.50000,5878.78613
1205.00000,5862.12744
1205.50000,5847.93164
1206.00000,5835.06934
1206.50000,5823.98438
1207.00000,5815.31445
1207.50000,5810.09033
1208.00000,5808.41699
1208.50000,5808.67188
1209.00000,5809.10889
1209.50000,5808.24951
1210.00000,5805.78320
1210.50000,5801.97021
1211.00000,5797.59766
1211.50000,5792.54248
1212.00000,5785.97754
1212.50000,5777.20508
1213.00000,5765.29395
1213.50000,5750.50635
1214.00000,5733.10742
1214.50000,5712.84570
1215.00000,5690.49756
1215.50000,5666.79736
1216.00000,5643.35400
1216.50000,5621.51221
1217.00000,5601.68555
1217.50000,5582.12500
1218.00000,5560.55420
1218.50000,5534.66455
1219.00000,5505.18848
1219.50000,5473.76172
1220.00000,5443.04785
1220.50000,5414.62109
1221.00000,5389.27295
1221.50000,5366.05420
1222.00000,5344.40723
1222.50000,5324.31885
1223.00000,5305.59424
1223.50000,5288.20752
1224.00000,5271.71240
1224.50000,5255.85400
1225.00000,5241.43408
1225.50000,5229.49414
1226.00000,5221.25830
1226.50000,5217.38916
1227.00000,5216.25635
1227.50000,5216.01123
1228.00000,5214.45020
1228.50000,5210.56689
1229.00000,5203.89600
1229.50000,5195.79639
1230.00000,5187.50488
1230.50000,5180.37744
1231.00000,5175.00977
1231.50000,5171.89404
1232.00000,5170.85400
1232.50000,5171.69873
1233.00000,5174.88818
1233.50000,5179.84131
1234.00000,5185.77832
1234.50000,5190.83350
1235.00000,5193.24219
1235.50000,5191.63037
1236.00000,5187.31055
1236.50000,5182.83398
1237.00000,5181.34033
1237.50000,5183.18457
1238.00000,5186.88281
1238.50000,5189.20264
1239.00000,5188.51416
1239.50000,5185.60596
1240.00000,5184.21338
1240.50000,5187.64209
1241.00000,5197.96973
1241.50000,5211.78320
1242.00000,5224.86768
1242.50000,5233.18652
1243.00000,5236.44189
1243.50000,5236.69336
1244.00000,5238.20557
1244.50000,5243.36719
1245.00000,5251.96875
1245.50000,5260.08008
1246.00000,5263.36182
1246.50000,5259.48584
1247.00000,5250.30420
1247.50000,5239.85840
1248.00000,5233.49805
1248.50000,5234.35547
1249.00000,5243.24365
1249.50000,5256.46240
1250.00000,5270.94629
1250.50000,5284.10498
1251.00000,5295.38428
1251.50000,5305.29395
1252.00000,5315.14746
1252.50000,5325.52051
1253.00000,5336.21582
1253.50000,5346.46924
1254.00000,5355.57227
1254.50000,5363.67676
1255.00000,5371.81836
1255.50000,5381.99316
1256.00000,5395.31982
1256.50000,5412.13770
1257.00000,5431.15039
1257.50000,5449.53906
1258.00000,5464.57959
1258.50000,5475.61572
1259.00000,5483.92188
1259.50000,5491.49072
1260.00000,5500.09277
1260.50000,5509.85059
1261.00000,5519.39355
1261.50000,5527.14795
1262.00000,5531.97949
1262.50000,5534.55713
1263.00000,5536.14551
1263.50000,5537.79590
1264.00000,5539.64111
1264.50000,5540.83008
1265.00000,5539.94434
1265.50000,5536.32471
1266.00000,5529.63379
1266.50000,5521.40674
1267.00000,5513.66602
1267.50000,5508.90625
1268.00000,5507.74072
1268.50000,5510.26123
1269.00000,5515.26660
1269.50000,5521.05713
1270.00000,5526.37256
1270.50000,5530.41699
1271.00000,5532.70557
1271.50000,5532.82275
1272.00000,5531.86377
1272.50000,5531.91162
1273.00000,5536.01514
1273.50000,5545.66162
1274.00000,5560.92090
1274.50000,5577.28223
1275.00000,5589.92383
1275.50000,5594.52686
1276.00000,5593.10791
1276.50000,5589.37109
1277.00000,5587.87451
1277.50000,5590.13672
1278.00000,5595.23340
1278.50000,5600.06152
1279.00000,5603.02051
1279.50000,5604.29492
1280.00000,5605.52002
1280.50000,5607.62695
1281.00000,5610.24023
1281.50000,5612.49365
1282.00000,5614.01514
1282.50000,5615.54053
1283.00000,5617.65332
1283.50000,5619.81738
1284.00000,5620.40186
1284.50000,5617.71631
1285.00000,5612.26563
1285.50000,5606.16748
1286.00000,5602.35205
1286.50000,5601.68164
1287.00000,5603.37012
1287.50000,5604.62012
1288.00000,5602.44580
1288.50000,5593.66113
1289.00000,5577.60840
1289.50000,5555.30078
1290.00000,5528.42432
1290.50000,5501.40674
1291.00000,5477.78857
1291.50000,5459.78516
1292.00000,5445.96924
1292.50000,5433.36279
1293.00000,5418.69434
1293.50000,5401.17529
1294.00000,5382.45898
1294.50000,5365.81543
1295.00000,5353.50439
1295.50000,5345.21436
1296.00000,5338.04834
1296.50000,5328.70117
1297.00000,5315.79736
1297.50000,5300.24854
1298.00000,5284.90674
1298.50000,5272.72314
1299.00000,5265.45313
1299.50000,5262.04150
1300.00000,5259.16016
1300.50000,5253.04492
1301.00000,5242.68896
1301.50000,5229.59717
1302.00000,5217.67529
1302.50000,5210.32910
1303.00000,5209.37549
1303.50000,5213.01367
1304.00000,5217.73193
1304.50000,5220.62500
1305.00000,5221.34473
1305.50000,5221.00098
1306.00000,5220.90918
1306.50000,5221.09033
1307.00000,5220.49512
1307.50000,5218.56494
1308.00000,5216.41943
1308.50000,5216.40771
1309.00000,5219.12451
1309.50000,5222.99463
1310.00000,5223.92480
1310.50000,5218.97021
1311.00000,5206.83057
1311.50000,5190.87744
1312.00000,5175.77100
1312.50000,5166.38037
1313.00000,5163.18750
1313.50000,5165.77930
1314.00000,5173.07129
1314.50000,5183.66650
1315.00000,5197.13330
1315.50000,5210.91455
1316.00000,5221.31055
1316.50000,5222.52979
1317.00000,5214.43311
1317.50000,5198.99854
1318.00000,5182.38232
1318.50000,5170.49658
1319.00000,5166.65869
1319.50000,5167.87061
1320.00000,5169.34033
1320.50000,5166.76563
1321.00000,5160.94092
1321.50000,5155.21191
1322.00000,5153.60742
1322.50000,5155.99902
1323.00000,5158.96680
1323.50000,5157.81055
1324.00000,5150.58447
1324.50000,5138.64209
1325.00000,5127.41943
1325.50000,5121.51563
1326.00000,5122.59277
1326.50000,5128.14600
1327.00000,5134.57178
1327.50000,5138.43945
1328.00000,5138.53857
1328.50000,5135.12402
1329.00000,5130.26855
1329.50000,5125.22119
1330.00000,5120.61230
1330.50000,5116.51318
1331.00000,5113.24170
1331.50000,5111.29590
1332.00000,5111.56201
1332.50000,5114.95947
1333.00000,5120.60498
1333.50000,5126.80420
1334.00000,5130.87646
1334.50000,5131.24316
1335.00000,5127.44922
1335.50000,5122.58691
1336.00000,5119.93311
1336.50000,5121.81055
1337.00000,5126.85449
1337.50000,5132.29883
1338.00000,5134.98047
1338.50000,5133.93750
1339.00000,5129.86377
1339.50000,5125.83008
1340.00000,5123.99902
1340.50000,5125.24756
1341.00000,5128.16455
1341.50000,5130.69043
1342.00000,5130.76904
1342.50000,5127.66748
1343.00000,5121.99561
1343.50000,5116.88770
1344.00000,5115.74463
1344.50000,5121.33887
1345.00000,5132.59082
1345.50000,5146.48535
1346.00000,5157.75732
1346.50000,5163.07129
1347.00000,5161.16846
1347.50000,5156.68896
1348.00000,5154.51758
1348.50000,5158.84766
1349.00000,5169.64258
1349.50000,5185.07617
1350.00000,5201.39014
1350.50000,5216.32471
1351.00000,5228.46289
1351.50000,5238.03174
1352.00000,5244.57129
1352.50000,5247.49561
1353.00000,5246.64014
1353.50000,5241.20166
1354.00000,5232.41113
1354.50000,5221.92725
1355.00000,5212.56641
1355.50000,5206.94287
1356.00000,5206.90576
1356.50000,5211.49902
1357.00000,5217.25586
1357.50000,5219.47705
1358.00000,5215.85107
1358.50000,5206.92334
1359.00000,5196.44531
1359.50000,5189.28174
1360.00000,5188.47705
1360.50000,5192.60547
1361.00000,5197.38916
1361.50000,5197.59033
1362.00000,5192.25928
1362.50000,5182.85352
1363.00000,5172.78027
1363.50000,5165.15283
1364.00000,5162.06885
1364.50000,5163.84912
1365.00000,5169.99951
1365.50000,5180.53906
1366.00000,5192.80420
1366.50000,5203.35352
1367.00000,5207.23438
1367.50000,5202.38721
1368.00000,5189.14404
1368.50000,5173.29297
1369.00000,5160.80322
1369.50000,5157.29883
1370.00000,5160.97900
1370.50000,5168.27686
1371.00000,5173.78174
1371.50000,5174.61816
1372.00000,5170.36963
1372.50000,5164.10449
1373.00000,5158.62207
1373.50000,5155.71436
1374.00000,5154.25195
1374.50000,5152.79639
1375.00000,5150.18018
1375.50000,5146.57080
1376.00000,5143.07031
1376.50000,5141.13574
1377.00000,5141.58398
1377.50000,5144.47461
1378.00000,5147.88818
1378.50000,5149.63184
1379.00000,5147.93848
1379.50000,5143.32080
1380.00000,5138.09570
1380.50000,5135.57227
1381.00000,5137.90283
1381.50000,5146.08496
1382.00000,5157.69678
1382.50000,5170.87646
1383.00000,5184.08105
1383.50000,5196.94824
1384.00000,5209.57324
1384.50000,5221.80957
1385.00000,5232.90430
1385.50000,5241.81787
1386.00000,5248.58643
1386.50000,5253.12061
1387.00000,5255.64160
1387.50000,5256.35352
1388.00000,5255.29932
1388.50000,5253.93408
1389.00000,5254.20410
1389.50000,5258.28369
1390.00000,5265.81250
1390.50000,5274.74121
1391.00000,5280.97607
1391.50000,5281.89648
1392.00000,5275.83496
1392.50000,5265.99805
1393.00000,5255.51123
1393.50000,5247.40234
1394.00000,5242.23047
1394.50000,5239.16357
1395.00000,5236.07227
1395.50000,5231.71289
1396.00000,5226.25537
1396.50000,5221.91504
1397.00000,5220.98486
1397.50000,5224.41553
1398.00000,5229.87939
1398.50000,5233.03076
1399.00000,5229.52930
1399.50000,5217.82080
1400.00000,5198.96338
1400.50000,5179.94727
1401.00000,5167.59033
1401.50000,5166.96777
1402.00000,5176.02979
1402.50000,5189.19922
1403.00000,5198.43604
1403.50000,5199.04688
1404.00000,5189.63916
1404.50000,5176.76904
1405.00000,5167.35840
1405.50000,5166.82910
1406.00000,5174.26660
1406.50000,5185.13916
1407.00000,5192.05469
1407.50000,5191.36719
1408.00000,5183.82080
1408.50000,5175.25000
1409.00000,5170.01318
1409.50000,5169.09424
1410.00000,5169.84912
1410.50000,5169.21387
1411.00000,5166.79785
1411.50000,5164.73486
1412.00000,5166.08105
1412.50000,5170.51074
1413.00000,5175.05811
1413.50000,5176.30225
1414.00000,5173.98145
1414.50000,5170.70801
1415.00000,5170.25684
1415.50000,5173.92871
1416.00000,5179.79492
1416.50000,5184.10498
1417.00000,5184.75830
1417.50000,5183.24170
1418.00000,5182.41260
1418.50000,5183.50000
1419.00000,5184.04395
1419.50000,5180.72900
1420.00000,5171.91797
1420.50000,5161.05615
1421.00000,5154.18750
1421.50000,5156.34375
1422.00000,5168.00732
1422.50000,5186.92139
1423.00000,5205.91162
1423.50000,5220.69043
1424.00000,5229.81689
1424.50000,5235.35400
1425.00000,5238.98438
1425.50000,5241.88867
1426.00000,5244.02783
1426.50000,5245.09668
1427.00000,5246.11133
1427.50000,5248.90723
1428.00000,5255.27051
1428.50000,5264.42920
1429.00000,5274.25684
1429.50000,5281.83350
1430.00000,5285.81641
1430.50000,5286.52246
1431.00000,5286.80713
1431.50000,5288.78516
1432.00000,5293.12451
1432.50000,5298.85938
1433.00000,5305.70654
1433.50000,5314.74121
1434.00000,5328.02051
1434.50000,5347.31738
1435.00000,5369.72461
1435.50000,5390.59131
1436.00000,5404.77246
1436.50000,5411.12744
1437.00000,5411.04736
1437.50000,5410.15479
1438.00000,5412.05273
1438.50000,5417.38574
1439.00000,5423.61670
1439.50000,5429.08301
1440.00000,5434.41357
1440.50000,5441.88721
1441.00000,5454.19971
1441.50000,5470.13574
1442.00000,5486.88428
1442.50000,5500.93115
1443.00000,5512.06885
1443.50000,5522.54883
1444.00000,5535.28955
1444.50000,5550.58984
1445.00000,5565.45508
1445.50000,5575.43213
1446.00000,5577.45410
1446.50000,5571.63281
1447.00000,5562.81592
1447.50000,5555.75391
1448.00000,5552.73096
1448.50000,5552.75635
1449.00000,5553.60449
1449.50000,5553.19287
1450.00000,5550.99170
1450.50000,5547.45996
1451.00000,5543.28467
1451.50000,5538.30908
1452.00000,5532.20557
1452.50000,5525.04541
1453.00000,5517.45166
1453.50000,5510.49902
1454.00000,5505.13037
1454.50000,5501.96777
1455.00000,5500.65576
1455.50000,5500.35059
1456.00000,5499.03467
1456.50000,5494.67090
1457.00000,5485.45410
1457.50000,5473.75049
1458.00000,5463.03271
1458.50000,5457.48682
1459.00000,5458.43262
1459.50000,5465.79150
1460.00000,5475.95850
1460.50000,5486.06592
1461.00000,5493.82227
1461.50000,5498.29590
1462.00000,5497.94141
1462.50000,5491.85254
1463.00000,5481.52783
1463.50000,5470.78564
1464.00000,5465.21484
1464.50000,5468.48877
1465.00000,5481.17090
1465.50000,5497.30029
1466.00000,5511.00195
1466.50000,5519.23877
1467.00000,5523.35107
1467.50000,5525.46582
1468.00000,5527.24463
1468.50000,5528.34082
1469.00000,5528.21094
1469.50000,5528.14600
1470.00000,5530.86377
1470.50000,5538.10205
1471.00000,5548.39355
1471.50000,5558.93066
1472.00000,5568.04102
1472.50000,5576.90771
1473.00000,5588.59570
1473.50000,5603.89453
1474.00000,5620.42139
1474.50000,5632.93213
1475.00000,5638.25195
1475.50000,5637.19629
1476.00000,5636.62988
1476.50000,5642.02002
1477.00000,5655.53369
1477.50000,5673.20947
1478.00000,5689.92041
1478.50000,5702.13037
1479.00000,5710.23682
1479.50000,5717.09570
1480.00000,5725.75684
1480.50000,5736.55469
1481.00000,5747.67480
1481.50000,5757.24512
1482.00000,5764.85742
1482.50000,5772.61523
1483.00000,5783.22510
1483.50000,5800.09521
1484.00000,5823.14893
1484.50000,5852.02197
1485.00000,5885.27930
1485.50000,5920.42871
1486.00000,5954.53906
1486.50000,5984.57129
1487.00000,6008.80664
1487.50000,6027.44482
1488.00000,6045.50732
1488.50000,6068.38672
1489.00000,6098.80811
1489.50000,6134.45947
1490.00000,6171.27783
1490.50000,6205.99219
1491.00000,6239.51758
1491.50000,6276.67480
1492.00000,6321.00586
1492.50000,6373.53076
1493.00000,6430.38574
1493.50000,6488.39355
1494.00000,6548.58301
1494.50000,6613.88916
1495.00000,6686.04541
1495.50000,6762.32959
1496.00000,6835.65918
1496.50000,6900.37744
1497.00000,6959.98682
1497.50000,7024.56836
1498.00000,7109.11133
1498.50000,7217.37061
1499.00000,7348.79443
1499.50000,7497.43750
1500.00000,7652.96680
1500.50000,7810.56689
1501.00000,7968.47119
1501.50000,8127.71777
1502.00000,8291.82617
1502.50000,8463.56445
1503.00000,8646.96484
1503.50000,8845.22852
1504.00000,9055.61621
1504.50000,9275.29883
1505.00000,9498.09180
1505.50000,9720.04688
1506.00000,9939.99902
1506.50000,10159.43555
1507.00000,10379.80859
1507.50000,10602.09668
1508.00000,10826.17383
1508.50000,11051.61914
1509.00000,11276.25000
1509.50000,11496.06152
1510.00000,11702.21289
1510.50000,11889.29199
1511.00000,12048.75879
1511.50000,12174.99805
1512.00000,12270.41211
1512.50000,12331.42285
1513.00000,12364.09766
1513.50000,12373.94336
1514.00000,12364.02246
1514.50000,12341.70898
1515.00000,12307.65332
1515.50000,12260.33691
1516.00000,12197.33105
1516.50000,12109.79199
1517.00000,11995.67090
1517.50000,11854.95801
1518.00000,11689.92188
1518.50000,11511.76758
1519.00000,11327.51367
1519.50000,11143.26172
1520.00000,10960.75293
1520.50000,10778.41797
1521.00000,10593.20508
1521.50000,10402.71973
1522.00000,10204.44824
1522.50000,9997.63867
1523.00000,9779.29102
1523.50000,9549.91309
1524.00000,9314.61719
1524.50000,9083.26465
1525.00000,8866.33496
1525.50000,8669.61914
1526.00000,8491.30957
1526.50000,8320.22266
1527.00000,8147.43262
1527.50000,7968.81982
1528.00000,7787.26221
1528.50000,7610.37793
1529.00000,7443.86523
1529.50000,7289.85156
1530.00000,7146.92432
1530.50000,7010.84717
1531.00000,6881.02930
1531.50000,6757.79980
1532.00000,6642.56445
1532.50000,6539.19043
1533.00000,6445.81201
1533.50000,6360.28857
1534.00000,6278.78857
1534.50000,6197.86816
1535.00000,6117.33398
1535.50000,6040.07764
1536.00000,5970.01270
1536.50000,5912.15186
1537.00000,5863.94092
1537.50000,5821.62256
1538.00000,5781.02588
1538.50000,5740.48584
1539.00000,5701.86572
1539.50000,5667.78125
1540.00000,5639.41211
1540.50000,5616.25049
1541.00000,5594.33252
1541.50000,5571.25439
1542.00000,5546.47754
1542.50000,5521.38281
1543.00000,5498.27441
1543.50000,5478.61914
1544.00000,5462.90918
1544.50000,5450.71484
1545.00000,5439.11084
1545.50000,5425.51318
1546.00000,5408.26318
1546.50000,5388.06299
1547.00000,5367.09766
1547.50000,5348.21729
1548.00000,5332.72852
1548.50000,5319.82227
1549.00000,5307.33740
1549.50000,5295.20752
1550.00000,5285.66504
1550.50000,5281.13379
1551.00000,5283.19580
1551.50000,5287.44824
1552.00000,5287.74805
1552.50000,5278.92139
1553.00000,5263.20850
1553.50000,5246.22900
1554.00000,5235.13037
1554.50000,5232.23535
1555.00000,5235.16016
1555.50000,5235.32471
1556.00000,5226.59814
1556.50000,5208.25977
1557.00000,5186.68945
1557.50000,5169.31348
1558.00000,5160.71338
1558.50000,5160.28320
1559.00000,5164.97705
1559.50000,5169.09717
1560.00000,5170.23779
1560.50000,5168.40381
1561.00000,5165.15137
1561.50000,5161.08594
1562.00000,5156.06055
1562.50000,5149.74365
1563.00000,5142.70264
1563.50000,5137.18750
1564.00000,5135.54150
1564.50000,5138.62695
1565.00000,5144.21143
1565.50000,5148.52393
1566.00000,5148.18506
1566.50000,5142.27930
1567.00000,5133.24414
1567.50000,5125.70703
1568.00000,5122.52979
1568.50000,5123.45459
1569.00000,5125.43750
1569.50000,5125.39307
1570.00000,5122.91992
1570.50000,5120.23975
1571.00000,5120.63867
1571.50000,5124.56104
1572.00000,5130.56982
1572.50000,5135.68799
1573.00000,5138.39941
1573.50000,5139.22559
1574.00000,5140.93896
1574.50000,5145.17822
1575.00000,5151.68018
1575.50000,5157.97266
1576.00000,5161.67969
1576.50000,5162.05469
1577.00000,5160.30225
1577.50000,5158.12744
1578.00000,5156.41699
1578.50000,5154.41553
1579.00000,5150.29053
1579.50000,5143.29199
1580.00000,5133.76709
1580.50000,5124.31689
1581.00000,5117.68115
1581.50000,5115.76074
1582.00000,5116.38037
1582.50000,5116.43457
1583.00000,5112.51367
1583.50000,5104.50488
1584.00000,5094.72070
1584.50000,5087.56348
1585.00000,5084.79590
1585.50000,5085.19678
1586.00000,5083.77832
1586.50000,5076.45215
1587.00000,5062.07764
1587.50000,5044.70410
1588.00000,5029.97559
1588.50000,5021.22656
1589.00000,5017.99707
1589.50000,5017.91016
1590.00000,5017.13867
1590.50000,5013.63477
1591.00000,5006.63818
1591.50000,4996.99219
1592.00000,4985.72607
1592.50000,4975.19873
1593.00000,4968.17773
1593.50000,4967.99268
1594.00000,4973.15967
1594.50000,4979.71338
1595.00000,4980.99170
1595.50000,4974.07275
1596.00000,4959.09619
1596.50000,4942.12012
1597.00000,4928.43848
1597.50000,4921.65918
1598.00000,4919.85693
1598.50000,4920.57080
1599.00000,4921.87598
1599.50000,4923.09863
1600.00000,4923.17871
1600.50000,4920.38184
1601.00000,4913.05273
1601.50000,4901.48877
1602.00000,4890.26709
1602.50000,4883.70166
1603.00000,4882.95850
1603.50000,4885.07129
1604.00000,4885.47021
1604.50000,4881.79102
1605.00000,4875.21387
1605.50000,4868.77441
1606.00000,4863.67090
1606.50000,4858.70361
1607.00000,4852.20557
1607.50000,4844.82715
1608.00000,4840.63916
1608.50000,4842.10889
1609.00000,4848.50635
1609.50000,4855.20703
1610.00000,4857.37549
1610.50000,4852.57324
1611.00000,4843.44580
1611.50000,4833.93018
1612.00000,4826.28027
1612.50000,4819.50244
1613.00000,4812.60693
1613.50000,4806.33496
1614.00000,4802.83594
1614.50000,4804.58887
1615.00000,4809.93799
1615.50000,4815.41162
1616.00000,4817.44092
1616.50000,4815.91797
1617.00000,4811.93066
1617.50000,4806.86475
1618.00000,4800.85986
1618.50000,4793.20459
1619.00000,4785.01025
1619.50000,4778.98535
1620.00000,4779.02051
1620.50000,4784.47070
1621.00000,4791.90039
1621.50000,4794.81934
1622.00000,4790.00928
1622.50000,4776.73291
1623.00000,4759.82568
1623.50000,4743.88965
1624.00000,4733.01367
1624.50000,4727.58887
1625.00000,4727.07666
1625.50000,4729.65137
1626.00000,4732.76367
1626.50000,4733.34180
1627.00000,4729.77637
1627.50000,4722.49854
1628.00000,4715.20117
1628.50000,4711.65918
1629.00000,4713.39111
1629.50000,4717.57617
1630.00000,4719.89014
1630.50000,4717.29688
1631.00000,4713.07861
1631.50000,4712.72363
1632.00000,4720.55371
1632.50000,4733.63770
1633.00000,4745.38867
1633.50000,4748.33447
1634.00000,4740.59814
1634.50000,4725.61914
1635.00000,4711.45361
1635.50000,4702.60645
1636.00000,4699.73242
1636.50000,4699.05176
1637.00000,4697.34717
1637.50000,4694.06201
1638.00000,4690.82422
1638.50000,4689.60791
1639.00000,4690.14600
1639.50000,4691.08350
1640.00000,4690.43945
1640.50000,4687.55566
1641.00000,4682.66406
1641.50000,4676.97949
1642.00000,4671.72949
1642.50000,4668.70410
1643.00000,4668.92725
1643.50000,4673.13525
1644.00000,4679.92480
1644.50000,4686.26025
1645.00000,4688.65820
1645.50000,4686.01660
1646.00000,4679.76611
1646.50000,4673.63330
1647.00000,4670.86230
1647.50000,4672.02441
1648.00000,4674.29590
1648.50000,4673.64063
1649.00000,4666.28857
1649.50000,4653.10400
1650.00000,4637.76904
1650.50000,4624.93213
1651.00000,4616.80518
1651.50000,4613.97314
1652.00000,4614.89551
1652.50000,4617.59912
1653.00000,4621.14990
1653.50000,4624.72607
1654.00000,4627.22607
1654.50000,4626.71436
1655.00000,4622.80078
1655.50000,4616.36084
1656.00000,4610.80127
1656.50000,4608.51221
1657.00000,4609.92871
1657.50000,4611.58398
1658.00000,4610.01904
1658.50000,4603.66553
1659.00000,4596.51025
1659.50000,4593.97754
1660.00000,4598.69043
1660.50000,4607.99023
1661.00000,4615.08350
1661.50000,4613.38330
1662.00000,4601.12207
1662.50000,4582.76563
1663.00000,4566.44141
1663.50000,4559.00586
1664.00000,4561.78760
1664.50000,4571.31152
1665.00000,4581.52295
1665.50000,4587.38330
1666.00000,4586.75977
1666.50000,4580.15186
1667.00000,4570.91699
1667.50000,4562.43555
1668.00000,4557.40479
1668.50000,4556.50244
1669.00000,4559.73047
1669.50000,4564.54980
1670.00000,4569.05615
1670.50000,4571.80713
1671.00000,4573.14844
1671.50000,4573.88525
1672.00000,4574.46191
1672.50000,4574.08691
1673.00000,4570.37598
1673.50000,4562.37646
1674.00000,4550.80078
1674.50000,4538.96387
1675.00000,4530.37988
1675.50000,4528.01318
1676.00000,4530.96533
1676.50000,4537.02246
1677.00000,4543.74121
1677.50000,4549.76318
1678.00000,4554.50488
1678.50000,4557.28418
1679.00000,4557.51123
1679.50000,4554.83789
1680.00000,4551.58984
1680.50000,4550.08545
1681.00000,4551.51611
1681.50000,4553.50342
1682.00000,4552.05518
1682.50000,4544.88525
1683.00000,4534.72656
1683.50000,4526.81689
1684.00000,4524.61328
1684.50000,4527.53711
1685.00000,4530.66455
1685.50000,4529.14355
1686.00000,4522.39600
1686.50000,4514.78760
1687.00000,4510.78711
1687.50000,4512.58643
1688.00000,4515.97607
1688.50000,4515.99658
1689.00000,4509.93164
1689.50000,4500.53906
1690.00000,4492.22168
1690.50000,4488.70264
1691.00000,4489.91406
1691.50000,4492.83643
1692.00000,4493.57520
1692.50000,4490.37256
1693.00000,4484.10596
1693.50000,4478.32031
1694.00000,4476.93164
1694.50000,4480.89258
1695.00000,4488.34570
1695.50000,4495.40332
1696.00000,4498.31592
1696.50000,4494.95117
1697.00000,4487.12793
1697.50000,4478.61670
1698.00000,4472.13184
1698.50000,4468.04980
1699.00000,4465.23730
1699.50000,4462.62988
1700.00000,4460.50830
1700.50000,4460.33203
1701.00000,4463.34180
1701.50000,4469.04541
1702.00000,4476.20703
1702.50000,4482.52197
1703.00000,4486.24951
1703.50000,4485.10596
1704.00000,4478.75830
1704.50000,4466.86572
1705.00000,4451.85547
1705.50000,4438.33984
1706.00000,4431.07471
1706.50000,4430.63086
1707.00000,4434.83740
1707.50000,4439.33252
1708.00000,4440.63721
1708.50000,4438.51611
1709.00000,4435.25244
1709.50000,4432.87598
1710.00000,4431.83447
1710.50000,4430.87500
1711.00000,4429.58301
1711.50000,4429.33496
1712.00000,4431.56934
1712.50000,4436.40137
1713.00000,4440.84473
1713.50000,4441.40918
1714.00000,4436.29590
1714.50000,4429.07227
1715.00000,4424.17969
1715.50000,4425.46631
1716.00000,4431.58545
1716.50000,4438.59912
1717.00000,4442.67041
1717.50000,4443.23145
1718.00000,4441.81396
1718.50000,4441.07471
1719.00000,4441.33008
1719.50000,4440.72656
1720.00000,4437.74023
1720.50000,4432.18701
1721.00000,4426.10791
1721.50000,4421.32666
1722.00000,4417.85938
1722.50000,4413.59961
1723.00000,4407.00537
1723.50000,4398.77930
1724.00000,4392.44775
1724.50000,4392.31641
1725.00000,4398.45068
1725.50000,4407.59570
1726.00000,4414.00732
1726.50000,4413.97705
1727.00000,4407.30469
1727.50000,4398.99854
1728.00000,4394.44922
1728.50000,4397.42676
1729.00000,4405.94629
1729.50000,4415.39111
1730.00000,4419.91846
1730.50000,4417.93213
1731.00000,4409.64941
1731.50000,4398.06348
1732.00000,4386.96826
1732.50000,4379.70117
1733.00000,4376.99805
1733.50000,4378.49414
1734.00000,4383.02148
1734.50000,4388.00244
1735.00000,4391.37988
1735.50000,4392.11865
1736.00000,4390.41992
1736.50000,4386.40674
1737.00000,4381.12158
1737.50000,4375.72803
1738.00000,4372.32568
1738.50000,4372.32275
1739.00000,4376.40723
1739.50000,4382.26709
1740.00000,4385.68604
