280.00000,5143.29248
280.50000,5150.80713
281.00000,5156.57666
281.50000,5161.90820
282.00000,5168.18066
282.50000,5175.65576
283.00000,5183.04492
283.50000,5188.56787
284.00000,5191.26123
284.50000,5191.94092
285.00000,5192.13867
285.50000,5193.84521
286.00000,5197.98438
286.50000,5204.24414
287.00000,5211.20703
287.50000,5217.42871
288.00000,5221.64209
288.50000,5223.55957
289.00000,5223.36963
289.50000,5221.76465
290.00000,5219.90430
290.50000,5218.58105
291.00000,5218.52734
291.50000,5219.97412
292.00000,5223.20361
292.50000,5227.32178
293.00000,5231.35205
293.50000,5234.13623
294.00000,5235.15381
294.50000,5233.98145
295.00000,5230.87842
295.50000,5226.91406
296.00000,5222.99414
296.50000,5219.66797
297.00000,5217.08301
297.50000,5215.18164
298.00000,5213.69971
298.50000,5212.92188
299.00000,5213.61279
299.50000,5216.49854
300.00000,5222.69385
300.50000,5231.60547
301.00000,5241.94482
301.50000,5250.71484
302.00000,5255.70117
302.50000,5255.10352
303.00000,5249.33154
303.50000,5240.52930
304.00000,5231.73145
304.50000,5226.21973
305.00000,5225.24512
305.50000,5228.81494
306.00000,5234.85596
306.50000,5241.66357
307.00000,5247.60791
307.50000,5252.24121
308.00000,5255.96387
308.50000,5259.55127
309.00000,5263.23438
309.50000,5266.73047
310.00000,5269.43750
310.50000,5270.50488
311.00000,5270.20508
311.50000,5269.26953
312.00000,5268.67432
312.50000,5269.06006
313.00000,5270.57715
313.50000,5272.45605
314.00000,5273.38867
314.50000,5272.31445
315.00000,5269.39844
315.50000,5265.64551
316.00000,5263.03418
316.50000,5263.58301
317.00000,5268.49902
317.50000,5277.04834
318.00000,5286.95361
318.50000,5295.54443
319.00000,5300.64502
319.50000,5301.16064
320.00000,5297.50439
320.50000,5292.79541
321.00000,5289.24854
321.50000,5288.51611
322.00000,5290.63770
322.50000,5295.16846
323.00000,5300.41650
323.50000,5305.43945
324.00000,5310.26709
324.50000,5315.49561
325.00000,5321.73535
325.50000,5328.93262
326.00000,5335.93750
326.50000,5340.64453
327.00000,5342.05615
327.50000,5339.89648
328.00000,5334.74219
328.50000,5328.70361
329.00000,5323.80469
329.50000,5321.17773
330.00000,5320.32764
330.50000,5320.40771
331.00000,5320.23730
331.50000,5319.33643
332.00000,5318.03613
332.50000,5317.44238
333.00000,5318.46533
333.50000,5321.02539
334.00000,5324.33301
334.50000,5327.26123
335.00000,5329.01563
335.50000,5329.47363
336.00000,5329.66016
336.50000,5330.70801
337.00000,5333.49854
337.50000,5337.95996
338.00000,5343.39697
338.50000,5348.71484
339.00000,5352.96826
339.50000,5355.81396
340.00000,5357.31592
340.50000,5358.04150
341.00000,5358.54590
341.50000,5359.63135
342.00000,5362.13086
342.50000,5366.99707
343.00000,5373.88672
343.50000,5382.32715
344.00000,5391.06934
344.50000,5398.74463
345.00000,5403.96045
345.50000,5407.25879
346.00000,5409.86133
346.50000,5413.07129
347.00000,5417.28516
347.50000,5421.89355
348.00000,5424.99609
348.50000,5424.81104
349.00000,5420.43066
349.50000,5413.52441
350.00000,5406.23975
350.50000,5401.28760
351.00000,5399.92725
351.50000,5403.08643
352.00000,5409.49756
352.50000,5417.66553
353.00000,5426.95557
353.50000,5436.68408
354.00000,5446.32861
354.50000,5454.73535
355.00000,5460.58643
355.50000,5462.68701
356.00000,5461.19678
356.50000,5457.52441
357.00000,5453.46436
357.50000,5450.87012
358.00000,5450.72900
358.50000,5452.38574
359.00000,5454.16260
359.50000,5454.83936
360.00000,5454.01611
360.50000,5452.16260
361.00000,5450.13623
361.50000,5448.83398
362.00000,5448.53516
362.50000,5449.30469
363.00000,5450.99561
363.50000,5453.80078
364.00000,5457.58057
364.50000,5461.70215
365.00000,5464.36230
365.50000,5464.20850
366.00000,5460.22217
366.50000,5452.65381
367.00000,5443.68750
367.50000,5436.18262
368.00000,5432.94043
368.50000,5434.36963
369.00000,5439.76904
369.50000,5446.10303
370.00000,5450.96777
370.50000,5452.42822
371.00000,5450.38916
371.50000,5445.51367
372.00000,5440.00244
372.50000,5435.35303
373.00000,5433.06348
373.50000,5433.38086
374.00000,5436.64844
374.50000,5442.51465
375.00000,5449.53760
375.50000,5455.98438
376.00000,5460.33936
376.50000,5461.66455
377.00000,5459.40088
377.50000,5455.05713
378.00000,5450.44141
378.50000,5447.56494
379.00000,5446.91016
379.50000,5448.11182
380.00000,5449.27930
380.50000,5448.50293
381.00000,5443.72510
381.50000,5435.24707
382.00000,5424.59619
382.50000,5414.36084
383.00000,5406.64600
383.50000,5403.65820
384.00000,5405.07764
384.50000,5410.28955
385.00000,5417.87402
385.50000,5425.88232
386.00000,5433.33398
386.50000,5439.61133
387.00000,5444.45068
387.50000,5447.22217
388.00000,5448.03516
388.50000,5447.25781
389.00000,5446.07422
389.50000,5445.86523
390.00000,5447.86084
390.50000,5452.02051
391.00000,5457.12744
391.50000,5460.51855
392.00000,5460.41309
392.50000,5456.52979
393.00000,5450.46729
393.50000,5445.15820
394.00000,5443.56494
394.50000,5446.63184
395.00000,5453.16992
395.50000,5460.00488
396.00000,5464.54297
396.50000,5465.90625
397.00000,5465.17285
397.50000,5464.70703
398.00000,5466.75781
398.50000,5471.49854
399.00000,5476.90967
399.50000,5480.05469
400.00000,5479.67822
400.50000,5475.56836
401.00000,5469.40674
401.50000,5463.69580
402.00000,5460.97559
402.50000,5461.13428
403.00000,5463.25342
403.50000,5466.25391
404.00000,5469.15918
404.50000,5471.67188
405.00000,5473.77783
405.50000,5475.28662
406.00000,5475.33008
406.50000,5473.43066
407.00000,5469.51025
407.50000,5464.21143
408.00000,5459.23926
408.50000,5456.53760
409.00000,5457.70996
409.50000,5462.36719
410.00000,5469.92529
410.50000,5478.44287
411.00000,5486.37988
411.50000,5492.14648
412.00000,5495.23682
412.50000,5495.02979
413.00000,5492.66650
413.50000,5489.59863
414.00000,5487.43994
414.50000,5487.15137
415.00000,5489.05273
415.50000,5492.56055
416.00000,5496.08057
416.50000,5498.39551
417.00000,5499.61035
417.50000,5500.78320
418.00000,5503.74609
418.50000,5509.36377
419.00000,5517.91357
419.50000,5528.44287
420.00000,5538.98584
420.50000,5548.41455
421.00000,5556.78223
421.50000,5564.76172
422.00000,5573.07471
422.50000,5581.66699
423.00000,5589.45020
423.50000,5594.60791
424.00000,5596.65381
424.50000,5595.55566
425.00000,5593.03271
425.50000,5590.83545
426.00000,5590.63965
426.50000,5592.46729
427.00000,5595.49170
427.50000,5598.25781
428.00000,5600.02148
428.50000,5600.59570
429.00000,5600.63281
429.50000,5600.73145
430.00000,5601.16357
430.50000,5601.46484
431.00000,5600.90283
431.50000,5599.10498
432.00000,5596.41309
432.50000,5593.52197
433.00000,5591.32129
433.50000,5590.30566
434.00000,5590.49219
434.50000,5590.88477
435.00000,5590.75244
435.50000,5589.86914
436.00000,5588.64746
436.50000,5587.87646
437.00000,5588.07764
437.50000,5589.15771
438.00000,5589.87695
438.50000,5588.87549
439.00000,5585.10693
439.50000,5579.05859
440.00000,5572.48340
440.50000,5568.32861
441.00000,5568.86182
441.50000,5575.49756
442.00000,5587.15967
442.50000,5600.39307
443.00000,5611.73975
443.50000,5618.31299
444.00000,5619.11133
444.50000,5613.36230
445.00000,5604.12500
445.50000,5594.35059
446.00000,5586.98730
446.50000,5583.28320
447.00000,5583.95850
447.50000,5587.49463
448.00000,5591.59619
448.50000,5592.86523
449.00000,5589.36084
449.50000,5580.81006
450.00000,5568.95215
450.50000,5557.18750
451.00000,5549.19824
451.50000,5546.86133
452.00000,5549.93457
452.50000,5556.52783
453.00000,5562.08008
453.50000,5563.83301
454.00000,5560.93604
454.50000,5555.15918
455.00000,5548.92041
455.50000,5544.71973
456.00000,5543.60010
456.50000,5544.94580
457.00000,5546.18604
457.50000,5545.53857
458.00000,5542.26563
458.50000,5537.15625
459.00000,5531.53857
459.50000,5527.08691
460.00000,5525.07666
460.50000,5526.16064
461.00000,5529.56494
461.50000,5534.78809
462.00000,5540.57422
462.50000,5545.34619
463.00000,5546.63525
463.50000,5542.98340
464.00000,5533.55273
464.50000,5519.58496
465.00000,5504.70703
465.50000,5492.54639
466.00000,5485.91553
466.50000,5485.23926
467.00000,5490.25635
467.50000,5497.47412
468.00000,5504.27686
468.50000,5509.31885
469.00000,5513.14990
469.50000,5516.58350
470.00000,5520.14795
470.50000,5523.43652
471.00000,5524.91357
471.50000,5523.67969
472.00000,5519.96680
472.50000,5515.45752
473.00000,5512.08154
473.50000,5511.09277
474.00000,5511.89404
474.50000,5512.84521
475.00000,5511.67822
475.50000,5507.98291
476.00000,5503.02441
476.50000,5499.07471
477.00000,5497.41504
477.50000,5498.12256
478.00000,5499.17871
478.50000,5498.39258
479.00000,5493.83008
479.50000,5487.14453
480.00000,5481.45654
480.50000,5479.88916
481.00000,5482.99072
481.50000,5489.79004
482.00000,5496.56543
482.50000,5500.01709
483.00000,5497.31592
483.50000,5490.47607
484.00000,5482.82031
484.50000,5477.89600
485.00000,5477.24414
485.50000,5481.43945
486.00000,5488.25391
486.50000,5495.58545
487.00000,5501.56445
487.50000,5505.88281
488.00000,5508.82715
488.50000,5510.78223
489.00000,5511.83350
489.50000,5511.35596
490.00000,5509.06982
490.50000,5504.72412
491.00000,5498.16260
491.50000,5490.15332
492.00000,5481.19775
492.50000,5472.02197
493.00000,5463.45313
493.50000,5456.87012
494.00000,5453.01074
494.50000,5452.47705
495.00000,5455.22803
495.50000,5459.33496
496.00000,5462.90527
496.50000,5464.60498
497.00000,5464.24805
497.50000,5462.12939
498.00000,5459.54150
498.50000,5457.22803
499.00000,5455.44678
499.50000,5453.93066
500.00000,5452.83447
500.50000,5452.93506
501.00000,5455.14502
501.50000,5460.64258
502.00000,5468.23926
502.50000,5476.04541
503.00000,5480.85400
503.50000,5480.86133
504.00000,5476.07080
504.50000,5469.48486
505.00000,5464.34131
505.50000,5463.94482
506.00000,5467.99219
506.50000,5475.02637
507.00000,5481.82178
507.50000,5485.82129
508.00000,5486.32520
508.50000,5485.20654
509.00000,5484.41553
509.50000,5485.51221
510.00000,5488.16602
510.50000,5491.40771
511.00000,5494.00439
511.50000,5495.76465
512.00000,5497.68213
512.50000,5500.81396
513.00000,5505.29785
513.50000,5510.09570
514.00000,5513.41455
514.50000,5513.58301
515.00000,5510.35498
515.50000,5505.32080
516.00000,5501.02002
516.50000,5499.07471
517.00000,5499.70117
517.50000,5501.96387
518.00000,5504.00049
518.50000,5504.43018
519.00000,5502.91064
519.50000,5500.17236
520.00000,5497.31934
520.50000,5495.14063
521.00000,5493.76855
521.50000,5492.97900
522.00000,5492.31201
522.50000,5491.42920
523.00000,5490.04590
523.50000,5487.92627
524.00000,5484.47510
524.50000,5479.90527
525.00000,5474.62549
525.50000,5469.50830
526.00000,5465.32324
526.50000,5462.48730
527.00000,5460.36035
527.50000,5457.76172
528.00000,5452.85254
528.50000,5445.30957
529.00000,5435.68848
529.50000,5425.34961
530.00000,5415.70801
530.50000,5407.72461
531.00000,5401.33740
531.50000,5396.12061
532.00000,5392.08105
532.50000,5389.50195
533.00000,5389.30420
533.50000,5391.92725
534.00000,5396.39014
534.50000,5400.99268
535.00000,5403.55615
535.50000,5402.78076
536.00000,5398.19775
536.50000,5392.21191
537.00000,5387.73389
537.50000,5387.07031
538.00000,5390.07422
538.50000,5395.50879
539.00000,5400.47754
539.50000,5402.74219
540.00000,5400.62012
540.50000,5395.27246
541.00000,5388.12646
541.50000,5381.17871
542.00000,5375.20117
542.50000,5370.16504
543.00000,5365.49023
543.50000,5361.14600
544.00000,5358.03564
544.50000,5357.20605
545.00000,5359.95020
545.50000,5366.05176
546.00000,5373.37012
546.50000,5379.07764
547.00000,5381.37891
547.50000,5379.61133
548.00000,5374.32959
548.50000,5367.67432
549.00000,5361.04541
549.50000,5354.91113
550.00000,5348.51709
550.50000,5340.51709
551.00000,5330.93359
551.50000,5320.68604
552.00000,5311.78418
552.50000,5305.86475
553.00000,5304.47607
553.50000,5307.29102
554.00000,5313.04639
554.50000,5320.50342
555.00000,5327.89404
555.50000,5334.27686
556.00000,5338.79688
556.50000,5341.24316
557.00000,5341.29639
557.50000,5339.73193
558.00000,5337.72998
558.50000,5336.90430
559.00000,5337.98926
559.50000,5340.63428
560.00000,5343.41309
560.50000,5344.85938
561.00000,5343.88770
561.50000,5341.06885
562.00000,5337.69824
562.50000,5335.52588
563.00000,5335.33789
563.50000,5337.10498
564.00000,5339.54004
564.50000,5341.38037
565.00000,5341.72803
565.50000,5340.76074
566.00000,5339.12891
566.50000,5337.91895
567.00000,5338.07861
567.50000,5340.47900
568.00000,5345.24512
568.50000,5351.15430
569.00000,5356.39746
569.50000,5359.19873
570.00000,5358.48535
570.50000,5354.06104
571.00000,5348.03271
571.50000,5342.62500
572.00000,5339.77100
572.50000,5339.68701
573.00000,5341.11084
573.50000,5341.91699
574.00000,5341.05859
574.50000,5338.53662
575.00000,5335.53418
575.50000,5332.87549
576.00000,5330.46826
576.50000,5327.35010
577.00000,5321.91602
577.50000,5314.39063
578.00000,5306.11768
578.50000,5299.12061
579.00000,5294.44873
579.50000,5292.38281
580.00000,5291.84033
580.50000,5291.85449
581.00000,5292.51904
581.50000,5294.65332
582.00000,5299.25195
582.50000,5305.69727
583.00000,5311.72461
583.50000,5314.73633
584.00000,5314.01709
584.50000,5311.04785
585.00000,5309.17920
585.50000,5311.27197
586.00000,5318.42139
586.50000,5328.23682
587.00000,5335.88867
587.50000,5337.22510
588.00000,5332.50391
588.50000,5324.67285
589.00000,5318.37891
589.50000,5316.73242
590.00000,5320.58496
590.50000,5327.39893
591.00000,5333.01660
591.50000,5333.37646
592.00000,5328.77881
592.50000,5321.21143
593.00000,5313.32227
593.50000,5306.93311
594.00000,5302.27588
594.50000,5298.10889
595.00000,5293.04199
595.50000,5286.38721
596.00000,5279.41602
596.50000,5274.35938
597.00000,5273.81738
597.50000,5277.81885
598.00000,5285.71777
598.50000,5294.86133
599.00000,5302.36182
599.50000,5305.21240
600.00000,5303.21777
600.50000,5297.26416
601.00000,5289.66406
601.50000,5283.41016
602.00000,5280.37109
602.50000,5280.66016
603.00000,5283.15820
603.50000,5286.77197
604.00000,5290.43018
604.50000,5294.02930
605.00000,5298.08984
605.50000,5303.01709
606.00000,5308.72949
606.50000,5314.01465
607.00000,5317.57031
607.50000,5317.71924
608.00000,5314.73291
608.50000,5309.01123
609.00000,5301.63770
609.50000,5294.03906
610.00000,5287.27197
610.50000,5281.92334
611.00000,5278.20557
611.50000,5276.22949
612.00000,5275.08252
612.50000,5273.69092
613.00000,5270.41895
613.50000,5264.26855
614.00000,5254.50488
614.50000,5242.66602
615.00000,5231.23828
615.50000,5223.94727
616.00000,5222.33252
616.50000,5226.22705
617.00000,5232.71191
617.50000,5238.22461
618.00000,5240.01025
618.50000,5238.32910
619.00000,5235.07910
619.50000,5232.99756
620.00000,5233.29785
620.50000,5235.30029
621.00000,5236.17578
621.50000,5233.71338
622.00000,5227.55225
622.50000,5220.68457
623.00000,5216.35791
623.50000,5217.36670
624.00000,5222.45752
624.50000,5229.06592
625.00000,5233.58984
625.50000,5234.47119
626.00000,5232.14355
626.50000,5229.99170
627.00000,5230.17822
627.50000,5232.62158
628.00000,5234.60352
628.50000,5232.98438
629.00000,5226.48486
629.50000,5216.68018
630.00000,5206.85791
630.50000,5200.46143
631.00000,5199.15820
631.50000,5202.39795
632.00000,5206.75586
632.50000,5209.84033
633.00000,5210.73340
633.50000,5209.93799
634.00000,5208.20947
634.50000,5206.40381
635.00000,5204.76270
635.50000,5203.41748
636.00000,5202.56104
636.50000,5202.54883
637.00000,5202.97363
637.50000,5202.62695
638.00000,5199.43457
638.50000,5193.09277
639.00000,5184.27637
639.50000,5175.55176
640.00000,5169.72266
640.50000,5169.21729
641.00000,5173.27051
641.50000,5179.50439
642.00000,5184.62988
642.50000,5186.99219
643.00000,5186.88867
643.50000,5186.17041
644.00000,5186.60547
644.50000,5189.08105
645.00000,5192.71338
645.50000,5196.19727
646.00000,5198.29590
646.50000,5199.16309
647.00000,5199.65234
647.50000,5201.21826
648.00000,5204.56055
648.50000,5209.79443
649.00000,5215.66650
649.50000,5220.61035
650.00000,5222.35254
650.50000,5219.89014
651.00000,5212.23389
651.50000,5200.37695
652.00000,5186.96680
652.50000,5175.68994
653.00000,5169.59521
653.50000,5169.84668
654.00000,5175.81104
654.50000,5184.01465
655.00000,5191.58252
655.50000,5196.40332
656.00000,5198.15723
656.50000,5196.85645
657.00000,5193.67578
657.50000,5188.83984
658.00000,5182.11377
658.50000,5174.00342
659.00000,5165.93506
659.50000,5160.22803
660.00000,5158.40967
660.50000,5161.37598
661.00000,5166.19189
661.50000,5169.26172
662.00000,5166.48828
662.50000,5157.24707
663.00000,5142.93018
663.50000,5128.91895
664.00000,5120.75537
664.50000,5123.79639
665.00000,5134.93799
665.50000,5150.08838
666.00000,5162.98047
666.50000,5169.71729
667.00000,5168.65820
667.50000,5163.25098
668.00000,5157.82129
668.50000,5156.39941
669.00000,5158.77686
669.50000,5162.50537
670.00000,5163.19775
670.50000,5159.11523
671.00000,5150.77539
671.50000,5142.10596
672.00000,5136.70361
672.50000,5137.57080
673.00000,5143.25439
673.50000,5151.65283
674.00000,5159.65625
674.50000,5165.35205
675.00000,5167.58105
675.50000,5166.78320
676.00000,5163.16113
676.50000,5156.44287
677.00000,5147.65674
677.50000,5138.36084
678.00000,5131.30322
678.50000,5128.55273
679.00000,5131.92383
679.50000,5139.39355
680.00000,5148.22900
680.50000,5155.11475
681.00000,5158.69385
681.50000,5159.07031
682.00000,5158.44678
682.50000,5158.42480
683.00000,5159.34961
683.50000,5160.02686
684.00000,5159.05225
684.50000,5155.34863
685.00000,5149.57568
685.50000,5142.78174
686.00000,5136.52832
686.50000,5131.83594
687.00000,5129.78516
687.50000,5130.23926
688.00000,5133.07080
688.50000,5137.61230
689.00000,5142.34814
689.50000,5145.55664
690.00000,5146.20752
690.50000,5144.64307
691.00000,5142.45654
691.50000,5142.14941
692.00000,5145.46240
692.50000,5152.23340
693.00000,5159.60107
693.50000,5163.32275
694.00000,5161.12451
694.50000,5153.76904
695.00000,5144.19482
695.50000,5137.06885
696.00000,5135.61426
696.50000,5140.29736
697.00000,5147.84961
697.50000,5153.84131
698.00000,5154.57129
698.50000,5148.89697
699.00000,5137.67529
699.50000,5125.71826
700.00000,5117.63818
700.50000,5116.75049
701.00000,5122.98291
701.50000,5135.62988
702.00000,5150.63135
702.50000,5164.19727
703.00000,5172.08594
703.50000,5173.27002
704.00000,5167.46582
704.50000,5157.38232
705.00000,5147.08057
705.50000,5140.89063
706.00000,5140.54199
706.50000,5145.41064
707.00000,5153.39551
707.50000,5161.49609
708.00000,5168.17188
708.50000,5173.36523
709.00000,5177.86279
709.50000,5181.89893
710.00000,5184.74854
710.50000,5184.80664
711.00000,5180.37012
711.50000,5172.41553
712.00000,5163.24658
712.50000,5156.89063
713.00000,5155.60107
713.50000,5160.46191
714.00000,5168.12256
714.50000,5175.20410
715.00000,5178.22314
715.50000,5176.36475
716.00000,5169.62891
716.50000,5160.17676
717.00000,5150.20264
717.50000,5141.87012
718.00000,5136.25293
718.50000,5134.28857
719.00000,5136.15381
719.50000,5140.04395
720.00000,5143.81836
720.50000,5145.16211
721.00000,5143.10547
721.50000,5137.84082
722.00000,5132.18945
722.50000,5128.74463
723.00000,5129.14600
723.50000,5132.35205
724.00000,5136.11377
724.50000,5137.76807
725.00000,5136.36426
725.50000,5132.79736
726.00000,5130.13379
726.50000,5130.54639
727.00000,5134.43359
727.50000,5140.05176
728.00000,5145.21631
728.50000,5148.41162
729.00000,5149.45313
729.50000,5148.84521
730.00000,5147.46875
730.50000,5144.89648
731.00000,5139.85645
731.50000,5131.53809
732.00000,5119.69336
732.50000,5107.17627
733.00000,5097.33447
733.50000,5093.61084
734.00000,5095.69678
734.50000,5102.25098
735.00000,5109.80762
735.50000,5115.55615
736.00000,5117.83984
736.50000,5117.95264
737.00000,5117.61523
737.50000,5118.32227
738.00000,5119.89307
738.50000,5121.03857
739.00000,5120.48779
739.50000,5118.71777
740.00000,5118.19727
740.50000,5121.37158
741.00000,5129.44043
741.50000,5141.02344
742.00000,5151.96289
742.50000,5157.70801
743.00000,5156.32471
743.50000,5149.29248
744.00000,5139.91895
744.50000,5132.65430
745.00000,5129.48291
745.50000,5129.37793
746.00000,5128.73047
746.50000,5124.36182
747.00000,5116.62549
747.50000,5108.38867
748.00000,5104.21289
748.50000,5105.73682
749.00000,5112.54248
749.50000,5121.00439
750.00000,5126.75146
750.50000,5126.23291
751.00000,5120.01123
751.50000,5110.71143
752.00000,5101.94482
752.50000,5096.13965
753.00000,5094.00098
753.50000,5094.32031
754.00000,5095.19775
754.50000,5095.95508
755.00000,5096.95215
755.50000,5098.84766
756.00000,5101.91211
756.50000,5105.09766
757.00000,5106.87793
757.50000,5106.11035
758.00000,5103.28613
758.50000,5100.19971
759.00000,5099.50195
759.50000,5102.98486
760.00000,5111.06641
760.50000,5120.72021
761.00000,5128.09033
761.50000,5130.03662
762.00000,5126.34326
762.50000,5118.11084
763.00000,5109.26953
763.50000,5102.76416
764.00000,5100.50146
764.50000,5101.35254
765.00000,5103.62549
765.50000,5105.21533
766.00000,5105.31250
766.50000,5104.26074
767.00000,5103.63330
767.50000,5104.67529
768.00000,5107.90625
768.50000,5112.24316
769.00000,5116.24219
769.50000,5118.73486
770.00000,5119.48926
770.50000,5118.67725
771.00000,5117.38672
771.50000,5116.26758
772.00000,5115.61963
772.50000,5115.21436
773.00000,5114.68262
773.50000,5113.79736
774.00000,5112.66797
774.50000,5111.76611
775.00000,5111.63623
775.50000,5112.87402
776.00000,5115.94434
776.50000,5120.61475
777.00000,5126.53125
777.50000,5132.50488
778.00000,5137.12012
778.50000,5138.29443
779.00000,5135.75244
779.50000,5129.81543
780.00000,5122.83252
780.50000,5118.01270
781.00000,5118.94287
781.50000,5126.03174
782.00000,5137.56104
782.50000,5149.82520
783.00000,5158.70020
783.50000,5161.51221
784.00000,5158.65186
784.50000,5153.37598
785.00000,5148.90967
785.50000,5146.94336
786.00000,5147.45801
786.50000,5149.66064
787.00000,5152.49316
787.50000,5155.93408
788.00000,5160.14355
788.50000,5164.67188
789.00000,5167.92285
789.50000,5168.34131
790.00000,5165.21680
790.50000,5159.57520
791.00000,5154.47510
791.50000,5152.72998
792.00000,5154.87451
792.50000,5158.70947
793.00000,5160.88135
793.50000,5160.20459
794.00000,5158.11523
794.50000,5158.48926
795.00000,5163.93164
795.50000,5174.85742
796.00000,5187.03662
796.50000,5195.24023
797.00000,5193.89502
797.50000,5184.70605
798.00000,5171.61084
798.50000,5161.20898
799.00000,5157.59424
799.50000,5162.09863
800.00000,5170.56104
800.50000,5177.97559
801.00000,5179.71729
801.50000,5177.00732
802.00000,5172.84033
802.50000,5171.75146
803.00000,5176.09229
803.50000,5186.55566
804.00000,5199.72119
804.50000,5211.36035
805.00000,5216.19434
805.50000,5213.00928
806.00000,5201.71387
806.50000,5185.68164
807.00000,5170.27148
807.50000,5161.24658
808.00000,5161.03711
808.50000,5169.15527
809.00000,5182.79834
809.50000,5195.87402
810.00000,5203.70459
810.50000,5204.53418
811.00000,5200.56396
811.50000,5195.26953
812.00000,5192.72949
812.50000,5195.07813
813.00000,5202.89014
813.50000,5213.43164
814.00000,5224.23047
814.50000,5232.99219
815.00000,5238.90723
815.50000,5241.46484
816.00000,5241.66455
816.50000,5240.12012
817.00000,5237.39697
817.50000,5234.43994
818.00000,5232.31885
818.50000,5232.19434
819.00000,5234.61523
819.50000,5239.87500
820.00000,5246.58740
820.50000,5253.47656
821.00000,5259.26611
821.50000,5263.65332
822.00000,5266.86865
822.50000,5269.91797
823.00000,5273.75146
823.50000,5279.30811
824.00000,5286.28564
824.50000,5293.91309
825.00000,5300.46289
825.50000,5304.20605
826.00000,5303.04785
826.50000,5296.89160
827.00000,5287.23486
827.50000,5276.72705
828.00000,5268.73389
828.50000,5265.49365
829.00000,5267.04639
829.50000,5270.90479
830.00000,5274.60547
830.50000,5276.54883
831.00000,5276.90967
831.50000,5277.03662
832.00000,5278.38721
832.50000,5281.42139
833.00000,5285.25684
833.50000,5288.41309
834.00000,5289.62744
834.50000,5289.12207
835.00000,5287.96484
835.50000,5287.95996
836.00000,5290.49805
836.50000,5297.03760
837.00000,5308.23730
837.50000,5323.21436
838.00000,5340.40039
838.50000,5356.04443
839.00000,5366.54443
839.50000,5368.38867
840.00000,5363.23242
840.50000,5353.88379
841.00000,5345.50635
841.50000,5341.78906
842.00000,5344.97021
842.50000,5352.43701
843.00000,5361.10645
843.50000,5368.02441
844.00000,5372.61426
844.50000,5375.75244
845.00000,5379.28711
845.50000,5384.28076
846.00000,5391.14063
846.50000,5399.15625
847.00000,5408.15430
847.50000,5418.53320
848.00000,5430.38379
848.50000,5443.31348
849.00000,5455.52490
849.50000,5465.12988
850.00000,5470.03516
850.50000,5471.32373
851.00000,5470.81006
851.50000,5471.52148
852.00000,5475.63281
852.50000,5484.51172
853.00000,5496.78662
853.50000,5509.86377
854.00000,5520.09326
854.50000,5525.51758
855.00000,5525.14111
855.50000,5520.18652
856.00000,5514.11914
856.50000,5510.60840
857.00000,5511.95996
857.50000,5518.34766
858.00000,5528.78613
858.50000,5539.89063
859.00000,5549.20215
859.50000,5555.13184
860.00000,5558.13721
860.50000,5559.13818
861.00000,5559.96436
861.50000,5562.09766
862.00000,5567.18848
862.50000,5575.30713
863.00000,5586.26074
863.50000,5598.48535
864.00000,5609.82275
864.50000,5617.95361
865.00000,5622.48535
865.50000,5624.29688
866.00000,5625.42432
866.50000,5628.15820
867.00000,5633.88965
867.50000,5642.34229
868.00000,5652.01807
868.50000,5661.54785
869.00000,5670.46240
869.50000,5679.46582
870.00000,5690.19873
870.50000,5703.48779
871.00000,5719.38037
871.50000,5735.86963
872.00000,5750.24805
872.50000,5759.22852
873.00000,5762.72754
873.50000,5761.93359
874.00000,5759.83643
874.50000,5759.74121
875.00000,5763.57568
875.50000,5770.24561
876.00000,5776.82324
876.50000,5779.40625
877.00000,5777.05273
877.50000,5770.69385
878.00000,5763.52539
878.50000,5758.74951
879.00000,5757.88477
879.50000,5759.09277
880.00000,5759.30566
880.50000,5755.18359
881.00000,5747.28516
881.50000,5737.80322
882.00000,5730.39697
882.50000,5726.81055
883.00000,5726.47412
883.50000,5725.39502
884.00000,5719.64014
884.50000,5705.94873
885.00000,5687.13525
885.50000,5667.20361
886.00000,5651.63281
886.50000,5643.18701
887.00000,5643.15234
887.50000,5647.97949
888.00000,5653.60547
888.50000,5655.85059
889.00000,5653.45068
889.50000,5646.41992
890.00000,5636.75293
890.50000,5627.08252
891.00000,5619.78418
891.50000,5615.77783
892.00000,5615.02344
892.50000,5616.75586
893.00000,5618.82813
893.50000,5619.32910
894.00000,5617.00391
894.50000,5612.25195
895.00000,5606.38770
895.50000,5601.50342
896.00000,5598.56689
896.50000,5596.78613
897.00000,5593.46875
897.50000,5585.65820
898.00000,5572.90576
898.50000,5557.97656
899.00000,5546.06982
899.50000,5541.35156
900.00000,5545.75391
900.50000,5558.05615
901.00000,5572.64648
901.50000,5584.53125
902.00000,5590.76660
902.50000,5591.86377
903.00000,5589.64893
903.50000,5587.47266
904.00000,5586.93115
904.50000,5588.17627
905.00000,5589.96387
905.50000,5591.21191
906.00000,5591.57227
906.50000,5591.44922
907.00000,5591.48535
907.50000,5591.90381
908.00000,5592.29834
908.50000,5591.62061
909.00000,5589.02246
909.50000,5583.64746
910.00000,5576.05713
910.50000,5567.61035
911.00000,5560.61670
911.50000,5556.89795
912.00000,5557.98828
912.50000,5563.81201
913.00000,5572.25488
913.50000,5581.18506
914.00000,5588.71631
914.50000,5594.41846
915.00000,5599.04590
915.50000,5604.33398
916.00000,5611.49902
916.50000,5620.54102
917.00000,5630.09082
917.50000,5638.31689
918.00000,5644.26904
918.50000,5648.14697
919.00000,5651.00684
919.50000,5654.22656
920.00000,5658.12744
920.50000,5661.80469
921.00000,5664.07520
921.50000,5664.21680
922.00000,5663.69922
922.50000,5664.81982
923.00000,5670.09180
923.50000,5678.85205
924.00000,5688.57178
924.50000,5695.02783
925.00000,5695.96436
925.50000,5691.41504
926.00000,5686.61230
926.50000,5687.06006
927.00000,5697.26807
927.50000,5714.90771
928.00000,5735.22705
928.50000,5751.43652
929.00000,5760.31299
929.50000,5761.79443
930.00000,5761.57178
930.50000,5764.23535
931.00000,5772.36816
931.50000,5783.87646
932.00000,5795.45215
932.50000,5804.25928
933.00000,5810.24463
933.50000,5815.39795
934.00000,5822.46387
934.50000,5832.57373
935.00000,5844.67432
935.50000,5856.22070
936.00000,5865.13379
936.50000,5871.61816
937.00000,5877.55322
937.50000,5885.99268
938.00000,5898.42334
938.50000,5915.51465
939.00000,5936.45117
939.50000,5959.29053
940.00000,5982.70850
940.50000,6005.64404
941.00000,6027.72852
941.50000,6049.16016
942.00000,6071.17969
942.50000,6095.85596
943.00000,6125.61719
943.50000,6161.17090
944.00000,6202.81641
944.50000,6247.51709
945.00000,6292.38379
945.50000,6335.33301
946.00000,6377.03418
946.50000,6419.44922
947.00000,6464.13916
947.50000,6509.82373
948.00000,6551.53320
948.50000,6584.18018
949.00000,6604.89307
949.50000,6614.04346
950.00000,6619.04395
950.50000,6626.46191
951.00000,6640.29590
951.50000,6659.16650
952.00000,6678.95410
952.50000,6695.48096
953.00000,6708.14355
953.50000,6720.11768
954.00000,6735.71533
954.50000,6757.19824
955.00000,6781.72754
955.50000,6803.94092
956.00000,6817.66650
956.50000,6823.35303
957.00000,6824.53223
957.50000,6827.59766
958.00000,6836.58691
958.50000,6852.08057
959.00000,6869.31738
959.50000,6882.76855
960.00000,6886.55420
960.50000,6881.25684
961.00000,6868.04053
961.50000,6849.25098
962.00000,6827.59033
962.50000,6803.87793
963.00000,6779.08105
963.50000,6754.09961
964.00000,6729.72119
964.50000,6705.53857
965.00000,6679.89307
965.50000,6650.35156
966.00000,6616.32031
966.50000,6578.60547
967.00000,6540.95459
967.50000,6506.77295
968.00000,6478.76416
968.50000,6454.90381
969.00000,6432.67822
969.50000,6409.62207
970.00000,6385.81689
970.50000,6364.18115
971.00000,6348.10889
971.50000,6339.49170
972.00000,6338.71094
972.50000,6341.50098
973.00000,6344.40137
973.50000,6344.83154
974.00000,6342.68604
974.50000,6339.02393
975.00000,6335.82959
975.50000,6334.33691
976.00000,6335.29297
976.50000,6338.13574
977.00000,6342.66016
977.50000,6348.69531
978.00000,6356.42236
978.50000,6367.20313
979.00000,6381.71436
979.50000,6400.58936
980.00000,6423.67725
980.50000,6448.47949
981.00000,6472.19775
981.50000,6492.24512
982.00000,6507.99170
982.50000,6519.89746
983.00000,6531.16357
983.50000,6544.75635
984.00000,6563.76270
984.50000,6588.96729
985.00000,6621.70117
985.50000,6661.05322
986.00000,6704.88721
986.50000,6750.33887
987.00000,6793.32227
987.50000,6830.85596
988.00000,6862.22266
988.50000,6891.17871
989.00000,6923.62695
989.50000,6965.25684
990.00000,7018.46289
990.50000,7084.89307
991.00000,7158.78027
991.50000,7236.62793
992.00000,7315.74658
992.50000,7395.60010
993.00000,7477.79004
993.50000,7563.82227
994.00000,7654.49170
994.50000,7750.96924
995.00000,7852.16992
995.50000,7958.32666
996.00000,8069.25977
996.50000,8183.74463
997.00000,8300.92676
997.50000,8418.99609
998.00000,8536.67578
998.50000,8652.83008
999.00000,8767.06055
999.50000,8878.34766
1000.00000,8985.25684
1000.50000,9086.50195
1001.00000,9178.43652
1001.50000,9259.50586
1002.00000,9327.27637
1002.50000,9377.05957
1003.00000,9409.81152
1003.50000,9422.94727
1004.00000,9417.17480
1004.50000,9395.82324
1005.00000,9358.31641
1005.50000,9308.22168
1006.00000,9245.72852
1006.50000,9168.83594
1007.00000,9079.18945
1007.50000,8975.98730
1008.00000,8862.12305
1008.50000,8742.31934
1009.00000,8621.10840
1009.50000,8502.79102
1010.00000,8389.50098
1010.50000,8281.73535
1011.00000,8177.54248
1011.50000,8076.36963
1012.00000,7978.48682
1012.50000,7885.06787
1013.00000,7798.76807
1013.50000,7718.34961
1014.00000,7642.12451
1014.50000,7567.37988
1015.00000,7492.57275
1015.50000,7419.47852
1016.00000,7352.15967
1016.50000,7294.11377
1017.00000,7249.10840
1017.50000,7212.35742
1018.00000,7178.95801
1018.50000,7142.95020
1019.00000,7102.00000
1019.50000,7057.22070
1020.00000,7013.74756
1020.50000,6976.36133
1021.00000,6949.82959
1021.50000,6932.08350
1022.00000,6920.72119
1022.50000,6911.39697
1023.00000,6900.41162
1023.50000,6885.34570
1024.00000,6866.42041
1024.50000,6844.78125
1025.00000,6821.83154
1025.50000,6799.13965
1026.00000,6777.52832
1026.50000,6757.26025
1027.00000,6738.03662
1027.50000,6719.61865
1028.00000,6701.47754
1028.50000,6683.21191
1029.00000,6664.49707
1029.50000,6645.52197
1030.00000,6627.01367
1030.50000,6610.19482
1031.00000,6595.89160
1031.50000,6584.79541
1032.00000,6575.53955
1032.50000,6566.48291
1033.00000,6555.95996
1033.50000,6543.93799
1034.00000,6531.67041
1034.50000,6521.35791
1035.00000,6514.25342
1035.50000,6510.73340
1036.00000,6508.40967
1036.50000,6504.92139
1037.00000,6498.37988
1037.50000,6489.46045
1038.00000,6480.10791
1038.50000,6473.14160
1039.00000,6470.13867
1039.50000,6472.02100
1040.00000,6476.41895
1040.50000,6481.11865
1041.00000,6483.94385
1041.50000,6484.45459
1042.00000,6483.19971
1042.50000,6481.91650
1043.00000,6481.92529
1043.50000,6484.02197
1044.00000,6487.08105
1044.50000,6489.61084
1045.00000,6489.81592
1045.50000,6487.10010
1046.00000,6481.30713
1046.50000,6474.03418
1047.00000,6467.26074
1047.50000,6463.69531
1048.00000,6464.39697
1048.50000,6470.08594
1049.00000,6479.84375
1049.50000,6491.24365
1050.00000,6502.04980
1050.50000,6510.84375
1051.00000,6517.43799
1051.50000,6521.98291
1052.00000,6525.02344
1052.50000,6525.75586
1053.00000,6523.02686
1053.50000,6516.97314
1054.00000,6509.02930
1054.50000,6502.87598
1055.00000,6501.71680
1055.50000,6507.50537
1056.00000,6516.80811
1056.50000,6524.73242
1057.00000,6526.13477
1057.50000,6519.94629
1058.00000,6508.00635
1058.50000,6496.90820
1059.00000,6492.31152
1059.50000,6498.43506
1060.00000,6512.52344
1060.50000,6530.43945
1061.00000,6545.97021
1061.50000,6555.20313
1062.00000,6555.45215
1062.50000,6549.77441
1063.00000,6541.51074
1063.50000,6534.41260
1064.00000,6530.24805
1064.50000,6529.12695
1065.00000,6529.33447
1065.50000,6529.49512
1066.00000,6529.84033
1066.50000,6532.11377
1067.00000,6538.39746
1067.50000,6549.47998
1068.00000,6562.61670
1068.50000,6573.50293
1069.00000,6578.22070
1069.50000,6575.93945
1070.00000,6567.86133
1070.50000,6559.44385
1071.00000,6554.85352
1071.50000,6556.60840
1072.00000,6563.33594
1072.50000,6573.14404
1073.00000,6583.28809
1073.50000,6592.28467
1074.00000,6599.12842
1074.50000,6604.03613
1075.00000,6607.14063
1075.50000,6609.50830
1076.00000,6613.06006
1076.50000,6620.28711
1077.00000,6631.50342
1077.50000,6644.69580
1078.00000,6655.14844
1078.50000,6659.24023
1079.00000,6655.67529
1079.50000,6648.49707
1080.00000,6644.66797
1080.50000,6651.18311
1081.00000,6667.35742
1081.50000,6687.59375
1082.00000,6702.42725
1082.50000,6706.66699
1083.00000,6700.10205
1083.50000,6690.24902
1084.00000,6686.01660
1084.50000,6694.52490
1085.00000,6712.75586
1085.50000,6734.02148
1086.00000,6749.50439
1086.50000,6755.52100
1087.00000,6751.76660
1087.50000,6742.72070
1088.00000,6733.16260
1088.50000,6726.44141
1089.00000,6723.42969
1089.50000,6724.73389
1090.00000,6731.29395
1090.50000,6742.20557
1091.00000,6756.22119
1091.50000,6770.13916
1092.00000,6781.32178
1092.50000,6788.21387
1093.00000,6793.12207
1093.50000,6798.82227
1094.00000,6807.67334
1094.50000,6819.12988
1095.00000,6831.34521
1095.50000,6842.10938
1096.00000,6850.84521
1096.50000,6858.14990
1097.00000,6865.55273
1097.50000,6873.57813
1098.00000,6881.79639
1098.50000,6889.43604
1099.00000,6895.98535
1099.50000,6901.62646
1100.00000,6906.67236
1100.50000,6911.41895
1101.00000,6916.72314
1101.50000,6924.37695
1102.00000,6936.87598
1102.50000,6954.80371
1103.00000,6977.29395
1103.50000,6999.65967
1104.00000,7017.26074
1104.50000,7026.05713
1105.00000,7028.77393
1105.50000,7029.66162
1106.00000,7034.14746
1106.50000,7044.30566
1107.00000,7059.87256
1107.50000,7077.30859
1108.00000,7094.40918
1108.50000,7110.98145
1109.00000,7128.47412
1109.50000,7148.00049
1110.00000,7168.74707
1110.50000,7188.47803
1111.00000,7204.62988
1111.50000,7217.32568
1112.00000,7228.22559
1112.50000,7240.04150
1113.00000,7254.38135
1113.50000,7271.58154
1114.00000,7290.40186
1114.50000,7309.52051
1115.00000,7328.58936
1115.50000,7348.28809
1116.00000,7369.73779
1116.50000,7394.09375
1117.00000,7421.07178
1117.50000,7450.42188
1118.00000,7481.26758
1118.50000,7512.89746
1119.00000,7544.96924
1119.50000,7576.89648
1120.00000,7607.74756
1120.50000,7635.93604
1121.00000,7660.75049
1121.50000,7681.92285
1122.00000,7701.67578
1122.50000,7723.23535
1123.00000,7751.12744
1123.50000,7786.08447
1124.00000,7827.78760
1124.50000,7873.87500
1125.00000,7921.19482
1125.50000,7968.58008
1126.00000,8016.40479
1126.50000,8065.48145
1127.00000,8116.00391
1127.50000,8166.32471
1128.00000,8214.63965
1128.50000,8260.22363
1129.00000,8304.79297
1129.50000,8351.47559
1130.00000,8402.71582
1130.50000,8458.90723
1131.00000,8518.88379
1131.50000,8579.07129
1132.00000,8636.84473
1132.50000,8690.86133
1133.00000,8742.02246
1133.50000,8791.98438
1134.00000,8843.33105
1134.50000,8898.01953
1135.00000,8957.54492
1135.50000,9020.07617
1136.00000,9082.92383
1136.50000,9142.80371
1137.00000,9199.13672
1137.50000,9255.24121
1138.00000,9318.44043
1138.50000,9396.45703
1139.00000,9496.83789
1139.50000,9615.14746
1140.00000,9746.37695
1140.50000,9881.87793
1141.00000,10016.66211
1141.50000,10152.26660
1142.00000,10295.04883
1142.50000,10452.43555
1143.00000,10631.76465
1143.50000,10830.95020
1144.00000,11050.67773
1144.50000,11288.75195
1145.00000,11543.85059
1145.50000,11821.85840
1146.00000,12121.66406
1146.50000,12445.01758
1147.00000,12793.04980
1147.50000,13160.47363
1148.00000,13547.84961
1148.50000,13952.83008
1149.00000,14372.49902
1149.50000,14805.15527
1150.00000,15241.36816
1150.50000,15671.29199
1151.00000,16082.23242
1151.50000,16467.77930
1152.00000,16818.11523
1152.50000,17132.10547
1153.00000,17408.82813
1153.50000,17632.23828
1154.00000,17800.84180
1154.50000,17898.28320
1155.00000,17911.24805
1155.50000,17848.17969
1156.00000,17704.13867
1156.50000,17495.64453
1157.00000,17233.28516
1157.50000,16911.60156
1158.00000,16540.95313
1158.50000,16118.77832
1159.00000,15651.67383
1159.50000,15158.38965
1160.00000,14655.62695
1160.50000,14161.81348
1161.00000,13687.22754
1161.50000,13240.05176
1162.00000,12816.57129
1162.50000,12419.22559
1163.00000,12049.37793
1163.50000,11705.27344
1164.00000,11391.24121
1164.50000,11102.00000
1165.00000,10835.16211
1165.50000,10592.18066
1166.00000,10369.45996
1166.50000,10169.89063
1167.00000,9992.83789
1167.50000,9833.91113
1168.00000,9691.84961
1168.50000,9560.52246
1169.00000,9437.87012
1169.50000,9324.32422
1170.00000,9219.07324
1170.50000,9123.64746
1171.00000,9037.69922
1171.50000,8959.87305
1172.00000,8890.96387
1172.50000,8829.06738
1173.00000,8773.83984
1173.50000,8724.96094
1174.00000,8680.57227
1174.50000,8640.31348
1175.00000,8603.43457
1175.50000,8569.40723
1176.00000,8538.49121
1176.50000,8509.94238
1177.00000,8484.20996
1177.50000,8463.05176
1178.00000,8448.22949
1178.50000,8443.31250
1179.00000,8448.61426
1179.50000,8462.00586
1180.00000,8480.72070
1180.50000,8500.07129
1181.00000,8518.46094
1181.50000,8536.87793
1182.00000,8557.58496
1182.50000,8582.51563
1183.00000,8610.34961
1183.50000,8638.31934
1184.00000,8663.57715
1184.50000,8686.66016
1185.00000,8710.22656
1185.50000,8737.74023
1186.00000,8769.55078
1186.50000,8803.03418
1187.00000,8833.17188
1187.50000,8856.98438
1188.00000,8874.40332
1188.50000,8890.63672
1189.00000,8910.00684
1189.50000,8933.43262
1190.00000,8956.87988
1190.50000,8972.87891
1191.00000,8977.00781
1191.50000,8968.67676
1192.00000,8950.32520
1192.50000,8928.22656
1193.00000,8905.29395
1193.50000,8882.33301
1194.00000,8858.70020
1194.50000,8833.71094
1195.00000,8807.85449
1195.50000,8781.37598
1196.00000,8752.98926
1196.50000,8720.43555
1197.00000,8680.09180
1197.50000,8630.63477
1198.00000,8573.98633
1198.50000,8513.12109
1199.00000,8453.19727
1199.50000,8397.77539
1200.00000,8349.42773
1200.50000,8307.26270
1201.00000,8270.58203
1201.50000,8236.80273
1202.00000,8203.33984
1202.50000,8167.93506
1203.00000,8130.56787
1203.50000,8093.04492
1204.00000,8059.38428
1204.50000,8032.55713
1205.00000,8014.76123
1205.50000,8003.72412
1206.00000,7995.84668
1206.50000,7988.45801
1207.00000,7981.17383
1207.50000,7976.10889
1208.00000,7975.82275
1208.50000,7979.58496
1209.00000,7983.83594
1209.50000,7982.94092
1210.00000,7973.48828
1210.50000,7954.30518
1211.00000,7931.48145
1211.50000,7910.59668
1212.00000,7895.62451
1212.50000,7885.37207
1213.00000,7876.04248
1213.50000,7863.01514
1214.00000,7844.26416
1214.50000,7819.46143
1215.00000,7791.39502
1215.50000,7760.94873
1216.00000,7727.93799
1216.50000,7692.09912
1217.00000,7653.66943
1217.50000,7615.00049
1218.00000,7578.38330
1218.50000,7545.58594
1219.00000,7515.61182
1219.50000,7487.33691
1220.00000,7459.81201
1220.50000,7433.19531
1221.00000,7408.65381
1221.50000,7386.12061
1222.00000,7364.48975
1222.50000,7341.70898
1223.00000,7316.87354
1223.50000,7290.88867
1224.00000,7266.93408
1224.50000,7248.03857
1225.00000,7237.33301
1225.50000,7232.81689
1226.00000,7231.61865
1226.50000,7229.80713
1227.00000,7224.94775
1227.50000,7216.43262
1228.00000,7206.34766
1228.50000,7197.11768
1229.00000,7190.74707
1229.50000,7186.71484
1230.00000,7183.83887
1230.50000,7180.67578
1231.00000,7176.88135
1231.50000,7173.38965
1232.00000,7171.63232
1232.50000,7172.13574
1233.00000,7174.36865
1233.50000,7176.10254
1234.00000,7175.62158
1234.50000,7172.59277
1235.00000,7168.92773
1235.50000,7167.39648
1236.00000,7169.53809
1236.50000,7174.57617
1237.00000,7179.49805
1237.50000,7180.79883
1238.00000,7176.57715
1238.50000,7168.87305
1239.00000,7162.94092
1239.50000,7164.97412
1240.00000,7176.48535
1240.50000,7194.65283
1241.00000,7212.82764
1241.50000,7224.17773
1242.00000,7224.94189
1242.50000,7217.40723
1243.00000,7208.54297
1243.50000,7206.02686
1244.00000,7213.05566
1244.50000,7228.79443
1245.00000,7249.76416
1245.50000,7270.23926
1246.00000,7286.04785
1246.50000,7294.47217
1247.00000,7295.12061
1247.50000,7287.21533
1248.00000,7274.81494
1248.50000,7263.44043
1249.00000,7260.88086
1249.50000,7270.23438
1250.00000,7292.42773
1250.50000,7322.01514
1251.00000,7351.94385
1251.50000,7376.47266
1252.00000,7395.28906
1252.50000,7410.34766
1253.00000,7424.29150
1253.50000,7438.32324
1254.00000,7451.54883
1254.50000,7462.93555
1255.00000,7473.02441
1255.50000,7484.28320
1256.00000,7499.24316
1256.50000,7519.32520
1257.00000,7543.84082
1257.50000,7569.46729
1258.00000,7592.70508
1258.50000,7611.24170
1259.00000,7624.70313
1259.50000,7633.00049
1260.00000,7638.77148
1260.50000,7643.59912
1261.00000,7648.51660
1261.50000,7653.39404
1262.00000,7657.34912
1262.50000,7660.02393
1263.00000,7662.02100
1263.50000,7664.54346
1264.00000,7667.78223
1264.50000,7670.16455
1265.00000,7668.62158
1265.50000,7661.82861
1266.00000,7650.48291
1266.50000,7639.53076
1267.00000,7633.70850
1267.50000,7636.11572
1268.00000,7643.27002
1268.50000,7651.40332
1269.00000,7657.91895
1269.50000,7664.10449
1270.00000,7674.06152
1270.50000,7689.79980
1271.00000,7709.66113
1271.50000,7728.26123
1272.00000,7740.80469
1272.50000,7745.55713
1273.00000,7746.05713
1273.50000,7747.57031
1274.00000,7753.45020
1274.50000,7761.57764
1275.00000,7767.57617
1275.50000,7766.49707
1276.00000,7758.98828
1276.50000,7747.54492
1277.00000,7736.21240
1277.50000,7727.22363
1278.00000,7721.59229
1278.50000,7718.77588
1279.00000,7719.47119
1279.50000,7725.56934
1280.00000,7736.99756
1280.50000,7752.89697
1281.00000,7769.42773
1281.50000,7782.53662
1282.00000,7787.76074
1282.50000,7785.41846
1283.00000,7776.58838
1283.50000,7763.84131
1284.00000,7750.76807
1284.50000,7740.12646
1285.00000,7733.24512
1285.50000,7729.74707
1286.00000,7728.14453
1286.50000,7725.20410
1287.00000,7718.07861
1287.50000,7704.95020
1288.00000,7687.25781
1288.50000,7667.13037
1289.00000,7647.66943
1289.50000,7630.34326
1290.00000,7614.89697
1290.50000,7598.73389
1291.00000,7579.21387
1291.50000,7554.83740
1292.00000,7527.18994
1292.50000,7499.42432
1293.00000,7475.07568
1293.50000,7455.80127
1294.00000,7441.96631
1294.50000,7430.58740
1295.00000,7419.62402
1295.50000,7407.87939
1296.00000,7395.50000
1296.50000,7382.65576
1297.00000,7368.80762
1297.50000,7352.84863
1298.00000,7334.15137
1298.50000,7315.22607
1299.00000,7300.68066
1299.50000,7295.33447
1300.00000,7299.51367
1300.50000,7310.05078
1301.00000,7319.06494
1301.50000,7320.76660
1302.00000,7312.26758
1302.50000,7298.30762
1303.00000,7284.62646
1303.50000,7276.63623
1304.00000,7275.52930
1304.50000,7280.41943
1305.00000,7286.72705
1305.50000,7290.89502
1306.00000,7289.84082
1306.50000,7283.45801
1307.00000,7272.13232
1307.50000,7258.74658
1308.00000,7246.78223
1308.50000,7239.71777
1309.00000,7237.30322
1309.50000,7237.71240
1310.00000,7237.73096
1310.50000,7235.56299
1311.00000,7231.96729
1311.50000,7230.22949
1312.00000,7233.06201
1312.50000,7242.24756
1313.00000,7254.52246
1313.50000,7266.38574
1314.00000,7274.37402
1314.50000,7277.79883
1315.00000,7276.70313
1315.50000,7272.71240
1316.00000,7266.91113
1316.50000,7259.98340
1317.00000,7253.21533
1317.50000,7247.61572
1318.00000,7243.26172
1318.50000,7238.55176
1319.00000,7230.71875
1319.50000,7218.59473
1320.00000,7203.59912
1320.50000,7190.17822
1321.00000,7182.82080
1321.50000,7184.36230
1322.00000,7193.16943
1322.50000,7203.53516
1323.00000,7210.25830
1323.50000,7211.70215
1324.00000,7209.18604
1324.50000,7205.21387
1325.00000,7201.79492
1325.50000,7198.96631
1326.00000,7196.08301
1326.50000,7193.51123
1327.00000,7193.56934
1327.50000,7197.93945
1328.00000,7206.31689
1328.50000,7215.07227
1329.00000,7218.83398
1329.50000,7213.68945
1330.00000,7200.98682
1330.50000,7186.09277
1331.00000,7175.35938
1331.50000,7171.32666
1332.00000,7172.84473
1332.50000,7175.56104
1333.00000,7174.81006
1333.50000,7167.94531
1334.00000,7156.27979
1334.50000,7143.42285
1335.00000,7133.99902
1335.50000,7130.63086
1336.00000,7134.22510
1336.50000,7143.09521
1337.00000,7152.87061
1337.50000,7159.37402
1338.00000,7160.33887
1338.50000,7156.57471
1339.00000,7150.55566
1339.50000,7145.99170
1340.00000,7144.73389
1340.50000,7146.83740
1341.00000,7150.86377
1341.50000,7156.87646
1342.00000,7165.89697
1342.50000,7178.74219
1343.00000,7194.42871
1343.50000,7208.31641
1344.00000,7215.38428
1344.50000,7212.39795
1345.00000,7201.93848
1345.50000,7188.42969
1346.00000,7177.83350
1346.50000,7173.37500
1347.00000,7177.20313
1347.50000,7187.34180
1348.00000,7203.77637
1348.50000,7226.32813
1349.00000,7252.97119
1349.50000,7279.88281
1350.00000,7301.64307
1350.50000,7314.32275
1351.00000,7315.45459
1351.50000,7309.90674
1352.00000,7302.57861
1352.50000,7298.60645
1353.00000,7299.68018
1353.50000,7305.42969
1354.00000,7312.34912
1354.50000,7317.41309
1355.00000,7317.64209
1355.50000,7312.72021
1356.00000,7302.59424
1356.50000,7288.89355
1357.00000,7274.24219
1357.50000,7261.80225
1358.00000,7253.65430
1358.50000,7250.73877
1359.00000,7252.73291
1359.50000,7256.89209
1360.00000,7260.96289
1360.50000,7263.16504
1361.00000,7263.07324
1361.50000,7260.40625
1362.00000,7255.91406
1362.50000,7249.47852
1363.00000,7240.74463
1363.50000,7230.43848
1364.00000,7220.12598
1364.50000,7212.47314
1365.00000,7209.47021
1365.50000,7212.83008
1366.00000,7219.73389
1366.50000,7226.83936
1367.00000,7230.17871
1367.50000,7228.45654
1368.00000,7222.18506
1368.50000,7214.29492
1369.00000,7207.16650
1369.50000,7202.81641
1370.00000,7201.59375
1370.50000,7204.43164
1371.00000,7212.12939
1371.50000,7223.60693
1372.00000,7236.58984
1372.50000,7246.76563
1373.00000,7250.78076
1373.50000,7246.14697
1374.00000,7237.26660
1374.50000,7228.51025
1375.00000,7223.77686
1375.50000,7223.27441
1376.00000,7225.31836
1376.50000,7226.95020
1377.00000,7227.06494
1377.50000,7226.52881
1378.00000,7227.39551
1378.50000,7231.12451
1379.00000,7237.42139
1379.50000,7244.29395
1380.00000,7249.27148
1380.50000,7251.15674
1381.00000,7250.13770
1381.50000,7248.13330
1382.00000,7248.62988
1382.50000,7255.52490
1383.00000,7270.62305
1383.50000,7291.79688
1384.00000,7314.77295
1384.50000,7333.77490
1385.00000,7345.32129
1385.50000,7349.52051
1386.00000,7351.18652
1386.50000,7354.09424
1387.00000,7359.92773
1387.50000,7367.52979
1388.00000,7374.66455
1388.50000,7379.83984
1389.00000,7382.74609
1389.50000,7383.54785
1390.00000,7382.69287
1390.50000,7379.87744
1391.00000,7375.59131
1391.50000,7370.89990
1392.00000,7366.37354
1392.50000,7361.02783
1393.00000,7352.59082
1393.50000,7339.09033
1394.00000,7322.49463
1394.50000,7307.83643
1395.00000,7301.23633
1395.50000,7305.18555
1396.00000,7319.10938
1396.50000,7334.14453
1397.00000,7343.02881
1397.50000,7341.71387
1398.00000,7332.91602
1398.50000,7320.71191
1399.00000,7309.89600
1399.50000,7302.29932
1400.00000,7297.94531
1400.50000,7294.68555
1401.00000,7291.20557
1401.50000,7286.69385
1402.00000,7281.12891
1402.50000,7274.77344
1403.00000,7268.48291
1403.50000,7263.17432
1404.00000,7259.79492
1404.50000,7257.95508
1405.00000,7257.07764
1405.50000,7256.54785
1406.00000,7256.40039
1406.50000,7257.34668
1407.00000,7259.40234
1407.50000,7261.64014
1408.00000,7262.58594
1408.50000,7262.17432
1409.00000,7261.64893
1409.50000,7262.75928
1410.00000,7265.34229
1410.50000,7266.38477
1411.00000,7262.17725
1411.50000,7251.26025
1412.00000,7236.81299
1412.50000,7226.84131
1413.00000,7228.57324
1413.50000,7242.20996
1414.00000,7261.10693
1414.50000,7275.96191
1415.00000,7281.58545
1415.50000,7278.40576
1416.00000,7271.75586
1416.50000,7267.78027
1417.00000,7268.72998
1417.50000,7271.84229
1418.00000,7273.42383
1418.50000,7272.10205
1419.00000,7270.76758
1419.50000,7272.71045
1420.00000,7279.55518
1420.50000,7288.74951
1421.00000,7296.52832
1421.50000,7300.18457
1422.00000,7299.97217
1422.50000,7297.82324
1423.00000,7296.65332
1423.50000,7297.52832
1424.00000,7300.24414
1424.50000,7303.98926
1425.00000,7308.79834
1425.50000,7314.84180
1426.00000,7322.03760
1426.50000,7329.87061
1427.00000,7337.49170
1427.50000,7344.85791
1428.00000,7353.02393
1428.50000,7363.04590
1429.00000,7375.52197
1429.50000,7389.17773
1430.00000,7402.31934
1430.50000,7413.27344
1431.00000,7422.16699
1431.50000,7429.44092
1432.00000,7435.51318
1432.50000,7440.09375
1433.00000,7441.91797
1433.50000,7441.55469
1434.00000,7441.08350
1434.50000,7444.54004
1435.00000,7454.15186
1435.50000,7470.79541
1436.00000,7491.69824
1436.50000,7512.68213
1437.00000,7530.49756
1437.50000,7545.46533
1438.00000,7560.01807
1438.50000,7577.16357
1439.00000,7597.13428
1439.50000,7618.21191
1440.00000,7637.20166
1440.50000,7652.27881
1441.00000,7662.91064
1441.50000,7671.94287
1442.00000,7682.09619
1442.50000,7695.52051
1443.00000,7711.20361
1443.50000,7726.54248
1444.00000,7738.13525
1444.50000,7744.04541
1445.00000,7742.67676
1445.50000,7736.84180
1446.00000,7729.21094
1446.50000,7722.83936
1447.00000,7719.25879
1447.50000,7718.96680
1448.00000,7720.49365
1448.50000,7722.27588
1449.00000,7722.79004
1449.50000,7721.57861
1450.00000,7718.75830
1450.50000,7715.45752
1451.00000,7713.27734
1451.50000,7713.64307
1452.00000,7715.99268
1452.50000,7717.93799
1453.00000,7715.21680
1453.50000,7705.99512
1454.00000,7689.48779
1454.50000,7667.83447
1455.00000,7645.34082
1455.50000,7626.46826
1456.00000,7614.20703
1456.50000,7610.16357
1457.00000,7616.10498
1457.50000,7628.22461
1458.00000,7643.00098
1458.50000,7654.90039
1459.00000,7659.89014
1459.50000,7654.80127
1460.00000,7642.53662
1460.50000,7627.65771
1461.00000,7616.15869
1461.50000,7611.57080
1462.00000,7615.21094
1462.50000,7625.05176
1463.00000,7637.29150
1463.50000,7648.29004
1464.00000,7655.81982
1464.50000,7659.66895
1465.00000,7661.60742
1465.50000,7664.85986
1466.00000,7671.93359
1466.50000,7682.24463
1467.00000,7693.15039
1467.50000,7701.63672
1468.00000,7707.12500
1468.50000,7710.93018
1469.00000,7715.67432
1469.50000,7722.93994
1470.00000,7733.11768
1470.50000,7745.20410
1471.00000,7758.34180
1471.50000,7772.61719
1472.00000,7787.45898
1472.50000,7801.29541
1473.00000,7811.16699
1473.50000,7815.68164
1474.00000,7814.60645
1474.50000,7811.50537
1475.00000,7810.92529
1475.50000,7817.40332
1476.00000,7829.85938
1476.50000,7845.65088
1477.00000,7860.19678
1477.50000,7870.68652
1478.00000,7877.17578
1478.50000,7884.27051
1479.00000,7897.20850
1479.50000,7921.35303
1480.00000,7952.11426
1480.50000,7983.66406
1481.00000,8009.96338
1481.50000,8031.09229
1482.00000,8052.32764
1482.50000,8080.53906
1483.00000,8117.45264
1483.50000,8157.96533
1484.00000,8191.66309
1484.50000,8212.57422
1485.00000,8223.34766
1485.50000,8233.10059
1486.00000,8250.21484
1486.50000,8275.80469
1487.00000,8306.66504
1487.50000,8340.13574
1488.00000,8377.29199
1488.50000,8423.09277
1489.00000,8478.96289
1489.50000,8539.37500
1490.00000,8595.46973
1490.50000,8642.56445
1491.00000,8683.35156
1491.50000,8727.35059
1492.00000,8782.61523
1492.50000,8852.18555
1493.00000,8930.12891
1493.50000,9010.37695
1494.00000,9092.52832
1494.50000,9180.16992
1495.00000,9277.24023
1495.50000,9384.54004
1496.00000,9496.36426
1496.50000,9608.81250
1497.00000,9722.69629
1497.50000,9843.02051
1498.00000,9977.32324
1498.50000,10123.70703
1499.00000,10277.18652
1499.50000,10430.95410
1500.00000,10583.43262
1500.50000,10742.75000
1501.00000,10922.69238
1501.50000,11130.16504
1502.00000,11369.59082
1502.50000,11624.68750
1503.00000,11882.73633
1503.50000,12135.54883
1504.00000,12387.16211
1504.50000,12650.92676
1505.00000,12937.87793
1505.50000,13245.72559
1506.00000,13563.77441
1506.50000,13874.98047
1507.00000,14170.52637
1507.50000,14451.88770
1508.00000,14728.69922
1508.50000,15005.77637
1509.00000,15277.31348
1509.50000,15529.71680
1510.00000,15742.43066
1510.50000,15915.86426
1511.00000,16051.24609
1511.50000,16158.75586
1512.00000,16250.59375
1512.50000,16327.54297
1513.00000,16386.76563
1513.50000,16422.37109
1514.00000,16426.22070
1514.50000,16403.83008
1515.00000,16356.59473
1515.50000,16287.98340
1516.00000,16200.25488
1516.50000,16085.24219
1517.00000,15940.22852
1517.50000,15764.77441
1518.00000,15562.27051
1518.50000,15345.50000
1519.00000,15119.16797
1519.50000,14883.11328
1520.00000,14633.59668
1520.50000,14363.65137
1521.00000,14078.60156
1521.50000,13788.33887
1522.00000,13505.19141
1522.50000,13233.91797
1523.00000,12974.89063
1523.50000,12723.25977
1524.00000,12474.88086
1524.50000,12228.38086
1525.00000,11982.08105
1525.50000,11733.41895
1526.00000,11479.87598
1526.50000,11223.62891
1527.00000,10971.41406
1527.50000,10731.66309
1528.00000,10508.22559
1528.50000,10303.24316
1529.00000,10108.58789
1529.50000,9920.17480
1530.00000,9737.86328
1530.50000,9562.97852
1531.00000,9398.01563
1531.50000,9241.09668
1532.00000,9089.60840
1532.50000,8944.77246
1533.00000,8809.48047
1533.50000,8689.37988
1534.00000,8587.86426
1534.50000,8500.75586
1535.00000,8423.94434
1535.50000,8350.24512
1536.00000,8275.61523
1536.50000,8198.82617
1537.00000,8122.52100
1537.50000,8051.20361
1538.00000,7990.00342
1538.50000,7940.61230
1539.00000,7904.49023
1539.50000,7876.60645
1540.00000,7851.71582
1540.50000,7824.80859
1541.00000,7793.94482
1541.50000,7758.75293
1542.00000,7719.92920
1542.50000,7679.00098
1543.00000,7638.39746
1543.50000,7601.83496
1544.00000,7572.58057
1544.50000,7552.50244
1545.00000,7535.93701
1545.50000,7517.41064
1546.00000,7493.73438
1546.50000,7467.32422
1547.00000,7444.71436
1547.50000,7430.61963
1548.00000,7425.12402
1548.50000,7421.97070
1549.00000,7413.58252
1549.50000,7396.47119
1550.00000,7374.26074
1550.50000,7353.77393
1551.00000,7341.89551
1551.50000,7337.93750
1552.00000,7337.09521
1552.50000,7331.58252
1553.00000,7318.04590
1553.50000,7296.93896
1554.00000,7274.46387
1554.50000,7257.01465
1555.00000,7250.47754
1555.50000,7252.45215
1556.00000,7258.10010
1556.50000,7261.23730
1557.00000,7259.25928
1557.50000,7252.20166
1558.00000,7243.12549
1558.50000,7234.36621
1559.00000,7226.77588
1559.50000,7219.61865
1560.00000,7212.72705
1560.50000,7206.83887
1561.00000,7202.37012
1561.50000,7198.71338
1562.00000,7193.95557
1562.50000,7186.86377
1563.00000,7177.86426
1563.50000,7169.97412
1564.00000,7165.27881
1564.50000,7163.47754
1565.00000,7161.86816
1565.50000,7157.85693
1566.00000,7151.80908
1566.50000,7146.67822
1567.00000,7146.41260
1567.50000,7150.55371
1568.00000,7156.26025
1568.50000,7158.87891
1569.00000,7156.32520
1569.50000,7149.32227
1570.00000,7143.02441
1570.50000,7142.06787
1571.00000,7149.18701
1571.50000,7161.27490
1572.00000,7174.26758
1572.50000,7183.51611
1573.00000,7187.33887
1573.50000,7186.06494
1574.00000,7183.86865
1574.50000,7183.62061
1575.00000,7185.87061
1575.50000,7187.97900
1576.00000,7186.68994
1576.50000,7180.84961
1577.00000,7172.72559
1577.50000,7166.93652
1578.00000,7165.96338
1578.50000,7169.24268
1579.00000,7173.31738
1579.50000,7174.57764
1580.00000,7171.50049
1580.50000,7166.03711
1581.00000,7160.93213
1581.50000,7157.11572
1582.00000,7152.40967
1582.50000,7143.78516
1583.00000,7129.19727
1583.50000,7110.82227
1584.00000,7092.81445
1584.50000,7079.96484
1585.00000,7073.41260
1585.50000,7072.00586
1586.00000,7070.52441
1586.50000,7065.09863
1587.00000,7054.14746
1587.50000,7040.32275
1588.00000,7027.56201
1588.50000,7018.17627
1589.00000,7011.38184
1589.50000,7004.51465
1590.00000,6995.52100
1590.50000,6984.79297
1591.00000,6975.41895
1591.50000,6970.03662
1592.00000,6969.39307
1592.50000,6970.79150
1593.00000,6971.55273
1593.50000,6969.94727
1594.00000,6966.72510
1594.50000,6962.62695
1595.00000,6957.49170
1595.50000,6950.26563
1596.00000,6939.44580
1596.50000,6925.82227
1597.00000,6911.25293
1597.50000,6898.59277
1598.00000,6889.73779
1598.50000,6885.69629
1599.00000,6885.50000
1599.50000,6886.60156
1600.00000,6885.33887
1600.50000,6878.95264
1601.00000,6866.55713
1601.50000,6850.28467
1602.00000,6835.52148
1602.50000,6826.23340
1603.00000,6822.84424
1603.50000,6822.44482
1604.00000,6821.46094
1604.50000,6817.78418
1605.00000,6811.42969
1605.50000,6803.00000
1606.00000,6792.71582
1606.50000,6779.77344
1607.00000,6764.78809
1607.50000,6750.04199
1608.00000,6739.75488
1608.50000,6735.03662
1609.00000,6735.33545
1609.50000,6738.57813
1610.00000,6742.37744
1610.50000,6745.64209
1611.00000,6747.58691
1611.50000,6747.15430
1612.00000,6742.67236
1612.50000,6735.41553
1613.00000,6727.76270
1613.50000,6722.95801
1614.00000,6721.53564
1614.50000,6720.93945
1615.00000,6716.35889
1615.50000,6705.61279
1616.00000,6689.08643
1616.50000,6671.89648
1617.00000,6658.30518
1617.50000,6651.02930
1618.00000,6649.19141
1618.50000,6651.24854
1619.00000,6654.55273
1619.50000,6657.08936
1620.00000,6656.80078
1620.50000,6653.75781
1621.00000,6649.38232
1621.50000,6646.79590
1622.00000,6647.38477
1622.50000,6650.06836
1623.00000,6650.87646
1623.50000,6646.67871
1624.00000,6636.48438
1624.50000,6624.55859
1625.00000,6615.06299
1625.50000,6609.48486
1626.00000,6605.88770
1626.50000,6601.59521
1627.00000,6595.76611
1627.50000,6589.98047
1628.00000,6586.67627
1628.50000,6585.61426
1629.00000,6585.05615
1629.50000,6583.22803
1630.00000,6580.72705
1630.50000,6580.82715
1631.00000,6585.57910
1631.50000,6593.50146
1632.00000,6599.47363
1632.50000,6598.85107
1633.00000,6589.36719
1633.50000,6575.00293
1634.00000,6562.36133
1634.50000,6557.37402
1635.00000,6558.83545
1635.50000,6563.39209
1636.00000,6566.60889
1636.50000,6566.61865
1637.00000,6563.42627
1637.50000,6558.41748
1638.00000,6551.69482
1638.50000,6542.02881
1639.00000,6530.39160
1639.50000,6519.28027
1640.00000,6512.65234
1640.50000,6511.30615
1641.00000,6513.05664
1641.50000,6513.62988
1642.00000,6511.03711
1642.50000,6506.41943
1643.00000,6503.80664
1643.50000,6505.44824
1644.00000,6509.29639
1644.50000,6511.16846
1645.00000,6508.05469
1645.50000,6502.03125
1646.00000,6497.79541
1646.50000,6501.51416
1647.00000,6511.83594
1647.50000,6524.77295
1648.00000,6533.58447
1648.50000,6534.11816
1649.00000,6524.15430
1649.50000,6508.53125
1650.00000,6493.87793
1650.50000,6487.00977
1651.00000,6488.69727
1651.50000,6496.62012
1652.00000,6503.87354
1652.50000,6503.94678
1653.00000,6493.20703
1653.50000,6475.96436
1654.00000,6457.49414
1654.50000,6443.36182
1655.00000,6435.53467
1655.50000,6435.51221
1656.00000,6442.12939
1656.50000,6452.81445
1657.00000,6463.57275
1657.50000,6468.72705
1658.00000,6463.80176
1658.50000,6447.76416
1659.00000,6428.89209
1659.50000,6416.52686
1660.00000,6415.84619
1660.50000,6424.14453
1661.00000,6433.62744
1661.50000,6435.01172
1662.00000,6425.04688
1662.50000,6407.59668
1663.00000,6391.10693
1663.50000,6382.74902
1664.00000,6384.40820
1664.50000,6393.04736
1665.00000,6402.63379
1665.50000,6407.49854
1666.00000,6404.69189
1666.50000,6394.14209
1667.00000,6379.61084
1667.50000,6364.99072
1668.00000,6353.73242
1668.50000,6347.02783
1669.00000,6346.02979
1669.50000,6349.28076
1670.00000,6356.25684
1670.50000,6365.64160
1671.00000,6375.21240
1671.50000,6383.14941
1672.00000,6389.01465
1672.50000,6393.49121
1673.00000,6397.46191
1673.50000,6400.86279
1674.00000,6401.71436
1674.50000,6397.40771
1675.00000,6387.46289
1675.50000,6372.62451
1676.00000,6357.08105
1676.50000,6345.00537
1677.00000,6339.70068
1677.50000,6339.77588
1678.00000,6343.10596
1678.50000,6346.12695
1679.00000,6346.39063
1679.50000,6342.98730
1680.00000,6338.55908
1680.50000,6335.87207
1681.00000,6337.29590
1681.50000,6341.75391
1682.00000,6346.43359
1682.50000,6347.25195
1683.00000,6342.76367
1683.50000,6332.97510
1684.00000,6321.40820
1684.50000,6311.03955
1685.00000,6304.47217
1685.50000,6301.68262
1686.00000,6302.51855
1686.50000,6306.02393
1687.00000,6310.76953
1687.50000,6314.46973
1688.00000,6314.61523
1688.50000,6309.88135
1689.00000,6301.11670
1689.50000,6291.70313
1690.00000,6284.64600
1690.50000,6280.62305
1691.00000,6277.44287
1691.50000,6271.42529
1692.00000,6261.72900
1692.50000,6249.83154
1693.00000,6239.68262
1693.50000,6234.87451
1694.00000,6238.00879
1694.50000,6247.51270
1695.00000,6260.59082
1695.50000,6273.43848
1696.00000,6281.88379
1696.50000,6281.56494
1697.00000,6271.60596
1697.50000,6256.21826
1698.00000,6241.03662
1698.50000,6231.53271
1699.00000,6229.29688
1699.50000,6232.37061
1700.00000,6234.73926
1700.50000,6233.68701
1701.00000,6230.18750
1701.50000,6227.77441
1702.00000,6229.85400
1702.50000,6235.22656
1703.00000,6240.19580
1703.50000,6240.41113
1704.00000,6235.56982
1704.50000,6227.72314
1705.00000,6221.67188
1705.50000,6220.45654
1706.00000,6225.11279
1706.50000,6232.48486
1707.00000,6239.13232
1707.50000,6241.38184
1708.00000,6238.52051
1708.50000,6230.69971
1709.00000,6219.22363
1709.50000,6205.87695
1710.00000,6192.56006
1710.50000,6181.76660
1711.00000,6175.58398
1711.50000,6175.56934
1712.00000,6180.08057
1712.50000,6187.04297
1713.00000,6192.86523
1713.50000,6194.82324
1714.00000,6190.94189
1714.50000,6182.98389
1715.00000,6173.43555
1715.50000,6166.13965
1716.00000,6163.64453
1716.50000,6166.34180
1717.00000,6171.10596
1717.50000,6174.39941
1718.00000,6173.17188
1718.50000,6168.41504
1719.00000,6162.34326
1719.50000,6157.11963
1720.00000,6152.86279
1720.50000,6148.80713
1721.00000,6144.91309
1721.50000,6142.93848
1722.00000,6146.24707
1722.50000,6154.49219
1723.00000,6165.46777
1723.50000,6174.26367
1724.00000,6176.78809
1724.50000,6171.34229
1725.00000,6161.42432
1725.50000,6150.96436
1726.00000,6143.43555
1726.50000,6139.16650
1727.00000,6137.14063
1727.50000,6135.63135
1728.00000,6134.01123
1728.50000,6132.68945
1729.00000,6131.98486
1729.50000,6131.31104
1730.00000,6129.13574
1730.50000,6125.10352
1731.00000,6120.20166
1731.50000,6117.02930
1732.00000,6117.72217
1732.50000,6122.90479
1733.00000,6129.58154
1733.50000,6134.76807
1734.00000,6135.85498
1734.50000,6133.27490
1735.00000,6128.26416
1735.50000,6122.82813
1736.00000,6117.87305
1736.50000,6113.33691
1737.00000,6108.49951
1737.50000,6102.87012
1738.00000,6096.81885
1738.50000,6091.44727
1739.00000,6087.78467
1739.50000,6085.57568
1740.00000,6083.15186
