280.00000,4165.88281
280.50000,4165.66016
281.00000,4164.53271
281.50000,4163.95361
282.00000,4165.50830
282.50000,4170.46680
283.00000,4179.30322
283.50000,4190.18213
284.00000,4201.47754
284.50000,4211.80273
285.00000,4220.48730
285.50000,4226.87061
286.00000,4231.36523
286.50000,4234.19482
287.00000,4235.70117
287.50000,4236.37256
288.00000,4236.43164
288.50000,4236.12305
289.00000,4235.35547
289.50000,4233.64844
290.00000,4230.92480
290.50000,4227.26660
291.00000,4223.38086
291.50000,4220.32227
292.00000,4219.73096
292.50000,4221.82520
293.00000,4225.90918
293.50000,4230.85107
294.00000,4235.14014
294.50000,4237.68701
295.00000,4238.13330
295.50000,4237.34473
296.00000,4236.16357
296.50000,4235.16064
297.00000,4234.42188
297.50000,4233.77539
298.00000,4233.10742
298.50000,4232.84326
299.00000,4233.71436
299.50000,4236.10205
300.00000,4240.21924
300.50000,4245.09570
301.00000,4249.41553
301.50000,4251.60498
302.00000,4251.70947
302.50000,4250.12598
303.00000,4248.03857
303.50000,4246.49512
304.00000,4246.25635
304.50000,4246.79736
305.00000,4247.24707
305.50000,4246.90576
306.00000,4245.80029
306.50000,4244.41699
307.00000,4243.77930
307.50000,4244.73389
308.00000,4247.82178
308.50000,4252.36621
309.00000,4257.80371
309.50000,4263.35986
310.00000,4268.31738
310.50000,4271.79004
311.00000,4273.43457
311.50000,4273.13574
312.00000,4270.57617
312.50000,4266.70850
313.00000,4262.53760
313.50000,4259.91748
314.00000,4260.01172
314.50000,4263.75830
315.00000,4270.47412
315.50000,4278.90625
316.00000,4287.37988
316.50000,4294.09863
317.00000,4298.02246
317.50000,4299.20605
318.00000,4298.57373
318.50000,4296.75342
319.00000,4294.47949
319.50000,4291.87891
320.00000,4288.45313
320.50000,4283.99512
321.00000,4278.48926
321.50000,4272.62500
322.00000,4267.52051
322.50000,4264.89063
323.00000,4265.57910
323.50000,4269.02734
324.00000,4274.09570
324.50000,4278.77734
325.00000,4281.38037
325.50000,4281.04834
326.00000,4278.53564
326.50000,4275.83154
327.00000,4274.96680
327.50000,4277.07617
328.00000,4282.44482
328.50000,4289.29443
329.00000,4295.19775
329.50000,4297.71045
330.00000,4296.35205
330.50000,4291.06689
331.00000,4284.09326
331.50000,4277.51123
332.00000,4273.80273
332.50000,4273.93994
333.00000,4278.00537
333.50000,4284.88232
334.00000,4293.20801
334.50000,4301.84277
335.00000,4309.77197
335.50000,4316.21875
336.00000,4320.72314
336.50000,4323.38574
337.00000,4323.97852
337.50000,4322.93115
338.00000,4320.92920
338.50000,4318.91553
339.00000,4317.80957
339.50000,4317.84668
340.00000,4318.53076
340.50000,4318.79785
341.00000,4317.35498
341.50000,4313.64648
342.00000,4308.26123
342.50000,4303.13721
343.00000,4300.25146
343.50000,4301.25098
344.00000,4306.71826
344.50000,4315.30957
345.00000,4325.18457
345.50000,4333.63428
346.00000,4339.20215
346.50000,4340.57178
347.00000,4338.44971
347.50000,4333.07813
348.00000,4325.34961
348.50000,4316.88770
349.00000,4309.88867
349.50000,4306.33154
350.00000,4307.84424
350.50000,4316.03418
351.00000,4329.06055
351.50000,4344.46533
352.00000,4357.65234
352.50000,4365.79199
353.00000,4366.45361
353.50000,4361.33398
354.00000,4352.80078
354.50000,4344.29639
355.00000,4338.75830
355.50000,4337.18213
356.00000,4338.57520
356.50000,4341.09961
357.00000,4342.92188
357.50000,4342.94043
358.00000,4340.67627
358.50000,4336.64063
359.00000,4331.99023
359.50000,4327.63672
360.00000,4324.48877
360.50000,4323.16650
361.00000,4324.82666
361.50000,4329.43408
362.00000,4336.59668
362.50000,4345.53760
363.00000,4354.87012
363.50000,4363.30176
364.00000,4369.86182
364.50000,4374.12207
365.00000,4375.95654
365.50000,4376.54980
366.00000,4376.54346
366.50000,4376.52539
367.00000,4376.74316
367.50000,4377.09619
368.00000,4377.10791
368.50000,4376.29883
369.00000,4374.01855
369.50000,4370.26465
370.00000,4364.84912
370.50000,4357.84619
371.00000,4349.79297
371.50000,4341.50781
372.00000,4334.29199
372.50000,4329.34131
373.00000,4328.36426
373.50000,4331.23145
374.00000,4337.87744
374.50000,4346.85645
375.00000,4355.69141
375.50000,4362.11768
376.00000,4365.34424
376.50000,4365.41992
377.00000,4362.82959
377.50000,4359.15771
378.00000,4355.36768
378.50000,4351.99658
379.00000,4349.11230
379.50000,4346.99365
380.00000,4345.89697
380.50000,4346.17090
381.00000,4347.95313
381.50000,4350.01367
382.00000,4350.25488
382.50000,4346.69092
383.00000,4338.72168
383.50000,4326.23730
384.00000,4312.14160
384.50000,4299.89502
385.00000,4294.04395
385.50000,4295.15137
386.00000,4303.46680
386.50000,4316.39404
387.00000,4330.58984
387.50000,4342.48145
388.00000,4349.75977
388.50000,4351.48730
389.00000,4348.31787
389.50000,4342.45654
390.00000,4335.53076
390.50000,4329.22998
391.00000,4324.41016
391.50000,4321.75391
392.00000,4320.45459
392.50000,4320.05371
393.00000,4320.24854
393.50000,4320.81152
394.00000,4321.60938
394.50000,4322.18066
395.00000,4321.64648
395.50000,4318.67773
396.00000,4313.45752
396.50000,4306.68311
397.00000,4300.37988
397.50000,4296.81885
398.00000,4298.73389
398.50000,4306.40088
399.00000,4317.60986
399.50000,4329.03662
400.00000,4337.50684
400.50000,4340.84180
401.00000,4338.86084
401.50000,4333.82959
402.00000,4328.84668
402.50000,4326.65479
403.00000,4328.09766
403.50000,4333.06787
404.00000,4339.45068
404.50000,4345.44727
405.00000,4349.42383
405.50000,4350.87891
406.00000,4350.00098
406.50000,4348.02393
407.00000,4345.84229
407.50000,4344.23975
408.00000,4343.47266
408.50000,4343.60156
409.00000,4344.29492
409.50000,4345.04834
410.00000,4345.45996
410.50000,4345.39209
411.00000,4344.86475
411.50000,4344.10645
412.00000,4343.55225
412.50000,4343.82861
413.00000,4345.20459
413.50000,4347.52344
414.00000,4350.41309
414.50000,4353.08008
415.00000,4354.91016
415.50000,4355.64404
416.00000,4356.06934
416.50000,4357.72266
417.00000,4361.87061
417.50000,4368.75098
418.00000,4377.96338
418.50000,4387.24805
419.00000,4394.35645
419.50000,4397.08594
420.00000,4396.13086
420.50000,4393.09668
421.00000,4390.47314
421.50000,4389.82910
422.00000,4392.04785
422.50000,4395.71289
423.00000,4399.21094
423.50000,4401.14648
424.00000,4401.83447
424.50000,4402.29492
425.00000,4403.78613
425.50000,4406.85352
426.00000,4411.38330
426.50000,4416.03223
427.00000,4419.62354
427.50000,4421.84277
428.00000,4423.37891
428.50000,4425.23486
429.00000,4428.25049
429.50000,4432.72168
430.00000,4438.51855
430.50000,4444.56006
431.00000,4449.69336
431.50000,4452.79883
432.00000,4453.28320
432.50000,4450.20410
433.00000,4444.24854
433.50000,4436.54443
434.00000,4429.40088
434.50000,4425.02197
435.00000,4424.79492
435.50000,4428.14355
436.00000,4432.90674
436.50000,4436.20020
437.00000,4435.93555
437.50000,4431.18604
438.00000,4423.18604
438.50000,4415.03467
439.00000,4409.08350
439.50000,4406.47412
440.00000,4406.77979
440.50000,4409.24902
441.00000,4412.26563
441.50000,4415.13818
442.00000,4417.92920
442.50000,4420.98389
443.00000,4424.44824
443.50000,4427.98828
444.00000,4431.04492
444.50000,4432.79639
445.00000,4433.12012
445.50000,4432.14697
446.00000,4430.17627
446.50000,4427.55566
447.00000,4424.28125
447.50000,4420.44971
448.00000,4416.26123
448.50000,4412.14160
449.00000,4408.59863
449.50000,4405.80664
450.00000,4403.43945
450.50000,4400.77441
451.00000,4396.93408
451.50000,4391.62354
452.00000,4385.17285
452.50000,4378.67822
453.00000,4373.53662
453.50000,4370.68604
454.00000,4370.26074
454.50000,4371.36865
455.00000,4373.13477
455.50000,4374.71094
456.00000,4376.02734
456.50000,4377.96631
457.00000,4381.30225
457.50000,4386.34961
458.00000,4392.21191
458.50000,4397.14111
459.00000,4398.56396
459.50000,4395.31592
460.00000,4387.04395
460.50000,4375.39209
461.00000,4363.53174
461.50000,4353.95947
462.00000,4348.25049
462.50000,4346.29541
463.00000,4347.83154
463.50000,4351.07080
464.00000,4354.73193
464.50000,4357.67871
465.00000,4359.23047
465.50000,4358.36963
466.00000,4354.45020
466.50000,4347.59326
467.00000,4338.30420
467.50000,4329.25342
468.00000,4323.61475
468.50000,4324.34082
469.00000,4331.06543
469.50000,4342.59277
470.00000,4355.02246
470.50000,4364.54297
471.00000,4366.94043
471.50000,4362.48828
472.00000,4353.22656
472.50000,4342.59863
473.00000,4333.36768
473.50000,4326.87549
474.00000,4322.43945
474.50000,4318.72168
475.00000,4314.80273
475.50000,4311.27295
476.00000,4309.94189
476.50000,4312.49414
477.00000,4318.43213
477.50000,4326.06055
478.00000,4331.99561
478.50000,4333.54248
479.00000,4328.36865
479.50000,4319.11328
480.00000,4309.48975
480.50000,4303.23389
481.00000,4301.67920
481.50000,4304.93848
482.00000,4310.22607
482.50000,4314.85986
483.00000,4316.41895
483.50000,4315.21338
484.00000,4312.53711
484.50000,4309.92285
485.00000,4308.13281
485.50000,4307.22607
486.00000,4306.54199
486.50000,4305.62207
487.00000,4304.47998
487.50000,4303.67578
488.00000,4303.65137
488.50000,4304.26465
489.00000,4304.86475
489.50000,4304.49170
490.00000,4302.65869
490.50000,4299.22314
491.00000,4294.29004
491.50000,4288.50635
492.00000,4282.06592
492.50000,4275.14355
493.00000,4268.08691
493.50000,4261.73730
494.00000,4257.05225
494.50000,4255.05762
495.00000,4256.55176
495.50000,4260.32031
496.00000,4264.73535
496.50000,4267.98535
497.00000,4269.16699
497.50000,4267.92822
498.00000,4265.73096
498.50000,4264.09326
499.00000,4264.68701
499.50000,4267.73584
500.00000,4272.72363
500.50000,4278.28760
501.00000,4283.25586
501.50000,4286.44580
502.00000,4287.80029
502.50000,4287.28662
503.00000,4285.25244
503.50000,4282.60303
504.00000,4280.41797
504.50000,4279.80469
505.00000,4281.58887
505.50000,4286.75830
506.00000,4294.35986
506.50000,4303.26660
507.00000,4311.37793
507.50000,4316.85840
508.00000,4318.51025
508.50000,4317.28760
509.00000,4314.70996
509.50000,4312.64160
510.00000,4312.24463
510.50000,4313.84375
511.00000,4316.52930
511.50000,4318.71582
512.00000,4319.02100
512.50000,4317.52734
513.00000,4314.96680
513.50000,4312.49658
514.00000,4310.99609
514.50000,4310.77441
515.00000,4311.29102
515.50000,4311.58984
516.00000,4310.89697
516.50000,4309.46338
517.00000,4307.94238
517.50000,4307.25879
518.00000,4307.79688
518.50000,4309.66602
519.00000,4312.37500
519.50000,4315.32666
520.00000,4318.11035
520.50000,4320.52539
521.00000,4322.13770
521.50000,4321.87402
522.00000,4318.91211
522.50000,4312.10986
523.00000,4301.93457
523.50000,4290.26904
524.00000,4280.70508
524.50000,4275.79150
525.00000,4276.54834
525.50000,4281.85645
526.00000,4288.18262
526.50000,4292.15430
527.00000,4291.96387
527.50000,4288.20117
528.00000,4282.99707
528.50000,4279.48193
529.00000,4278.58496
529.50000,4278.87891
530.00000,4277.48242
530.50000,4271.19873
531.00000,4259.36621
531.50000,4243.55273
532.00000,4227.07715
532.50000,4214.20850
533.00000,4207.60107
533.50000,4207.34863
534.00000,4210.85498
534.50000,4215.57520
535.00000,4218.91504
535.50000,4219.73145
536.00000,4217.69824
536.50000,4214.25586
537.00000,4210.44922
537.50000,4206.75098
538.00000,4202.78955
538.50000,4197.67627
539.00000,4191.11572
539.50000,4183.57178
540.00000,4176.63477
540.50000,4172.22900
541.00000,4172.53418
541.50000,4177.63965
542.00000,4185.26758
542.50000,4192.56250
543.00000,4196.91064
543.50000,4197.11963
544.00000,4193.40527
544.50000,4188.42334
545.00000,4184.71240
545.50000,4184.12207
546.00000,4186.17236
546.50000,4189.43213
547.00000,4191.90186
547.50000,4192.44922
548.00000,4190.74121
548.50000,4187.80322
549.00000,4184.57178
549.50000,4181.79639
550.00000,4179.51563
550.50000,4177.29980
551.00000,4174.79150
551.50000,4172.07178
552.00000,4169.74414
552.50000,4168.50977
553.00000,4169.15283
553.50000,4171.58301
554.00000,4174.98779
554.50000,4177.78418
555.00000,4178.78857
555.50000,4177.58057
556.00000,4174.94580
556.50000,4172.69678
557.00000,4172.84521
557.50000,4176.15479
558.00000,4181.93994
558.50000,4188.29590
559.00000,4192.58789
559.50000,4193.42822
560.00000,4191.14648
560.50000,4187.62549
561.00000,4184.58789
561.50000,4182.84619
562.00000,4181.98730
562.50000,4180.79004
563.00000,4178.38574
563.50000,4174.98242
564.00000,4172.11914
564.50000,4171.00439
565.00000,4172.11914
565.50000,4173.99072
566.00000,4174.64160
566.50000,4171.76514
567.00000,4165.35693
567.50000,4156.29053
568.00000,4147.24707
568.50000,4140.68896
569.00000,4138.67334
569.50000,4140.78174
570.00000,4146.04932
570.50000,4152.84180
571.00000,4158.88477
571.50000,4162.09277
572.00000,4161.22363
572.50000,4156.63232
573.00000,4150.14209
573.50000,4145.11963
574.00000,4144.25781
574.50000,4149.35693
575.00000,4158.51416
575.50000,4168.77441
576.00000,4175.90820
576.50000,4177.26025
577.00000,4170.57813
577.50000,4159.01172
578.00000,4145.77197
578.50000,4133.97705
579.00000,4125.13916
579.50000,4120.15723
580.00000,4118.59033
580.50000,4119.78955
581.00000,4123.84521
581.50000,4129.66943
582.00000,4136.08057
582.50000,4141.00000
583.00000,4142.97607
583.50000,4140.75342
584.00000,4135.13721
584.50000,4127.79150
585.00000,4120.79785
585.50000,4115.73877
586.00000,4113.49609
586.50000,4114.11963
587.00000,4116.62695
587.50000,4120.61475
588.00000,4125.62695
588.50000,4131.39551
589.00000,4137.54834
589.50000,4143.27148
590.00000,4147.45508
590.50000,4148.87451
591.00000,4147.08350
591.50000,4141.51123
592.00000,4133.93945
592.50000,4126.40137
593.00000,4121.73877
593.50000,4121.38135
594.00000,4126.25830
594.50000,4135.08496
595.00000,4144.95361
595.50000,4152.50000
596.00000,4155.75195
596.50000,4154.77344
597.00000,4151.46680
597.50000,4148.48975
598.00000,4147.13818
598.50000,4146.90918
599.00000,4146.14355
599.50000,4142.88965
600.00000,4137.24658
600.50000,4130.71436
601.00000,4126.33203
601.50000,4125.76660
602.00000,4129.11084
602.50000,4134.13623
603.00000,4138.31592
603.50000,4139.43945
604.00000,4137.70898
604.50000,4133.92920
605.00000,4129.17725
605.50000,4124.04980
606.00000,4118.04199
606.50000,4110.85205
607.00000,4103.08838
607.50000,4096.46289
608.00000,4092.44800
608.50000,4091.97021
609.00000,4094.69995
609.50000,4098.78662
610.00000,4102.75293
610.50000,4105.94141
611.00000,4108.83057
611.50000,4112.28564
612.00000,4116.07080
612.50000,4118.88184
613.00000,4118.69141
613.50000,4114.67578
614.00000,4106.51807
614.50000,4096.23047
615.00000,4086.01050
615.50000,4077.98047
616.00000,4072.39453
616.50000,4068.71851
617.00000,4065.96289
617.50000,4063.52710
618.00000,4061.49731
618.50000,4060.10107
619.00000,4059.48462
619.50000,4059.73853
620.00000,4060.66016
620.50000,4062.42944
621.00000,4065.31445
621.50000,4069.11548
622.00000,4073.03052
622.50000,4075.75439
623.00000,4076.25610
623.50000,4074.06934
624.00000,4070.66968
624.50000,4067.98755
625.00000,4067.95190
625.50000,4070.93140
626.00000,4076.08252
626.50000,4080.38208
627.00000,4081.29565
627.50000,4077.05371
628.00000,4068.93115
628.50000,4058.64111
629.00000,4048.92041
629.50000,4041.65820
630.00000,4038.37598
630.50000,4038.12524
631.00000,4039.84375
631.50000,4042.18115
632.00000,4044.19214
632.50000,4045.78271
633.00000,4047.36108
633.50000,4049.26855
634.00000,4051.50903
634.50000,4053.47559
635.00000,4054.36206
635.50000,4053.46558
636.00000,4051.12134
636.50000,4048.21338
637.00000,4046.33154
637.50000,4046.37280
638.00000,4048.74048
638.50000,4052.02466
639.00000,4054.77173
639.50000,4055.55542
640.00000,4054.23462
640.50000,4051.33325
641.00000,4048.48218
641.50000,4047.05493
642.00000,4048.26343
642.50000,4051.24487
643.00000,4054.87476
643.50000,4057.73438
644.00000,4059.01611
644.50000,4058.15088
645.00000,4055.59985
645.50000,4051.88696
646.00000,4047.40137
646.50000,4042.62598
647.00000,4037.83423
647.50000,4033.46851
648.00000,4029.99756
648.50000,4028.18286
649.00000,4028.15430
649.50000,4029.81421
650.00000,4032.78003
650.50000,4036.00732
651.00000,4038.49634
651.50000,4039.32251
652.00000,4038.14331
652.50000,4034.64868
653.00000,4029.95264
653.50000,4025.61377
654.00000,4023.72949
654.50000,4025.17944
655.00000,4030.23633
655.50000,4036.96558
656.00000,4042.42847
656.50000,4042.71753
657.00000,4036.88696
657.50000,4025.57690
658.00000,4012.02588
658.50000,4001.14014
659.00000,3996.88525
659.50000,3999.43457
660.00000,4006.25171
660.50000,4014.05176
661.00000,4019.82959
661.50000,4022.63208
662.00000,4023.38940
662.50000,4024.24097
663.00000,4026.71460
663.50000,4030.69678
664.00000,4034.84521
664.50000,4037.22388
665.00000,4037.54248
665.50000,4036.22705
666.00000,4034.37280
666.50000,4032.77661
667.00000,4031.28394
667.50000,4028.90039
668.00000,4024.59521
668.50000,4017.32983
669.00000,4008.07813
669.50000,3998.26733
670.00000,3990.35620
670.50000,3985.96558
671.00000,3986.80493
671.50000,3992.29907
672.00000,4001.23315
672.50000,4011.97314
673.00000,4022.20776
673.50000,4030.20728
674.00000,4034.90308
674.50000,4036.42725
675.00000,4034.59082
675.50000,4030.30835
676.00000,4024.41431
676.50000,4018.09180
677.00000,4012.89258
677.50000,4010.47363
678.00000,4011.63672
678.50000,4015.51782
679.00000,4020.24072
679.50000,4022.95264
680.00000,4021.57422
680.50000,4015.08789
681.00000,4005.71558
681.50000,3996.17944
682.00000,3989.12451
682.50000,3985.11597
683.00000,3983.84668
683.50000,3983.57690
684.00000,3983.52979
684.50000,3983.93384
685.00000,3985.59692
685.50000,3989.49487
686.00000,3995.39063
686.50000,4001.99463
687.00000,4007.18921
687.50000,4009.44214
688.00000,4008.02344
688.50000,4003.13843
689.00000,3996.35596
689.50000,3989.15479
690.00000,3983.34595
690.50000,3980.22534
691.00000,3981.37500
691.50000,3985.76099
692.00000,3992.00488
692.50000,3997.46265
693.00000,3999.92188
693.50000,3997.68555
694.00000,3992.41040
694.50000,3986.76416
695.00000,3983.98047
695.50000,3985.08496
696.00000,3989.96582
696.50000,3996.75098
697.00000,4003.06201
697.50000,4007.10815
698.00000,4008.77051
698.50000,4008.75830
699.00000,4007.87500
699.50000,4006.73413
700.00000,4005.09546
700.50000,4002.51636
701.00000,3999.04761
701.50000,3995.24121
702.00000,3992.22925
702.50000,3991.02637
703.00000,3992.56348
703.50000,3996.21265
704.00000,4001.17041
704.50000,4005.96753
705.00000,4009.39380
705.50000,4010.30469
706.00000,4008.94580
706.50000,4005.99365
707.00000,4002.28052
707.50000,3998.61011
708.00000,3995.30957
708.50000,3992.37793
709.00000,3989.71973
709.50000,3987.51880
710.00000,3986.03394
710.50000,3985.61304
711.00000,3986.43970
711.50000,3988.00537
712.00000,3989.74829
712.50000,3991.19556
713.00000,3992.48853
713.50000,3994.29858
714.00000,3997.04565
714.50000,4000.57617
715.00000,4003.72388
715.50000,4004.97876
716.00000,4002.75610
716.50000,3997.29346
717.00000,3990.33643
717.50000,3984.97729
718.00000,3983.59717
718.50000,3987.49902
719.00000,3995.50732
719.50000,4003.77246
720.00000,4008.51245
720.50000,4007.93530
721.00000,4002.63354
721.50000,3994.57886
722.00000,3987.36450
722.50000,3983.34009
723.00000,3983.22534
723.50000,3985.43188
724.00000,3988.04077
724.50000,3989.40576
725.00000,3989.29565
725.50000,3988.65649
726.00000,3988.93848
726.50000,3990.73901
727.00000,3993.43311
727.50000,3995.65088
728.00000,3995.95117
728.50000,3994.26123
729.00000,3991.44971
729.50000,3989.16431
730.00000,3988.63281
730.50000,3990.26392
731.00000,3992.94678
731.50000,3994.83374
732.00000,3993.82275
732.50000,3989.87939
733.00000,3984.36816
733.50000,3979.82837
734.00000,3978.34399
734.50000,3981.29785
735.00000,3987.87207
735.50000,3995.78735
736.00000,4002.38281
736.50000,4006.14990
737.00000,4006.92065
737.50000,4005.87305
738.00000,4005.10840
738.50000,4006.01953
739.00000,4008.43066
739.50000,4010.76563
740.00000,4010.68823
740.50000,4007.42993
741.00000,4001.19702
741.50000,3993.59009
742.00000,3986.88354
742.50000,3982.85913
743.00000,3981.53955
743.50000,3981.51318
744.00000,3980.40186
744.50000,3976.51245
745.00000,3969.24512
745.50000,3959.89673
746.00000,3951.43115
746.50000,3947.09131
747.00000,3947.79956
747.50000,3952.37427
748.00000,3958.32471
748.50000,3962.38403
749.00000,3962.60742
749.50000,3959.04468
750.00000,3954.06323
750.50000,3950.49756
751.00000,3950.23608
751.50000,3953.39209
752.00000,3958.80859
752.50000,3963.85889
753.00000,3966.65454
753.50000,3966.50977
754.00000,3964.67651
754.50000,3962.58887
755.00000,3961.47241
755.50000,3961.55688
756.00000,3962.20703
756.50000,3962.18091
757.00000,3960.50098
757.50000,3957.18237
758.00000,3953.44873
758.50000,3951.41064
759.00000,3952.59814
759.50000,3957.50977
760.00000,3965.22485
760.50000,3972.70483
761.00000,3976.85474
761.50000,3976.20557
762.00000,3971.75293
762.50000,3965.41846
763.00000,3960.03589
763.50000,3957.16064
764.00000,3957.22314
764.50000,3958.92065
765.00000,3961.32275
765.50000,3963.83423
766.00000,3966.39429
766.50000,3968.80371
767.00000,3970.24805
767.50000,3969.33032
768.00000,3964.61890
768.50000,3956.91602
769.00000,3948.29736
769.50000,3941.87280
770.00000,3939.57715
770.50000,3942.73730
771.00000,3948.90430
771.50000,3955.67725
772.00000,3960.38452
772.50000,3961.95801
773.00000,3959.93628
773.50000,3955.46289
774.00000,3949.83325
774.50000,3944.35596
775.00000,3940.25024
775.50000,3938.81763
776.00000,3941.28003
776.50000,3947.33130
777.00000,3956.30591
777.50000,3965.90112
778.00000,3973.89868
778.50000,3977.93237
779.00000,3978.26001
779.50000,3975.85840
780.00000,3973.26172
780.50000,3972.91406
781.00000,3976.78931
781.50000,3984.00293
782.00000,3992.30298
782.50000,3998.12671
783.00000,3999.35596
783.50000,3995.05273
784.00000,3987.10156
784.50000,3978.99438
785.00000,3973.82715
785.50000,3972.13965
786.00000,3972.92969
786.50000,3974.33789
787.00000,3974.86499
787.50000,3974.27417
788.00000,3973.40894
788.50000,3973.07178
789.00000,3973.41260
789.50000,3973.67505
790.00000,3973.30347
790.50000,3972.66309
791.00000,3973.18433
791.50000,3976.70410
792.00000,3983.59766
792.50000,3992.14673
793.00000,3999.07739
793.50000,4002.00000
794.00000,3999.96533
794.50000,3993.85913
795.00000,3986.50781
795.50000,3980.02222
796.00000,3975.36670
796.50000,3972.23828
797.00000,3970.26270
797.50000,3969.13208
798.00000,3969.52759
798.50000,3972.57764
799.00000,3978.40356
799.50000,3986.83594
800.00000,3996.35229
800.50000,4005.48608
801.00000,4012.93091
801.50000,4018.90576
802.00000,4023.82300
802.50000,4028.22729
803.00000,4032.25513
803.50000,4035.10107
804.00000,4035.66992
804.50000,4033.05518
805.00000,4026.40869
805.50000,4017.51270
806.00000,4008.66797
806.50000,4003.09717
807.00000,4002.58154
807.50000,4008.24487
808.00000,4017.48413
808.50000,4026.93359
809.00000,4032.60205
809.50000,4033.20361
810.00000,4029.04712
810.50000,4022.83667
811.00000,4017.45605
811.50000,4015.11426
812.00000,4015.79419
812.50000,4018.69482
813.00000,4022.81396
813.50000,4027.22632
814.00000,4031.84668
814.50000,4036.90796
815.00000,4042.49658
815.50000,4048.34204
816.00000,4053.60669
816.50000,4057.25317
817.00000,4058.02222
817.50000,4055.97949
818.00000,4051.50024
818.50000,4046.48682
819.00000,4043.29858
819.50000,4044.75000
820.00000,4050.80981
820.50000,4060.31665
821.00000,4070.30957
821.50000,4077.56616
822.00000,4079.60986
822.50000,4076.84839
823.00000,4071.66870
823.50000,4067.28662
824.00000,4066.00537
824.50000,4068.64697
825.00000,4074.34912
825.50000,4080.81738
826.00000,4086.14429
826.50000,4089.29712
827.00000,4090.19409
827.50000,4088.62158
828.00000,4085.31348
828.50000,4080.53857
829.00000,4075.01929
829.50000,4069.83789
830.00000,4066.28149
830.50000,4065.02124
831.00000,4066.13086
831.50000,4069.67554
832.00000,4074.72192
832.50000,4080.82178
833.00000,4087.20093
833.50000,4092.76367
834.00000,4095.75171
834.50000,4095.29272
835.00000,4091.67407
835.50000,4086.90527
836.00000,4084.66211
836.50000,4088.48926
837.00000,4099.47656
837.50000,4114.61670
838.00000,4128.69824
838.50000,4136.52686
839.00000,4136.28418
839.50000,4129.24023
840.00000,4121.09619
840.50000,4116.52734
841.00000,4117.72021
841.50000,4123.09229
842.00000,4129.86963
842.50000,4135.21924
843.00000,4138.50830
843.50000,4140.86279
844.00000,4144.05225
844.50000,4148.83105
845.00000,4154.39307
845.50000,4159.49902
846.00000,4163.58301
846.50000,4167.81055
847.00000,4173.95361
847.50000,4183.52197
848.00000,4195.51367
848.50000,4207.65869
849.00000,4216.86914
849.50000,4221.62061
850.00000,4220.87549
850.50000,4216.86426
851.00000,4211.45898
851.50000,4206.96826
852.00000,4205.10156
852.50000,4207.68945
853.00000,4214.95557
853.50000,4225.86328
854.00000,4238.59473
854.50000,4250.08350
855.00000,4258.15283
855.50000,4262.05664
856.00000,4263.52979
856.50000,4264.66943
857.00000,4267.24561
857.50000,4271.42725
858.00000,4276.20313
858.50000,4280.10400
859.00000,4282.52979
859.50000,4284.04346
860.00000,4285.76318
860.50000,4288.25195
861.00000,4290.96631
861.50000,4293.00684
862.00000,4293.58643
862.50000,4293.25928
863.00000,4293.08350
863.50000,4294.41406
864.00000,4297.88379
864.50000,4304.08789
865.00000,4312.51855
865.50000,4322.76465
866.00000,4334.39746
866.50000,4346.33154
867.00000,4357.42236
867.50000,4366.63574
868.00000,4373.88037
868.50000,4379.63379
869.00000,4385.44287
869.50000,4392.45068
870.00000,4401.15723
870.50000,4410.62598
871.00000,4419.63818
871.50000,4427.21240
872.00000,4433.39111
872.50000,4438.56055
873.00000,4443.45947
873.50000,4448.20557
874.00000,4452.35889
874.50000,4455.49268
875.00000,4457.31641
875.50000,4458.40381
876.00000,4459.81738
876.50000,4463.13135
877.00000,4468.84082
877.50000,4476.75684
878.00000,4485.20654
878.50000,4491.51855
879.00000,4492.36475
879.50000,4486.42139
880.00000,4474.74756
880.50000,4459.83838
881.00000,4446.48047
881.50000,4438.14502
882.00000,4436.25830
882.50000,4438.28320
883.00000,4440.65283
883.50000,4439.55322
884.00000,4433.35889
884.50000,4421.62793
885.00000,4407.03516
885.50000,4391.22559
886.00000,4375.65723
886.50000,4361.24121
887.00000,4349.39893
887.50000,4341.33008
888.00000,4338.06543
888.50000,4340.61621
889.00000,4346.57959
889.50000,4353.24561
890.00000,4357.04443
890.50000,4356.05518
891.00000,4349.16211
891.50000,4338.75732
892.00000,4327.65332
892.50000,4318.98242
893.00000,4313.88818
893.50000,4312.44922
894.00000,4312.88965
894.50000,4312.93506
895.00000,4310.53760
895.50000,4305.50684
896.00000,4298.68994
896.50000,4291.90771
897.00000,4286.98193
897.50000,4285.30859
898.00000,4286.92334
898.50000,4290.90771
899.00000,4296.50928
899.50000,4302.43066
900.00000,4307.62207
900.50000,4310.56104
901.00000,4310.20264
901.50000,4304.99805
902.00000,4295.09229
902.50000,4282.27637
903.00000,4269.62402
903.50000,4260.66553
904.00000,4258.02588
904.50000,4262.62500
905.00000,4271.56689
905.50000,4281.68994
906.00000,4289.71240
906.50000,4294.54883
907.00000,4296.66064
907.50000,4298.73682
908.00000,4302.66113
908.50000,4308.99658
909.00000,4316.21289
909.50000,4322.08447
910.00000,4325.03418
910.50000,4324.93945
911.00000,4322.34912
911.50000,4319.05664
912.00000,4315.97412
912.50000,4313.51514
913.00000,4311.71875
913.50000,4311.05615
914.00000,4311.96191
914.50000,4314.66113
915.00000,4319.03516
915.50000,4323.84912
916.00000,4328.08691
916.50000,4331.16797
917.00000,4333.34229
917.50000,4334.86914
918.00000,4335.79004
918.50000,4335.56592
919.00000,4333.33301
919.50000,4329.65137
920.00000,4326.05908
920.50000,4325.18555
921.00000,4328.76270
921.50000,4338.15137
922.00000,4351.20947
922.50000,4365.37256
923.00000,4377.66064
923.50000,4386.59570
924.00000,4391.18750
924.50000,4391.66260
925.00000,4388.91406
925.50000,4383.53760
926.00000,4377.71582
926.50000,4373.98096
927.00000,4375.65430
927.50000,4383.49121
928.00000,4397.37012
928.50000,4413.90771
929.00000,4429.14307
929.50000,4439.31250
930.00000,4444.47852
930.50000,4445.79053
931.00000,4445.34717
931.50000,4444.99463
932.00000,4445.36475
932.50000,4446.49902
933.00000,4448.68652
933.50000,4453.43311
934.00000,4461.42188
934.50000,4472.93945
935.00000,4486.61670
935.50000,4499.85254
936.00000,4510.49756
936.50000,4518.64697
937.00000,4526.20850
937.50000,4536.29443
938.00000,4550.01611
938.50000,4566.74023
939.00000,4583.44482
939.50000,4597.04102
940.00000,4605.41357
940.50000,4610.26172
941.00000,4614.94678
941.50000,4624.30322
942.00000,4640.57275
942.50000,4665.29883
943.00000,4697.58008
943.50000,4734.30859
944.00000,4772.84277
944.50000,4810.21533
945.00000,4844.80371
945.50000,4875.99902
946.00000,4905.81104
946.50000,4936.66650
947.00000,4970.71338
947.50000,5007.77734
948.00000,5045.65918
948.50000,5080.48389
949.00000,5109.39404
949.50000,5130.84521
950.00000,5147.69092
950.50000,5162.42188
951.00000,5177.18066
951.50000,5192.05908
952.00000,5205.28857
952.50000,5215.47070
953.00000,5222.25586
953.50000,5226.79443
954.00000,5231.59229
954.50000,5238.74561
955.00000,5249.06787
955.50000,5261.91846
956.00000,5276.13574
956.50000,5289.59766
957.00000,5300.34521
957.50000,5306.48096
958.00000,5308.41455
958.50000,5307.45557
959.00000,5307.10889
959.50000,5310.44678
960.00000,5319.93750
960.50000,5332.76563
961.00000,5344.50195
961.50000,5349.11035
962.00000,5344.14941
962.50000,5328.48389
963.00000,5306.02979
963.50000,5280.90430
964.00000,5255.74854
964.50000,5231.05225
965.00000,5205.86621
965.50000,5179.14697
966.00000,5150.97412
966.50000,5121.58350
967.00000,5091.07910
967.50000,5058.86523
968.00000,5024.06396
968.50000,4988.24365
969.00000,4954.90332
969.50000,4929.14648
970.00000,4913.27881
970.50000,4908.29346
971.00000,4908.61328
971.50000,4908.39600
972.00000,4902.69238
972.50000,4892.47998
973.00000,4881.80908
973.50000,4876.30371
974.00000,4878.10254
974.50000,4886.52881
975.00000,4895.85693
975.50000,4901.26563
976.00000,4899.83008
976.50000,4894.52490
977.00000,4890.03467
977.50000,4891.43604
978.00000,4900.31152
978.50000,4916.49756
979.00000,4935.35498
979.50000,4953.20996
980.00000,4967.38086
980.50000,4978.34863
981.00000,4987.49121
981.50000,4996.98975
982.00000,5008.13379
982.50000,5021.74756
983.00000,5037.28760
983.50000,5054.63428
984.00000,5074.11182
984.50000,5095.78662
985.00000,5120.14404
985.50000,5146.69141
986.00000,5174.45020
986.50000,5202.51270
987.00000,5230.39893
987.50000,5258.60449
988.00000,5288.53076
988.50000,5321.26221
989.00000,5358.00830
989.50000,5398.41357
990.00000,5441.66260
990.50000,5487.86035
991.00000,5536.88525
991.50000,5590.17285
992.00000,5649.41553
992.50000,5714.46436
993.00000,5785.38525
993.50000,5859.96973
994.00000,5936.40527
994.50000,6014.06494
995.00000,6093.24072
995.50000,6175.51807
996.00000,6262.46191
996.50000,6353.94287
997.00000,6449.75391
997.50000,6547.92480
998.00000,6647.03564
998.50000,6746.13477
999.00000,6844.48975
999.50000,6940.59180
1000.00000,7031.57324
1000.50000,7114.53223
1001.00000,7184.08789
1001.50000,7239.92627
1002.00000,7282.80664
1002.50000,7313.93994
1003.00000,7337.77490
1003.50000,7354.17334
1004.00000,7360.92529
1004.50000,7355.30273
1005.00000,7331.12354
1005.50000,7290.13965
1006.00000,7234.71484
1006.50000,7168.39600
1007.00000,7096.81934
1007.50000,7021.16357
1008.00000,6940.96924
1008.50000,6855.52148
1009.00000,6764.15137
1009.50000,6670.26953
1010.00000,6577.43213
1010.50000,6488.91699
1011.00000,6404.46826
1011.50000,6322.39111
1012.00000,6240.14160
1012.50000,6157.21484
1013.00000,6076.21289
1013.50000,6000.60645
1014.00000,5933.46191
1014.50000,5875.44043
1015.00000,5822.63477
1015.50000,5771.61768
1016.00000,5720.07227
1016.50000,5668.90088
1017.00000,5622.48828
1017.50000,5583.66162
1018.00000,5554.12793
1018.50000,5531.98340
1019.00000,5511.99463
1019.50000,5489.68262
1020.00000,5463.38232
1020.50000,5434.72656
1021.00000,5407.86914
1021.50000,5386.20557
1022.00000,5371.49561
1022.50000,5362.17041
1023.00000,5354.05127
1023.50000,5343.07910
1024.00000,5327.63086
1024.50000,5308.60303
1025.00000,5288.50586
1025.50000,5269.99414
1026.00000,5253.71289
1026.50000,5237.69922
1027.00000,5219.01514
1027.50000,5194.84521
1028.00000,5166.46875
1028.50000,5137.29102
1029.00000,5112.60059
1029.50000,5094.86914
1030.00000,5084.60010
1030.50000,5078.32666
1031.00000,5071.56982
1031.50000,5060.89551
1032.00000,5046.71631
1032.50000,5031.22949
1033.00000,5017.59326
1033.50000,5007.25391
1034.00000,5000.45361
1034.50000,4995.79346
1035.00000,4991.85254
1035.50000,4988.02979
1036.00000,4984.30859
1036.50000,4980.95313
1037.00000,4978.35400
1037.50000,4976.83350
1038.00000,4977.17090
1038.50000,4979.67773
1039.00000,4983.77881
1039.50000,4987.97559
1040.00000,4990.38037
1040.50000,4990.01611
1041.00000,4987.59131
1041.50000,4985.36133
1042.00000,4984.95215
1042.50000,4985.41797
1043.00000,4983.75195
1043.50000,4975.01172
1044.00000,4959.21338
1044.50000,4938.98291
1045.00000,4921.05762
1045.50000,4911.27832
1046.00000,4913.75146
1046.50000,4925.18555
1047.00000,4939.83740
1047.50000,4951.67188
1048.00000,4958.70410
1048.50000,4961.94189
1049.00000,4964.63281
1049.50000,4969.01660
1050.00000,4975.00830
1050.50000,4980.17188
1051.00000,4982.31934
1051.50000,4980.10986
1052.00000,4975.48096
1052.50000,4970.52588
1053.00000,4967.29102
1053.50000,4966.41943
1054.00000,4968.29883
1054.50000,4972.33447
1055.00000,4978.09570
1055.50000,4984.67480
1056.00000,4990.03174
1056.50000,4991.37842
1057.00000,4986.77686
1057.50000,4977.16504
1058.00000,4965.52588
1058.50000,4957.12598
1059.00000,4955.91748
1059.50000,4963.81299
1060.00000,4976.63281
1060.50000,4989.34277
1061.00000,4996.96680
1061.50000,4998.29736
1062.00000,4994.53564
1062.50000,4990.61182
1063.00000,4990.25244
1063.50000,4995.61328
1064.00000,5004.82031
1064.50000,5015.21826
1065.00000,5023.54590
1065.50000,5028.05029
1066.00000,5027.29346
1066.50000,5022.78516
1067.00000,5015.82373
1067.50000,5008.27100
1068.00000,5001.79980
1068.50000,4997.44629
1069.00000,4994.79297
1069.50000,4992.66797
1070.00000,4989.91211
1070.50000,4986.78320
1071.00000,4985.08740
1071.50000,4987.85596
1072.00000,4996.28223
1072.50000,5010.28369
1073.00000,5025.76807
1073.50000,5038.09326
1074.00000,5042.19189
1074.50000,5038.97949
1075.00000,5031.12744
1075.50000,5024.04248
1076.00000,5021.89404
1076.50000,5027.04688
1077.00000,5036.93701
1077.50000,5047.81250
1078.00000,5055.76611
1078.50000,5060.00146
1079.00000,5061.61523
1079.50000,5063.57715
1080.00000,5068.23584
1080.50000,5076.83301
1081.00000,5087.69873
1081.50000,5098.57813
1082.00000,5106.93408
1082.50000,5112.09082
1083.00000,5114.07373
1083.50000,5114.25293
1084.00000,5114.31982
1084.50000,5115.69385
1085.00000,5118.64990
1085.50000,5122.62549
1086.00000,5126.15283
1086.50000,5127.81689
1087.00000,5126.72070
1087.50000,5123.74805
1088.00000,5121.02539
1088.50000,5121.37891
1089.00000,5125.61768
1089.50000,5133.13477
1090.00000,5141.86328
1090.50000,5149.58350
1091.00000,5155.55615
1091.50000,5161.00195
1092.00000,5167.64795
1092.50000,5176.85059
1093.00000,5187.50098
1093.50000,5197.78369
1094.00000,5205.64648
1094.50000,5210.75146
1095.00000,5213.39990
1095.50000,5214.94092
1096.00000,5216.51074
1096.50000,5219.45996
1097.00000,5224.95068
1097.50000,5234.70947
1098.00000,5249.94971
1098.50000,5269.03857
1099.00000,5288.93457
1099.50000,5305.30420
1100.00000,5315.63867
1100.50000,5318.81592
1101.00000,5318.80078
1101.50000,5318.91211
1102.00000,5321.56738
1102.50000,5326.43701
1103.00000,5332.16602
1103.50000,5337.48486
1104.00000,5342.65186
1104.50000,5349.30420
1105.00000,5358.43359
1105.50000,5370.25879
1106.00000,5383.65430
1106.50000,5397.20020
1107.00000,5410.29053
1107.50000,5423.27783
1108.00000,5436.72852
1108.50000,5450.94287
1109.00000,5465.43115
1109.50000,5479.50781
1110.00000,5492.45215
1110.50000,5503.82422
1111.00000,5512.75000
1111.50000,5519.40186
1112.00000,5524.70264
1112.50000,5531.40967
1113.00000,5542.79346
1113.50000,5562.30615
1114.00000,5589.91748
1114.50000,5621.64063
1115.00000,5651.25586
1115.50000,5673.65527
1116.00000,5687.05371
1116.50000,5693.81592
1117.00000,5700.66406
1117.50000,5713.47119
1118.00000,5734.13330
1118.50000,5759.77002
1119.00000,5785.54932
1119.50000,5807.43604
1120.00000,5824.78271
1120.50000,5840.57764
1121.00000,5859.38428
1121.50000,5884.81494
1122.00000,5916.26563
1122.50000,5950.37891
1123.00000,5982.93848
1123.50000,6011.98340
1124.00000,6038.18799
1124.50000,6064.91650
1125.00000,6095.61475
1125.50000,6133.02832
1126.00000,6176.16943
1126.50000,6222.29297
1127.00000,6267.94141
1127.50000,6310.55176
1128.00000,6348.90137
1128.50000,6383.40332
1129.00000,6415.96875
1129.50000,6448.10791
1130.00000,6480.99561
1130.50000,6515.10645
1131.00000,6551.16553
1131.50000,6589.62598
1132.00000,6631.83740
1132.50000,6678.65771
1133.00000,6728.98145
1133.50000,6780.68994
1134.00000,6830.51172
1134.50000,6876.61475
1135.00000,6919.18066
1135.50000,6961.88477
1136.00000,7008.85010
1136.50000,7062.81934
1137.00000,7123.02490
1137.50000,7188.26367
1138.00000,7256.16260
1138.50000,7326.86914
1139.00000,7403.12598
1139.50000,7486.38379
1140.00000,7578.23486
1140.50000,7677.46631
1141.00000,7781.78125
1141.50000,7891.83643
1142.00000,8009.05420
1142.50000,8137.42969
1143.00000,8282.73828
1143.50000,8444.64355
1144.00000,8624.60547
1144.50000,8819.64063
1145.00000,9025.91016
1145.50000,9243.94824
1146.00000,9472.86035
1146.50000,9716.23242
1147.00000,9980.20215
1147.50000,10265.17969
1148.00000,10574.27441
1148.50000,10903.20313
1149.00000,11245.62109
1149.50000,11597.93652
1150.00000,11954.65918
1150.50000,12313.39844
1151.00000,12669.81348
1151.50000,13016.83984
1152.00000,13339.73242
1152.50000,13625.42383
1153.00000,13865.21387
1153.50000,14042.15820
1154.00000,14167.00586
1154.50000,14238.80176
1155.00000,14257.06055
1155.50000,14226.56152
1156.00000,14133.58594
1156.50000,13977.32520
1157.00000,13759.20801
1157.50000,13475.38086
1158.00000,13149.99121
1158.50000,12795.97266
1159.00000,12427.70801
1159.50000,12054.34961
1160.00000,11676.41309
1160.50000,11293.00391
1161.00000,10905.52930
1161.50000,10521.77637
1162.00000,10152.23535
1162.50000,9808.88281
1163.00000,9496.93359
1163.50000,9210.71973
1164.00000,8946.81738
1164.50000,8697.05273
1165.00000,8461.11816
1165.50000,8246.29980
1166.00000,8054.76953
1166.50000,7890.62256
1167.00000,7749.29932
1167.50000,7621.27783
1168.00000,7500.43896
1168.50000,7382.46729
1169.00000,7269.01611
1169.50000,7165.81982
1170.00000,7075.64014
1170.50000,7001.63037
1171.00000,6941.39551
1171.50000,6889.61621
1172.00000,6841.66406
1172.50000,6792.76465
1173.00000,6741.45850
1173.50000,6689.39648
1174.00000,6640.64355
1174.50000,6600.73877
1175.00000,6572.54541
1175.50000,6555.13965
1176.00000,6546.50049
1176.50000,6539.78467
1177.00000,6530.35840
1177.50000,6515.84961
1178.00000,6498.57471
1178.50000,6483.40674
1179.00000,6475.88184
1179.50000,6478.79492
1180.00000,6493.79785
1180.50000,6514.47803
1181.00000,6535.13379
1181.50000,6550.48047
1182.00000,6560.20361
1182.50000,6567.35986
1183.00000,6577.88330
1183.50000,6595.74854
1184.00000,6623.12891
1184.50000,6655.36670
1185.00000,6687.90625
1185.50000,6716.33496
1186.00000,6739.50146
1186.50000,6757.34229
1187.00000,6772.07715
1187.50000,6785.22803
1188.00000,6797.74854
1188.50000,6810.56592
1189.00000,6824.53418
1189.50000,6840.09814
1190.00000,6856.47363
1190.50000,6871.37646
1191.00000,6881.94678
1191.50000,6885.76807
1192.00000,6880.84717
1192.50000,6869.37549
1193.00000,6852.81250
1193.50000,6833.37402
1194.00000,6812.36426
1194.50000,6789.11670
1195.00000,6762.74951
1195.50000,6732.32031
1196.00000,6697.74658
1196.50000,6661.49463
1197.00000,6626.15430
1197.50000,6593.40820
1198.00000,6562.30908
1198.50000,6529.24170
1199.00000,6490.65967
1199.50000,6445.00146
1200.00000,6394.56299
1200.50000,6345.69775
1201.00000,6304.94092
1201.50000,6274.50000
1202.00000,6251.47852
1202.50000,6231.15430
1203.00000,6208.91406
1203.50000,6184.50537
1204.00000,6161.47021
1204.50000,6143.34131
1205.00000,6131.50439
1205.50000,6122.85986
1206.00000,6114.00684
1206.50000,6103.91260
1207.00000,6095.59424
1207.50000,6093.42432
1208.00000,6099.85498
1208.50000,6111.32422
1209.00000,6121.61865
1209.50000,6124.76416
1210.00000,6119.20215
1210.50000,6106.49121
1211.00000,6092.56348
1211.50000,6080.47119
1212.00000,6070.02979
1212.50000,6058.45898
1213.00000,6042.75830
1213.50000,6023.17432
1214.00000,6001.95264
1214.50000,5982.01953
1215.00000,5964.12939
1215.50000,5946.65723
1216.00000,5926.00732
1216.50000,5899.71875
1217.00000,5866.41699
1217.50000,5829.24951
1218.00000,5792.17383
1218.50000,5760.00537
1219.00000,5734.34814
1219.50000,5715.32080
1220.00000,5699.70264
1220.50000,5683.37402
1221.00000,5662.81934
1221.50000,5638.14014
1222.00000,5611.28271
1222.50000,5585.45068
1223.00000,5562.65332
1223.50000,5543.65723
1224.00000,5527.60596
1224.50000,5513.60352
1225.00000,5502.28076
1225.50000,5493.85400
1226.00000,5488.28027
1226.50000,5484.20752
1227.00000,5479.38525
1227.50000,5472.39258
1228.00000,5463.97998
1228.50000,5456.01758
1229.00000,5450.37549
1229.50000,5446.68408
1230.00000,5443.96143
1230.50000,5441.68604
1231.00000,5440.93896
1231.50000,5444.63867
1232.00000,5454.11084
1232.50000,5467.59375
1233.00000,5479.92822
1233.50000,5485.37598
1234.00000,5480.20752
1234.50000,5465.41943
1235.00000,5447.70801
1235.50000,5434.40625
1236.00000,5429.84180
1236.50000,5433.58594
1237.00000,5442.46582
1237.50000,5450.44092
1238.00000,5453.94678
1238.50000,5452.55127
1239.00000,5449.26611
1239.50000,5447.68164
1240.00000,5450.16357
1240.50000,5456.95166
1241.00000,5466.85986
1241.50000,5476.86768
1242.00000,5484.91406
1242.50000,5490.30518
1243.00000,5494.12402
1243.50000,5497.73730
1244.00000,5501.96484
1244.50000,5506.35889
1245.00000,5509.50293
1245.50000,5510.77637
1246.00000,5510.62109
1246.50000,5510.97314
1247.00000,5513.56885
1247.50000,5519.42041
1248.00000,5526.84863
1248.50000,5533.62012
1249.00000,5537.60010
1249.50000,5538.95264
1250.00000,5538.85352
1250.50000,5539.69336
1251.00000,5543.46729
1251.50000,5552.45752
1252.00000,5566.14746
1252.50000,5583.29639
1253.00000,5601.07666
1253.50000,5616.33350
1254.00000,5627.03027
1254.50000,5634.59229
1255.00000,5642.73535
1255.50000,5656.35840
1256.00000,5675.87842
1256.50000,5698.60889
1257.00000,5718.56299
1257.50000,5731.55908
1258.00000,5736.68262
1258.50000,5738.84131
1259.00000,5743.00293
1259.50000,5752.11621
1260.00000,5763.16748
1260.50000,5771.92090
1261.00000,5774.99561
1261.50000,5773.77100
1262.00000,5771.73975
1262.50000,5772.61426
1263.00000,5777.01123
1263.50000,5782.97803
1264.00000,5787.32178
1264.50000,5788.89307
1265.00000,5789.25000
1265.50000,5791.09717
1266.00000,5796.14063
1266.50000,5802.71484
1267.00000,5807.64160
1267.50000,5807.44629
1268.00000,5802.89941
1268.50000,5796.56006
1269.00000,5792.76807
1269.50000,5794.05469
1270.00000,5801.30859
1270.50000,5811.24268
1271.00000,5820.34033
1271.50000,5825.51563
1272.00000,5827.18164
1272.50000,5826.98877
1273.00000,5827.50098
1273.50000,5829.96484
1274.00000,5834.50879
1274.50000,5840.00342
1275.00000,5846.11182
1275.50000,5853.60107
1276.00000,5862.89893
1276.50000,5873.55957
1277.00000,5883.44971
1277.50000,5890.51660
1278.00000,5893.36426
1278.50000,5894.09717
1279.00000,5895.47217
1279.50000,5900.11816
1280.00000,5907.67969
1280.50000,5916.23242
1281.00000,5922.96289
1281.50000,5926.70605
1282.00000,5927.70557
1282.50000,5928.29102
1283.00000,5929.84619
1283.50000,5932.18701
1284.00000,5933.35400
1284.50000,5930.80371
1285.00000,5923.92383
1285.50000,5914.32275
1286.00000,5905.23438
1286.50000,5899.58447
1287.00000,5898.23828
1287.50000,5898.57715
1288.00000,5895.56006
1288.50000,5883.51416
1289.00000,5861.59229
1289.50000,5833.25000
1290.00000,5804.85303
1290.50000,5782.35449
1291.00000,5768.32764
1291.50000,5760.65234
1292.00000,5753.84619
1292.50000,5743.34277
1293.00000,5728.15479
1293.50000,5709.61621
1294.00000,5689.51563
1294.50000,5669.46387
1295.00000,5649.96631
1295.50000,5631.39795
1296.00000,5614.17041
1296.50000,5599.03320
1297.00000,5585.69043
1297.50000,5573.64404
1298.00000,5563.03320
1298.50000,5554.58594
1299.00000,5550.11475
1299.50000,5550.32910
1300.00000,5553.36328
1300.50000,5555.90088
1301.00000,5555.21094
1301.50000,5550.87451
1302.00000,5544.60352
1302.50000,5539.13086
1303.00000,5535.51953
1303.50000,5532.60059
1304.00000,5528.55127
1304.50000,5522.36963
1305.00000,5515.55420
1305.50000,5510.04053
1306.00000,5506.98584
1306.50000,5504.96191
1307.00000,5501.71875
1307.50000,5496.03174
1308.00000,5489.31689
1308.50000,5484.94336
1309.00000,5484.98633
1309.50000,5489.58398
1310.00000,5496.30518
1310.50000,5501.47168
1311.00000,5502.27979
1311.50000,5498.59814
1312.00000,5492.03906
1312.50000,5484.25928
1313.00000,5476.74072
1313.50000,5469.97119
1314.00000,5464.40625
1314.50000,5460.75977
1315.00000,5460.99707
1315.50000,5466.02734
1316.00000,5475.42578
1316.50000,5487.64844
1317.00000,5498.95264
1317.50000,5506.13379
1318.00000,5507.12305
1318.50000,5502.93359
1319.00000,5494.78760
1319.50000,5485.03564
1320.00000,5474.85400
1320.50000,5464.66260
1321.00000,5455.02295
1321.50000,5447.57764
1322.00000,5444.89502
1322.50000,5447.59424
1323.00000,5454.80664
1323.50000,5461.94824
1324.00000,5464.63086
1324.50000,5459.43848
1325.00000,5449.22900
1325.50000,5438.62695
1326.00000,5433.13525
1326.50000,5434.36963
1327.00000,5440.95752
1327.50000,5447.26416
1328.00000,5448.90186
1328.50000,5443.38818
1329.00000,5433.68555
1329.50000,5423.58545
1330.00000,5416.65381
1330.50000,5413.99561
1331.00000,5415.96436
1331.50000,5420.56836
1332.00000,5426.17529
1332.50000,5430.75049
1333.00000,5432.71875
1333.50000,5430.79346
1334.00000,5425.79834
1334.50000,5420.22314
1335.00000,5417.57813
1335.50000,5419.19092
1336.00000,5423.90137
1336.50000,5427.58887
1337.00000,5426.48828
1337.50000,5418.32617
1338.00000,5405.32666
1338.50000,5391.67969
1339.00000,5382.18848
1339.50000,5378.24805
1340.00000,5379.74951
1340.50000,5385.17627
1341.00000,5392.39600
1341.50000,5400.45264
1342.00000,5408.14893
1342.50000,5413.86377
1343.00000,5414.82715
1343.50000,5411.22607
1344.00000,5404.84521
1344.50000,5400.55713
1345.00000,5402.81689
1345.50000,5414.87402
1346.00000,5433.36084
1346.50000,5452.20947
1347.00000,5463.80957
1347.50000,5466.63086
1348.00000,5463.00195
1348.50000,5460.07568
1349.00000,5463.83789
1349.50000,5476.23486
1350.00000,5491.69141
1350.50000,5503.79883
1351.00000,5507.36035
1351.50000,5505.06934
1352.00000,5502.16992
1352.50000,5504.51318
1353.00000,5512.88818
1353.50000,5523.77002
1354.00000,5530.54980
1354.50000,5529.22070
1355.00000,5519.18506
1355.50000,5506.23633
1356.00000,5495.39258
1356.50000,5489.29004
1357.00000,5487.11230
1357.50000,5487.32959
1358.00000,5487.85400
1358.50000,5487.60986
1359.00000,5485.26514
1359.50000,5479.78076
1360.00000,5469.79395
1360.50000,5456.15576
1361.00000,5441.68750
1361.50000,5430.55713
1362.00000,5424.21289
1362.50000,5422.11426
1363.00000,5422.26416
1363.50000,5422.98096
1364.00000,5425.19434
1364.50000,5430.94434
1365.00000,5440.92383
1365.50000,5453.68799
1366.00000,5464.50439
1366.50000,5469.32959
1367.00000,5466.52490
1367.50000,5459.61670
1368.00000,5453.11475
1368.50000,5450.10156
1369.00000,5450.31250
1369.50000,5451.66113
1370.00000,5451.82666
1370.50000,5450.61426
1371.00000,5449.75000
1371.50000,5450.90137
1372.00000,5454.41602
1372.50000,5458.10303
1373.00000,5459.45166
1373.50000,5456.23535
1374.00000,5450.35693
1374.50000,5444.38037
1375.00000,5441.08789
1375.50000,5441.12988
1376.00000,5443.97461
1376.50000,5447.48584
1377.00000,5450.27441
1377.50000,5451.84766
1378.00000,5452.99121
1378.50000,5454.47119
1379.00000,5456.73486
1379.50000,5459.75977
1380.00000,5463.87793
1380.50000,5469.53467
1381.00000,5477.19043
1381.50000,5486.62402
1382.00000,5495.80566
1382.50000,5501.98193
1383.00000,5503.18945
1383.50000,5500.26416
1384.00000,5496.12744
1384.50000,5495.26318
1385.00000,5500.58252
1385.50000,5511.69043
1386.00000,5523.70654
1386.50000,5531.88428
1387.00000,5533.98975
1387.50000,5531.81787
1388.00000,5529.09619
1388.50000,5529.47998
1389.00000,5534.17578
1389.50000,5542.24414
1390.00000,5551.23975
1390.50000,5559.87695
1391.00000,5567.54590
1391.50000,5573.40723
1392.00000,5574.45703
1392.50000,5569.26563
1393.00000,5557.57031
1393.50000,5542.65479
1394.00000,5530.19727
1394.50000,5525.05469
1395.00000,5526.94336
1395.50000,5531.77539
1396.00000,5533.82129
1396.50000,5530.83887
1397.00000,5524.38477
1397.50000,5518.39697
1398.00000,5515.38916
1398.50000,5515.33398
1399.00000,5515.38428
1399.50000,5513.23779
1400.00000,5507.86133
1400.50000,5501.12256
1401.00000,5494.69482
1401.50000,5489.61230
1402.00000,5485.65186
1402.50000,5482.64844
1403.00000,5480.67285
1403.50000,5479.96582
1404.00000,5480.41357
1404.50000,5480.82080
1405.00000,5480.02393
1405.50000,5477.65869
1406.00000,5474.72607
1406.50000,5472.99756
1407.00000,5473.68018
1407.50000,5476.72266
1408.00000,5480.92188
1408.50000,5484.33984
1409.00000,5485.39893
1409.50000,5483.46631
1410.00000,5479.16797
1410.50000,5473.33789
1411.00000,5467.50391
1411.50000,5462.74365
1412.00000,5460.01465
1412.50000,5459.31982
1413.00000,5460.62305
1413.50000,5463.06201
1414.00000,5465.13867
1414.50000,5464.28271
1415.00000,5459.06787
1415.50000,5449.26514
1416.00000,5437.32568
1416.50000,5428.23730
1417.00000,5427.73633
1417.50000,5438.13428
1418.00000,5456.37939
1418.50000,5476.51514
1419.00000,5491.73877
1419.50000,5498.43896
1420.00000,5497.01807
1420.50000,5492.84521
1421.00000,5491.14307
1421.50000,5494.75146
1422.00000,5502.59717
1422.50000,5510.78369
1423.00000,5514.51318
1423.50000,5511.24756
1424.00000,5501.54688
1424.50000,5489.52002
1425.00000,5479.44043
1425.50000,5474.10693
1426.00000,5473.79590
1426.50000,5477.98682
1427.00000,5484.43945
1427.50000,5493.05957
1428.00000,5505.00244
1428.50000,5520.62891
1429.00000,5539.66602
1429.50000,5559.18848
1430.00000,5576.07617
1430.50000,5587.11719
1431.00000,5592.93457
1431.50000,5594.64795
1432.00000,5594.58350
1432.50000,5594.76807
1433.00000,5596.78369
1433.50000,5601.44238
1434.00000,5609.46875
1434.50000,5621.39893
1435.00000,5635.29492
1435.50000,5648.67725
1436.00000,5659.00195
1436.50000,5666.02783
1437.00000,5671.51074
1437.50000,5679.03857
1438.00000,5690.73438
1438.50000,5706.32080
1439.00000,5722.80176
1439.50000,5738.17529
1440.00000,5752.55273
1440.50000,5767.70996
1441.00000,5785.31445
1441.50000,5803.78320
1442.00000,5819.50635
1442.50000,5827.79297
1443.00000,5829.21729
1443.50000,5827.00439
1444.00000,5826.60645
1444.50000,5830.87402
1445.00000,5839.82715
1445.50000,5849.18457
1446.00000,5855.61621
1446.50000,5857.76025
1447.00000,5857.55322
1447.50000,5856.58398
1448.00000,5854.76563
1448.50000,5850.48779
1449.00000,5841.78613
1449.50000,5830.85547
1450.00000,5821.49707
1450.50000,5818.09521
1451.00000,5820.69189
1451.50000,5826.11035
1452.00000,5827.95850
1452.50000,5822.56836
1453.00000,5809.66309
1453.50000,5795.12061
1454.00000,5783.83496
1454.50000,5778.43750
1455.00000,5777.04541
1455.50000,5776.81738
1456.00000,5775.43213
1456.50000,5772.89014
1457.00000,5770.26807
1457.50000,5767.65674
1458.00000,5763.50586
1458.50000,5756.20313
1459.00000,5746.55908
1459.50000,5737.77344
1460.00000,5733.76270
1460.50000,5736.45215
1461.00000,5745.51758
1461.50000,5756.49658
1462.00000,5766.20166
1462.50000,5773.46436
1463.00000,5779.00684
1463.50000,5782.94727
1464.00000,5784.57031
1464.50000,5782.29004
1465.00000,5774.89209
1465.50000,5764.88184
1466.00000,5756.56934
1466.50000,5754.62891
1467.00000,5760.47803
1467.50000,5773.93750
1468.00000,5789.77832
1468.50000,5803.22217
1469.00000,5810.05469
1469.50000,5810.85254
1470.00000,5808.20947
1470.50000,5807.36523
1471.00000,5811.61084
1471.50000,5822.03076
1472.00000,5834.71582
1472.50000,5846.01563
1473.00000,5853.52930
1473.50000,5858.73926
1474.00000,5864.90283
1474.50000,5875.14258
1475.00000,5889.92529
1475.50000,5907.35156
1476.00000,5923.63721
1476.50000,5936.30859
1477.00000,5944.42041
1477.50000,5949.67920
1478.00000,5954.33887
1478.50000,5961.18311
1479.00000,5971.85840
1479.50000,5987.26953
1480.00000,6004.17969
1480.50000,6019.34619
1481.00000,6030.03223
1481.50000,6036.97412
1482.00000,6043.28711
1482.50000,6053.54150
1483.00000,6070.32129
1483.50000,6094.49316
1484.00000,6121.96045
1484.50000,6149.95410
1485.00000,6177.70361
1485.50000,6206.41064
1486.00000,6237.78760
1486.50000,6271.11523
1487.00000,6303.93604
1487.50000,6332.71680
1488.00000,6357.15869
1488.50000,6379.87402
1489.00000,6405.97900
1489.50000,6438.72852
1490.00000,6479.88135
1490.50000,6525.73877
1491.00000,6572.53564
1491.50000,6617.49951
1492.00000,6661.30664
1492.50000,6707.33984
1493.00000,6759.59424
1493.50000,6819.72949
1494.00000,6889.35059
1494.50000,6965.45947
1495.00000,7045.69922
1495.50000,7127.88672
1496.00000,7210.53516
1496.50000,7294.20020
1497.00000,7380.66504
1497.50000,7471.58691
1498.00000,7569.86279
1498.50000,7675.84619
1499.00000,7791.75879
1499.50000,7921.65576
1500.00000,8066.11182
1500.50000,8227.04492
1501.00000,8399.11914
1501.50000,8574.54004
1502.00000,8748.63867
1502.50000,8923.46777
1503.00000,9107.12012
1503.50000,9310.32910
1504.00000,9534.21680
1504.50000,9775.78320
1505.00000,10022.11914
1505.50000,10263.30566
1506.00000,10494.74805
1506.50000,10720.99902
1507.00000,10945.93359
1507.50000,11171.44336
1508.00000,11396.18359
1508.50000,11616.76563
1509.00000,11829.92773
1509.50000,12031.96484
1510.00000,12213.53320
1510.50000,12371.70020
1511.00000,12501.73730
1511.50000,12605.88184
1512.00000,12692.63574
1512.50000,12762.09668
1513.00000,12810.30566
1513.50000,12828.17773
1514.00000,12804.48535
1514.50000,12749.95703
1515.00000,12674.99219
1515.50000,12593.12988
1516.00000,12509.14063
1516.50000,12414.50293
1517.00000,12298.09375
1517.50000,12153.95605
1518.00000,11982.71777
1518.50000,11796.20117
1519.00000,11598.48926
1519.50000,11390.34766
1520.00000,11171.60352
1520.50000,10943.57715
1521.00000,10716.89258
1521.50000,10502.65234
1522.00000,10307.95410
1522.50000,10125.67871
1523.00000,9945.11914
1523.50000,9754.59863
1524.00000,9550.71582
1524.50000,9335.83203
1525.00000,9120.83984
1525.50000,8913.43652
1526.00000,8716.64258
1526.50000,8526.33887
1527.00000,8338.86328
1527.50000,8152.15771
1528.00000,7967.96240
1528.50000,7792.56396
1529.00000,7629.38477
1529.50000,7480.18652
1530.00000,7343.80322
1530.50000,7215.98486
1531.00000,7096.52490
1531.50000,6985.51563
1532.00000,6883.49561
1532.50000,6791.91992
1533.00000,6706.29150
1533.50000,6623.22314
1534.00000,6541.01318
1534.50000,6460.88916
1535.00000,6386.94971
1535.50000,6321.42480
1536.00000,6263.85254
1536.50000,6212.24658
1537.00000,6161.89648
1537.50000,6111.05078
1538.00000,6060.62256
1538.50000,6012.84814
1539.00000,5970.71729
1539.50000,5934.60840
1540.00000,5903.67871
1540.50000,5876.63525
1541.00000,5850.70508
1541.50000,5824.78809
1542.00000,5799.27344
1542.50000,5775.80615
1543.00000,5757.32666
1543.50000,5744.30957
1544.00000,5735.28516
1544.50000,5726.15820
1545.00000,5712.90088
1545.50000,5693.76074
1546.00000,5670.86621
1546.50000,5648.21094
1547.00000,5629.58301
1547.50000,5615.35449
1548.00000,5604.45508
1548.50000,5595.50879
1549.00000,5587.92480
1549.50000,5582.53027
1550.00000,5579.31836
1550.50000,5576.91455
1551.00000,5573.15674
1551.50000,5567.11865
1552.00000,5559.34570
1552.50000,5551.32520
1553.00000,5543.49170
1553.50000,5534.61621
1554.00000,5523.38232
1554.50000,5510.30908
1555.00000,5498.43994
1555.50000,5491.33008
1556.00000,5490.18311
1556.50000,5491.97363
1557.00000,5491.27539
1557.50000,5483.57031
1558.00000,5469.63867
1558.50000,5454.12598
1559.00000,5444.27734
1559.50000,5442.89746
1560.00000,5448.38672
1560.50000,5455.25928
1561.00000,5458.01660
1561.50000,5453.22949
1562.00000,5442.69434
1562.50000,5429.92725
1563.00000,5418.34570
1563.50000,5408.50098
1564.00000,5399.38330
1564.50000,5390.01563
1565.00000,5381.11572
1565.50000,5375.45166
1566.00000,5374.97021
1566.50000,5379.70166
1567.00000,5386.73975
1567.50000,5391.76074
1568.00000,5392.24219
1568.50000,5388.68896
1569.00000,5384.08496
1569.50000,5381.43408
1570.00000,5381.53369
1570.50000,5383.10596
1571.00000,5384.30273
1571.50000,5384.81934
1572.00000,5386.07861
1572.50000,5390.10742
1573.00000,5397.27246
1573.50000,5406.04248
1574.00000,5412.52100
1574.50000,5413.76807
1575.00000,5408.30420
1575.50000,5398.97217
1576.00000,5389.23486
1576.50000,5382.95508
1577.00000,5381.91504
1577.50000,5386.61182
1578.00000,5393.67725
1578.50000,5400.38135
1579.00000,5404.19385
1579.50000,5404.66943
1580.00000,5401.92969
1580.50000,5397.30615
1581.00000,5392.00391
1581.50000,5386.59473
1582.00000,5381.19873
1582.50000,5375.72412
1583.00000,5369.94189
1583.50000,5363.51611
1584.00000,5355.64160
1584.50000,5345.82861
1585.00000,5334.40576
1585.50000,5322.20850
1586.00000,5310.66650
1586.50000,5300.68066
1587.00000,5292.46191
1587.50000,5285.47949
1588.00000,5279.80957
1588.50000,5275.69482
1589.00000,5273.24609
1589.50000,5271.88867
1590.00000,5269.83838
1590.50000,5265.63770
1591.00000,5259.20996
1591.50000,5252.42236
1592.00000,5247.11523
1592.50000,5243.09863
1593.00000,5238.53955
1593.50000,5230.77930
1594.00000,5219.97461
1594.50000,5208.44434
1595.00000,5200.28467
1595.50000,5197.16504
1596.00000,5198.77100
1596.50000,5201.20361
1597.00000,5200.92139
1597.50000,5194.88721
1598.00000,5183.81738
1598.50000,5169.36377
1599.00000,5154.54004
1599.50000,5142.16406
1600.00000,5135.57178
1600.50000,5135.25146
1601.00000,5140.38623
1601.50000,5147.94238
1602.00000,5153.33496
1602.50000,5153.21924
1603.00000,5147.00879
1603.50000,5136.88135
1604.00000,5125.92725
1604.50000,5117.60498
1605.00000,5113.59033
1605.50000,5113.44531
1606.00000,5114.24121
1606.50000,5112.79590
1607.00000,5106.99609
1607.50000,5097.31152
1608.00000,5086.48486
1608.50000,5079.03955
1609.00000,5077.89990
1609.50000,5083.51807
1610.00000,5092.07373
1610.50000,5098.97656
1611.00000,5100.26758
1611.50000,5095.09521
1612.00000,5084.49854
1612.50000,5072.34180
1613.00000,5060.75879
1613.50000,5050.81299
1614.00000,5042.21582
1614.50000,5035.06201
1615.00000,5029.63965
1615.50000,5026.26660
1616.00000,5025.01367
1616.50000,5024.42139
1617.00000,5023.45898
1617.50000,5022.09570
1618.00000,5021.52881
1618.50000,5022.84131
1619.00000,5024.88086
1619.50000,5025.20166
1620.00000,5020.88232
1620.50000,5013.02246
1621.00000,5005.14551
1621.50000,5002.30566
1622.00000,5005.79736
1622.50000,5014.34033
1623.00000,5023.01904
1623.50000,5028.18750
1624.00000,5027.50684
1624.50000,5022.45654
1625.00000,5014.29541
1625.50000,5004.36328
1626.00000,4994.16553
1626.50000,4985.98340
1627.00000,4981.50586
1627.50000,4981.23535
1628.00000,4983.11035
1628.50000,4983.87305
1629.00000,4981.82666
1629.50000,4977.89258
1630.00000,4974.29346
1630.50000,4972.70654
1631.00000,4971.96436
1631.50000,4969.89453
1632.00000,4964.92725
1632.50000,4958.17188
1633.00000,4951.81836
1633.50000,4948.12549
1634.00000,4947.69922
1634.50000,4950.07520
1635.00000,4953.33057
1635.50000,4956.09961
1636.00000,4956.96533
1636.50000,4955.29199
1637.00000,4950.19580
1637.50000,4942.44336
1638.00000,4933.35010
1638.50000,4924.49756
1639.00000,4917.41895
1639.50000,4913.55469
1640.00000,4914.08057
1640.50000,4918.01611
1641.00000,4923.31689
1641.50000,4926.76611
1642.00000,4926.14453
1642.50000,4920.05762
1643.00000,4911.18018
1643.50000,4902.30029
1644.00000,4895.78809
1644.50000,4891.99463
1645.00000,4891.23877
1645.50000,4893.38672
1646.00000,4898.65332
1646.50000,4906.85693
1647.00000,4914.64209
1647.50000,4918.03955
1648.00000,4913.84961
1648.50000,4902.88330
1649.00000,4887.75928
1649.50000,4873.79004
1650.00000,4864.05518
1650.50000,4859.37305
1651.00000,4857.00977
1651.50000,4854.84668
1652.00000,4851.95264
1652.50000,4849.60254
1653.00000,4850.82031
1653.50000,4856.84766
1654.00000,4866.98730
1654.50000,4877.82959
1655.00000,4884.63379
1655.50000,4882.91113
1656.00000,4873.24609
1656.50000,4859.96484
1657.00000,4847.75146
1657.50000,4839.08398
1658.00000,4833.54395
1658.50000,4829.21240
1659.00000,4825.24463
1659.50000,4823.83789
1660.00000,4827.42871
1660.50000,4835.50195
1661.00000,4844.05518
1661.50000,4847.02393
1662.00000,4841.85352
1662.50000,4831.86719
1663.00000,4824.29443
1663.50000,4825.05615
1664.00000,4833.67627
1664.50000,4844.66895
1665.00000,4850.73389
1665.50000,4850.32959
1666.00000,4845.07617
1666.50000,4838.35889
1667.00000,4831.97266
1667.50000,4824.79248
1668.00000,4815.57031
1668.50000,4805.42236
1669.00000,4798.15869
1669.50000,4796.30957
1670.00000,4800.41016
1670.50000,4807.39063
1671.00000,4812.81152
1671.50000,4814.29932
1672.00000,4813.05566
1672.50000,4811.36621
1673.00000,4811.28125
1673.50000,4812.65771
1674.00000,4814.10791
1674.50000,4813.91357
1675.00000,4811.41504
1675.50000,4806.42236
1676.00000,4800.29590
1676.50000,4794.69971
1677.00000,4791.30859
1677.50000,4789.85156
1678.00000,4788.94141
1678.50000,4786.12646
1679.00000,4780.01807
1679.50000,4770.67090
1680.00000,4761.15771
1680.50000,4753.95850
1681.00000,4750.64648
1681.50000,4749.96533
1682.00000,4750.68652
1682.50000,4751.95117
1683.00000,4753.92188
1683.50000,4756.97607
1684.00000,4760.07715
1684.50000,4761.35645
1685.00000,4758.55127
1685.50000,4752.36914
1686.00000,4744.75000
1686.50000,4738.26318
1687.00000,4733.98975
1687.50000,4731.79736
1688.00000,4730.01953
1688.50000,4727.76563
1689.00000,4724.83936
1689.50000,4721.22070
1690.00000,4716.06445
1690.50000,4708.70020
1691.00000,4700.00928
1691.50000,4693.58496
1692.00000,4692.67139
1692.50000,4698.78613
1693.00000,4709.33887
1693.50000,4717.99609
1694.00000,4719.17871
1694.50000,4713.91553
1695.00000,4707.32080
1695.50000,4706.38525
1696.00000,4712.50244
1696.50000,4722.59912
1697.00000,4728.97314
1697.50000,4727.34912
1698.00000,4716.94922
1698.50000,4703.35498
1699.00000,4692.53418
1699.50000,4690.49756
1700.00000,4696.05371
1700.50000,4707.56592
1701.00000,4721.26563
1701.50000,4732.96045
1702.00000,4737.59766
1702.50000,4733.46875
1703.00000,4721.72852
1703.50000,4705.45850
1704.00000,4690.30957
1704.50000,4680.38428
1705.00000,4676.95020
1705.50000,4676.80322
1706.00000,4676.30273
1706.50000,4672.89697
1707.00000,4666.44238
1707.50000,4659.18359
1708.00000,4654.79199
1708.50000,4655.93457
1709.00000,4662.23584
1709.50000,4670.29199
1710.00000,4674.93408
1710.50000,4672.82324
1711.00000,4664.58545
1711.50000,4654.63623
1712.00000,4648.53467
1712.50000,4649.89844
1713.00000,4657.23633
1713.50000,4665.31982
1714.00000,4668.28760
1714.50000,4665.00684
1715.00000,4656.89258
1715.50000,4647.48291
1716.00000,4640.22363
1716.50000,4636.66895
1717.00000,4636.15527
1717.50000,4637.39160
1718.00000,4639.25244
1718.50000,4640.39404
1719.00000,4639.73535
1719.50000,4636.76367
1720.00000,4632.44434
1720.50000,4628.60010
1721.00000,4627.52734
1721.50000,4630.45117
1722.00000,4637.09668
1722.50000,4644.25244
1723.00000,4648.97168
1723.50000,4648.99561
1724.00000,4644.90625
1724.50000,4638.79736
1725.00000,4633.55518
1725.50000,4630.41553
1726.00000,4629.41504
1726.50000,4628.99023
1727.00000,4628.24121
1727.50000,4627.16162
1728.00000,4626.23193
1728.50000,4625.73291
1729.00000,4625.51318
1729.50000,4625.55176
1730.00000,4626.17090
1730.50000,4627.12451
1731.00000,4627.05811
1731.50000,4623.71338
1732.00000,4616.24316
1732.50000,4606.80762
1733.00000,4600.94043
1733.50000,4603.01416
1734.00000,4614.73926
1734.50000,4629.94238
1735.00000,4640.57129
1735.50000,4641.23584
1736.00000,4633.20898
1736.50000,4620.44482
1737.00000,4609.06934
1737.50000,4602.15430
1738.00000,4599.78223
1738.50000,4599.90869
1739.00000,4601.98828
1739.50000,4605.69434
1740.00000,4610.25977
