280.00000,12955.47168
280.50000,12944.51855
281.00000,12936.71387
281.50000,12933.16309
282.00000,12932.95801
282.50000,12936.20117
283.00000,12943.40625
283.50000,12953.37695
284.00000,12964.39941
284.50000,12974.04883
285.00000,12980.67773
285.50000,12983.00000
286.00000,12983.09473
286.50000,12983.77637
287.00000,12987.60059
287.50000,12995.01367
288.00000,13005.82324
288.50000,13018.05762
289.00000,13029.59082
289.50000,13038.24121
290.00000,13043.52051
290.50000,13044.51367
291.00000,13040.80762
291.50000,13033.26172
292.00000,13022.81836
292.50000,13012.68164
293.00000,13005.32324
293.50000,13002.93652
294.00000,13004.60742
294.50000,13008.86133
295.00000,13012.61523
295.50000,13013.69336
296.00000,13011.65137
296.50000,13008.33594
297.00000,13005.69629
297.50000,13005.53418
298.00000,13007.53906
298.50000,13009.88281
299.00000,13010.35742
299.50000,13008.29883
300.00000,13004.08984
300.50000,13000.03418
301.00000,12998.68652
301.50000,13001.95703
302.00000,13008.17578
302.50000,13015.26074
303.00000,13020.46973
303.50000,13022.21289
304.00000,13019.35645
304.50000,13014.07031
305.00000,13008.64844
305.50000,13004.86523
306.00000,13003.15137
306.50000,13003.57813
307.00000,13005.63574
307.50000,13009.26367
308.00000,13015.61621
308.50000,13024.99219
309.00000,13037.40820
309.50000,13051.36719
310.00000,13063.74512
310.50000,13069.70215
311.00000,13067.77148
311.50000,13059.27051
312.00000,13047.02344
312.50000,13036.62695
313.00000,13032.94141
313.50000,13039.78223
314.00000,13053.84375
314.50000,13070.82617
315.00000,13084.98438
315.50000,13092.46094
316.00000,13089.85254
316.50000,13080.02832
317.00000,13067.11133
317.50000,13055.92578
318.00000,13048.88379
318.50000,13047.13574
319.00000,13048.54199
319.50000,13050.16406
320.00000,13048.68555
320.50000,13044.04883
321.00000,13037.37012
321.50000,13031.17383
322.00000,13027.56543
322.50000,13028.09473
323.00000,13031.07422
323.50000,13033.49121
324.00000,13032.54102
324.50000,13028.00000
325.00000,13020.96191
325.50000,13014.70313
326.00000,13012.74414
326.50000,13017.39648
327.00000,13026.55566
327.50000,13037.56152
328.00000,13047.06348
328.50000,13053.13379
329.00000,13054.81445
329.50000,13053.74121
330.00000,13051.63574
330.50000,13048.94922
331.00000,13045.51074
331.50000,13040.84570
332.00000,13035.16406
332.50000,13030.52246
333.00000,13030.03711
333.50000,13035.57227
334.00000,13046.77539
334.50000,13062.11426
335.00000,13076.83008
335.50000,13085.76465
336.00000,13085.63672
336.50000,13078.02637
337.00000,13064.99902
337.50000,13051.10547
338.00000,13040.12695
338.50000,13036.35352
339.00000,13038.92188
339.50000,13046.28125
340.00000,13056.17188
340.50000,13066.27539
341.00000,13075.31055
341.50000,13083.24512
342.00000,13090.97852
342.50000,13099.72559
343.00000,13109.67871
343.50000,13120.48730
344.00000,13131.08301
344.50000,13140.39844
345.00000,13147.28613
345.50000,13152.26172
346.00000,13156.17285
346.50000,13159.55469
347.00000,13162.47070
347.50000,13163.97070
348.00000,13162.33691
348.50000,13156.58594
349.00000,13146.72656
349.50000,13135.35254
350.00000,13125.59766
350.50000,13121.83691
351.00000,13125.79492
351.50000,13139.41602
352.00000,13159.49805
352.50000,13181.22461
353.00000,13199.66211
353.50000,13211.73828
354.00000,13216.11426
354.50000,13212.90723
355.00000,13206.20020
355.50000,13199.21191
356.00000,13193.55957
356.50000,13188.96875
357.00000,13184.02246
357.50000,13177.38672
358.00000,13169.08398
358.50000,13162.10156
359.00000,13159.97852
359.50000,13166.56445
360.00000,13182.41602
360.50000,13204.82617
361.00000,13228.97754
361.50000,13247.51953
362.00000,13255.73340
362.50000,13251.42773
363.00000,13238.02734
363.50000,13218.69629
364.00000,13198.59961
364.50000,13181.63184
365.00000,13170.55957
365.50000,13163.80859
366.00000,13160.32813
366.50000,13158.73438
367.00000,13157.83594
367.50000,13157.42188
368.00000,13157.72266
368.50000,13158.86719
369.00000,13160.57813
369.50000,13161.80469
370.00000,13161.16504
370.50000,13157.22070
371.00000,13149.71777
371.50000,13139.10156
372.00000,13128.08301
372.50000,13119.02441
373.00000,13114.53711
373.50000,13114.53711
374.00000,13118.45215
374.50000,13123.78418
375.00000,13127.38574
375.50000,13126.54297
376.00000,13120.81738
376.50000,13110.53906
377.00000,13096.31152
377.50000,13080.25000
378.00000,13063.85059
378.50000,13048.58691
379.00000,13035.13574
379.50000,13024.31152
380.00000,13015.86719
380.50000,13009.60938
381.00000,13005.48340
381.50000,13003.03613
382.00000,13002.45898
382.50000,13003.95215
383.00000,13007.41895
383.50000,13012.88281
384.00000,13019.31348
384.50000,13025.63477
385.00000,13030.37109
385.50000,13032.95215
386.00000,13032.57422
386.50000,13029.04395
387.00000,13022.61816
387.50000,13013.32617
388.00000,13003.03613
388.50000,12994.35840
389.00000,12990.54297
389.50000,12992.57910
390.00000,13000.70020
390.50000,13011.54199
391.00000,13020.54199
391.50000,13020.76367
392.00000,13011.72949
392.50000,12995.86914
393.00000,12979.13086
393.50000,12967.82422
394.00000,12967.35547
394.50000,12977.03906
395.00000,12991.77246
395.50000,13002.75195
396.00000,13005.20215
396.50000,12997.68750
397.00000,12983.56055
397.50000,12969.40820
398.00000,12961.85156
398.50000,12963.49707
399.00000,12971.57324
399.50000,12981.39063
400.00000,12988.40332
400.50000,12990.37695
401.00000,12987.87207
401.50000,12983.66602
402.00000,12980.43262
402.50000,12978.75293
403.00000,12977.77832
403.50000,12976.51172
404.00000,12975.00098
404.50000,12974.56738
405.00000,12977.23340
405.50000,12983.74902
406.00000,12992.83301
406.50000,13001.05273
407.00000,13005.66504
407.50000,13004.79980
408.00000,13000.35059
408.50000,12995.18066
409.00000,12993.21387
409.50000,12995.53613
410.00000,13001.47656
410.50000,13007.93750
411.00000,13012.52930
411.50000,13013.74121
412.00000,13012.68652
412.50000,13011.46289
413.00000,13012.24414
413.50000,13015.43262
414.00000,13020.67285
414.50000,13026.35645
415.00000,13031.44629
415.50000,13035.53711
416.00000,13039.34961
416.50000,13043.94043
417.00000,13049.76660
417.50000,13056.45801
418.00000,13062.96582
418.50000,13068.00488
419.00000,13070.48047
419.50000,13070.02930
420.00000,13068.47852
420.50000,13068.46582
421.00000,13072.40137
421.50000,13081.31836
422.00000,13095.50684
422.50000,13111.41406
423.00000,13124.86719
423.50000,13131.75586
424.00000,13132.41309
424.50000,13128.65820
425.00000,13125.10742
425.50000,13125.43652
426.00000,13132.54004
426.50000,13144.22949
427.00000,13156.90820
427.50000,13166.70508
428.00000,13172.75098
428.50000,13175.80566
429.00000,13178.67578
429.50000,13183.37109
430.00000,13190.61914
430.50000,13198.19727
431.00000,13203.32520
431.50000,13204.24414
432.00000,13201.19434
432.50000,13194.47852
433.00000,13185.57227
433.50000,13174.99414
434.00000,13162.55859
434.50000,13149.21973
435.00000,13136.72070
435.50000,13127.44336
436.00000,13122.63477
436.50000,13122.87500
437.00000,13125.11914
437.50000,13125.55371
438.00000,13120.38086
438.50000,13110.43848
439.00000,13097.96777
439.50000,13086.84668
440.00000,13079.58496
440.50000,13077.63477
441.00000,13078.60547
441.50000,13080.04492
442.00000,13080.58691
442.50000,13081.08203
443.00000,13083.33203
443.50000,13088.29004
444.00000,13095.04297
444.50000,13100.53418
445.00000,13100.97363
445.50000,13094.07520
446.00000,13080.41309
446.50000,13063.78516
447.00000,13047.99707
447.50000,13036.21875
448.00000,13029.51465
448.50000,13028.48535
449.00000,13030.53125
449.50000,13033.93164
450.00000,13037.26953
450.50000,13039.45898
451.00000,13039.23145
451.50000,13036.10938
452.00000,13030.29102
452.50000,13022.83398
453.00000,13016.37988
453.50000,13012.74609
454.00000,13012.24121
454.50000,13012.97461
455.00000,13011.78418
455.50000,13005.89844
456.00000,12994.07520
456.50000,12977.29297
457.00000,12960.23926
457.50000,12946.46973
458.00000,12938.02051
458.50000,12933.98145
459.00000,12932.52930
459.50000,12930.63574
460.00000,12926.64844
460.50000,12921.06641
461.00000,12915.97168
461.50000,12913.05664
462.00000,12912.64551
462.50000,12913.40234
463.00000,12913.04688
463.50000,12909.70703
464.00000,12902.84863
464.50000,12893.99805
465.00000,12885.82422
465.50000,12880.60254
466.00000,12879.18164
466.50000,12880.62891
467.00000,12883.18359
467.50000,12884.10938
468.00000,12881.58789
468.50000,12875.22070
469.00000,12866.76465
469.50000,12858.33984
470.00000,12852.41797
470.50000,12850.39746
471.00000,12853.44922
471.50000,12859.18066
472.00000,12864.18262
472.50000,12864.08398
473.00000,12856.68164
473.50000,12839.94336
474.00000,12816.05566
474.50000,12789.05273
475.00000,12764.89258
475.50000,12748.77539
476.00000,12743.69336
476.50000,12749.57324
477.00000,12762.19141
477.50000,12777.71777
478.00000,12791.72266
478.50000,12801.92090
479.00000,12807.24414
479.50000,12810.22266
480.00000,12813.18945
480.50000,12817.51953
481.00000,12822.77734
481.50000,12827.06250
482.00000,12827.97754
482.50000,12823.76563
483.00000,12813.01074
483.50000,12798.64160
484.00000,12784.35938
484.50000,12774.31055
485.00000,12770.77930
485.50000,12775.89746
486.00000,12787.37695
486.50000,12802.16113
487.00000,12815.79590
487.50000,12824.54980
488.00000,12826.14844
488.50000,12820.58691
489.00000,12809.75586
489.50000,12794.94336
490.00000,12778.62695
490.50000,12762.38184
491.00000,12748.08887
491.50000,12737.26074
492.00000,12732.03418
492.50000,12733.44336
493.00000,12740.60742
493.50000,12751.78516
494.00000,12762.23535
494.50000,12767.37988
495.00000,12762.57422
495.50000,12749.29004
496.00000,12731.50293
496.50000,12715.78320
497.00000,12707.11230
497.50000,12710.09863
498.00000,12721.72168
498.50000,12738.00195
499.00000,12752.57422
499.50000,12760.98438
500.00000,12761.70215
500.50000,12757.23730
501.00000,12750.90332
501.50000,12745.58301
502.00000,12742.22070
502.50000,12740.30957
503.00000,12738.23438
503.50000,12734.85156
504.00000,12730.35156
504.50000,12726.19238
505.00000,12723.83984
505.50000,12724.92578
506.00000,12729.01367
506.50000,12735.52246
507.00000,12743.02148
507.50000,12749.92871
508.00000,12755.06348
508.50000,12758.31738
509.00000,12760.06641
509.50000,12760.99609
510.00000,12762.15918
510.50000,12764.23633
511.00000,12767.22559
511.50000,12770.09570
512.00000,12770.98145
512.50000,12768.87012
513.00000,12763.69043
513.50000,12756.48438
514.00000,12749.79297
514.50000,12746.07715
515.00000,12746.70313
515.50000,12750.86426
516.00000,12756.23145
516.50000,12759.99512
517.00000,12760.83203
517.50000,12758.75000
518.00000,12755.74902
518.50000,12753.68945
519.00000,12753.59863
519.50000,12754.90918
520.00000,12755.96387
520.50000,12755.60449
521.00000,12753.99512
521.50000,12752.45215
522.00000,12752.25586
522.50000,12753.64355
523.00000,12754.73047
523.50000,12752.67090
524.00000,12742.87305
524.50000,12726.46191
525.00000,12706.01855
525.50000,12686.38086
526.00000,12671.61914
526.50000,12664.48828
527.00000,12663.35938
527.50000,12664.46875
528.00000,12662.89551
528.50000,12656.24902
529.00000,12644.89453
529.50000,12631.14746
530.00000,12617.76953
530.50000,12606.21094
531.00000,12595.89258
531.50000,12585.27832
532.00000,12572.54199
532.50000,12557.96484
533.00000,12543.44336
533.50000,12531.84180
534.00000,12524.62988
534.50000,12522.66992
535.00000,12523.85938
535.50000,12525.56152
536.00000,12524.72461
536.50000,12520.13086
537.00000,12511.66211
537.50000,12501.10156
538.00000,12490.41113
538.50000,12481.04199
539.00000,12473.46680
539.50000,12467.82617
540.00000,12464.76465
540.50000,12464.63379
541.00000,12469.05176
541.50000,12478.42969
542.00000,12490.89941
542.50000,12503.27930
543.00000,12511.47266
543.50000,12512.35938
544.00000,12504.12109
544.50000,12490.42285
545.00000,12475.94434
545.50000,12466.76953
546.00000,12465.09863
546.50000,12470.31543
547.00000,12476.78613
547.50000,12479.33789
548.00000,12473.50488
548.50000,12460.22949
549.00000,12442.09863
549.50000,12424.57715
550.00000,12412.00879
550.50000,12406.99316
551.00000,12407.02051
551.50000,12409.88770
552.00000,12413.46680
552.50000,12416.84277
553.00000,12420.54688
553.50000,12425.57910
554.00000,12432.28125
554.50000,12439.86035
555.00000,12446.02246
555.50000,12448.63379
556.00000,12446.11230
556.50000,12439.20996
557.00000,12428.96973
557.50000,12418.02930
558.00000,12408.64551
558.50000,12403.20898
559.00000,12401.59082
559.50000,12402.89844
560.00000,12405.34961
560.50000,12407.10156
561.00000,12406.66309
561.50000,12403.83691
562.00000,12399.22754
562.50000,12394.05664
563.00000,12390.10938
563.50000,12389.30273
564.00000,12392.66113
564.50000,12399.58008
565.00000,12408.91797
565.50000,12417.67871
566.00000,12422.79492
566.50000,12420.51465
567.00000,12410.94531
567.50000,12394.96387
568.00000,12377.00195
568.50000,12362.33203
569.00000,12355.63086
569.50000,12356.61230
570.00000,12362.91797
570.50000,12370.07324
571.00000,12373.49023
571.50000,12370.10840
572.00000,12360.50488
572.50000,12348.41504
573.00000,12339.05566
573.50000,12335.41504
574.00000,12338.35938
574.50000,12346.68652
575.00000,12356.49023
575.50000,12364.30469
576.00000,12367.68262
576.50000,12366.30859
577.00000,12360.31836
577.50000,12352.45117
578.00000,12344.54395
578.50000,12337.93164
579.00000,12332.93555
579.50000,12329.76855
580.00000,12328.11133
580.50000,12327.56641
581.00000,12327.82324
581.50000,12328.03711
582.00000,12327.18652
582.50000,12324.29395
583.00000,12319.44336
583.50000,12313.22754
584.00000,12307.37012
584.50000,12303.54980
585.00000,12303.77734
585.50000,12307.56641
586.00000,12314.03418
586.50000,12320.89453
587.00000,12325.72266
587.50000,12326.50195
588.00000,12323.20020
588.50000,12316.76367
589.00000,12308.83594
589.50000,12302.07715
590.00000,12299.04297
590.50000,12301.68359
591.00000,12309.66406
591.50000,12321.71973
592.00000,12333.45020
592.50000,12341.21777
593.00000,12341.57422
593.50000,12335.72266
594.00000,12325.78613
594.50000,12315.96289
595.00000,12309.51660
595.50000,12308.40723
596.00000,12310.41699
596.50000,12312.06348
597.00000,12309.81445
597.50000,12303.45801
598.00000,12294.14746
598.50000,12284.72754
599.00000,12277.40234
599.50000,12273.57129
600.00000,12272.14844
600.50000,12271.92090
601.00000,12272.00586
601.50000,12272.36621
602.00000,12273.36328
602.50000,12274.54297
603.00000,12274.51660
603.50000,12270.57715
604.00000,12261.79492
604.50000,12248.13770
605.00000,12231.47852
605.50000,12215.35059
606.00000,12203.23730
606.50000,12196.05273
607.00000,12192.60742
607.50000,12191.50977
608.00000,12190.81738
608.50000,12189.99219
609.00000,12189.27441
609.50000,12189.04883
610.00000,12189.24414
610.50000,12188.96484
611.00000,12187.12598
611.50000,12182.92871
612.00000,12177.47363
612.50000,12172.08789
613.00000,12168.28809
613.50000,12166.47949
614.00000,12166.35742
614.50000,12166.30664
615.00000,12164.65820
615.50000,12159.33789
616.00000,12150.10938
616.50000,12137.11621
617.00000,12121.72754
617.50000,12105.99023
618.00000,12092.09082
618.50000,12081.33105
619.00000,12073.95898
619.50000,12069.32715
620.00000,12065.06445
620.50000,12059.17578
621.00000,12050.65625
621.50000,12040.75293
622.00000,12032.08984
622.50000,12026.95313
623.00000,12026.48926
623.50000,12030.88477
624.00000,12037.90527
624.50000,12046.08008
625.00000,12054.31738
625.50000,12062.41699
626.00000,12070.35156
626.50000,12077.38770
627.00000,12081.98535
627.50000,12082.14453
628.00000,12078.20020
628.50000,12071.32324
629.00000,12064.52441
629.50000,12060.27637
630.00000,12060.17578
630.50000,12062.23438
631.00000,12063.58496
631.50000,12060.80273
632.00000,12053.93359
632.50000,12044.75488
633.00000,12036.62891
633.50000,12031.64551
634.00000,12030.59082
634.50000,12030.81543
635.00000,12029.57324
635.50000,12024.57813
636.00000,12016.42480
636.50000,12007.28711
637.00000,12000.64844
637.50000,11998.16309
638.00000,12000.44238
638.50000,12004.71387
639.00000,12008.47949
639.50000,12009.21094
640.00000,12006.11035
640.50000,11998.65918
641.00000,11988.22266
641.50000,11976.45801
642.00000,11965.75098
642.50000,11958.34570
643.00000,11956.35742
643.50000,11960.71289
644.00000,11969.76074
644.50000,11981.22559
645.00000,11991.38574
645.50000,11997.61133
646.00000,11998.04883
646.50000,11994.69824
647.00000,11989.91699
647.50000,11986.74609
648.00000,11986.37305
648.50000,11988.74609
649.00000,11992.19434
649.50000,11995.54297
650.00000,11998.27051
650.50000,12000.73047
651.00000,12003.23535
651.50000,12005.50391
652.00000,12006.60938
652.50000,12004.83984
653.00000,11999.83984
653.50000,11992.24707
654.00000,11983.30469
654.50000,11974.18457
655.00000,11964.72656
655.50000,11953.78516
656.00000,11940.39648
656.50000,11924.18750
657.00000,11907.57715
657.50000,11893.97852
658.00000,11887.61328
658.50000,11889.04590
659.00000,11896.52051
659.50000,11904.64258
660.00000,11908.77441
660.50000,11905.04395
661.00000,11895.78906
661.50000,11885.00781
662.00000,11878.81445
662.50000,11880.83105
663.00000,11893.32520
663.50000,11913.11719
664.00000,11935.16113
664.50000,11953.33301
665.00000,11964.83203
665.50000,11967.96973
666.00000,11962.69336
666.50000,11951.32813
667.00000,11935.16504
667.50000,11917.20313
668.00000,11900.39355
668.50000,11888.78809
669.00000,11883.84375
669.50000,11886.39355
670.00000,11894.13867
670.50000,11902.20605
671.00000,11906.41406
671.50000,11905.47461
672.00000,11900.58301
672.50000,11894.53711
673.00000,11890.33789
673.50000,11889.10645
674.00000,11889.38574
674.50000,11888.30176
675.00000,11882.77148
675.50000,11872.80176
676.00000,11860.72949
676.50000,11850.64453
677.00000,11845.31836
677.50000,11846.45117
678.00000,11852.95020
678.50000,11861.79688
679.00000,11869.52344
679.50000,11873.25879
680.00000,11871.21484
680.50000,11862.40527
681.00000,11849.23340
681.50000,11834.50195
682.00000,11822.38574
682.50000,11815.49219
683.00000,11816.02051
683.50000,11821.54199
684.00000,11829.04688
684.50000,11834.56055
685.00000,11835.91699
685.50000,11832.59082
686.00000,11827.26563
686.50000,11823.57227
687.00000,11825.91602
687.50000,11834.79199
688.00000,11848.58398
688.50000,11863.21875
689.00000,11874.29980
689.50000,11877.94727
690.00000,11873.95215
690.50000,11864.86133
691.00000,11854.83105
691.50000,11848.66992
692.00000,11849.54590
692.50000,11857.83301
693.00000,11869.56543
693.50000,11879.16797
694.00000,11881.85645
694.50000,11876.42480
695.00000,11863.83789
695.50000,11850.15039
696.00000,11840.83496
696.50000,11840.21191
697.00000,11847.69043
697.50000,11860.56055
698.00000,11872.18652
698.50000,11876.81543
699.00000,11868.86523
699.50000,11850.59961
700.00000,11826.52930
700.50000,11804.77734
701.00000,11791.45313
701.50000,11791.70117
702.00000,11802.89258
702.50000,11820.16602
703.00000,11836.68359
703.50000,11846.98242
704.00000,11847.84863
704.50000,11840.37012
705.00000,11828.77051
705.50000,11817.42969
706.00000,11809.77148
706.50000,11806.74512
707.00000,11807.90723
707.50000,11811.00879
708.00000,11814.62891
708.50000,11817.73340
709.00000,11820.08008
709.50000,11821.72559
710.00000,11823.06836
710.50000,11824.23730
711.00000,11825.02441
711.50000,11825.03223
712.00000,11823.57031
712.50000,11820.43359
713.00000,11816.28809
713.50000,11812.41504
714.00000,11810.24902
714.50000,11810.82031
715.00000,11814.21973
715.50000,11818.75781
716.00000,11822.12695
716.50000,11822.04688
717.00000,11817.49707
717.50000,11807.74805
718.00000,11795.38867
718.50000,11782.93262
719.00000,11773.61230
719.50000,11768.71289
720.00000,11768.95703
720.50000,11772.52051
721.00000,11777.13770
721.50000,11780.62207
722.00000,11782.40527
722.50000,11783.26758
723.00000,11785.27637
723.50000,11789.93457
724.00000,11797.64648
724.50000,11805.84766
725.00000,11810.90430
725.50000,11807.56348
726.00000,11796.10547
726.50000,11777.98242
727.00000,11757.77148
727.50000,11740.26367
728.00000,11729.57129
728.50000,11725.61523
729.00000,11726.52441
729.50000,11729.26855
730.00000,11730.46387
730.50000,11728.08008
731.00000,11722.07324
731.50000,11714.39258
732.00000,11708.21582
732.50000,11706.57813
733.00000,11711.06250
733.50000,11721.76953
734.00000,11734.91211
734.50000,11746.20215
735.00000,11751.59082
735.50000,11750.11621
736.00000,11742.51074
736.50000,11733.80273
737.00000,11728.37988
737.50000,11729.63770
738.00000,11736.23047
738.50000,11745.32910
739.00000,11752.56445
739.50000,11755.77930
740.00000,11754.84766
740.50000,11752.82715
741.00000,11752.11914
741.50000,11754.00488
742.00000,11757.28809
742.50000,11759.83008
743.00000,11759.67871
743.50000,11756.47559
744.00000,11750.83984
744.50000,11745.06348
745.00000,11740.64844
745.50000,11738.14648
746.00000,11736.61914
746.50000,11734.87891
747.00000,11732.26270
747.50000,11728.91309
748.00000,11725.15625
748.50000,11721.07520
749.00000,11716.01270
749.50000,11709.13672
750.00000,11700.76563
750.50000,11692.60449
751.00000,11687.56836
751.50000,11687.87695
752.00000,11694.63281
752.50000,11703.71973
753.00000,11709.80469
753.50000,11707.41699
754.00000,11697.01758
754.50000,11682.28809
755.00000,11670.53320
755.50000,11666.53223
756.00000,11671.64063
756.50000,11679.52930
757.00000,11683.04395
757.50000,11677.03809
758.00000,11663.13086
758.50000,11647.39063
759.00000,11638.42285
759.50000,11641.28711
760.00000,11656.59082
760.50000,11676.23047
761.00000,11691.86719
761.50000,11698.11133
762.00000,11695.64258
762.50000,11687.10742
763.00000,11677.90723
763.50000,11671.03613
764.00000,11667.98340
764.50000,11667.94434
765.00000,11670.51758
765.50000,11674.69434
766.00000,11679.07129
766.50000,11681.16504
767.00000,11679.16406
767.50000,11672.22461
768.00000,11662.04102
768.50000,11653.29395
769.00000,11651.05762
769.50000,11657.17871
770.00000,11669.80664
770.50000,11685.20801
771.00000,11697.95801
771.50000,11704.34180
772.00000,11702.39844
772.50000,11693.92773
773.00000,11680.55371
773.50000,11665.84961
774.00000,11653.12891
774.50000,11646.82520
775.00000,11648.04395
775.50000,11657.22070
776.00000,11671.50684
776.50000,11685.38672
777.00000,11693.64258
777.50000,11694.58203
778.00000,11689.42578
778.50000,11680.73145
779.00000,11672.23242
779.50000,11665.63965
780.00000,11661.12109
780.50000,11657.86426
781.00000,11655.87598
781.50000,11655.64355
782.00000,11657.93262
782.50000,11663.36328
783.00000,11670.66309
783.50000,11678.68750
784.00000,11686.45605
784.50000,11693.82910
785.00000,11700.77441
785.50000,11706.77051
786.00000,11710.72949
786.50000,11711.54297
787.00000,11710.49121
787.50000,11710.20410
788.00000,11714.02246
788.50000,11723.00488
789.00000,11735.90332
789.50000,11747.44238
790.00000,11752.65137
790.50000,11748.02637
791.00000,11736.76465
791.50000,11723.85449
792.00000,11715.47949
792.50000,11714.12695
793.00000,11719.31055
793.50000,11726.25781
794.00000,11731.92285
794.50000,11735.12012
795.00000,11737.12695
795.50000,11738.97363
796.00000,11740.25586
796.50000,11739.27930
797.00000,11733.51953
797.50000,11724.26563
798.00000,11714.74609
798.50000,11710.35742
799.00000,11713.84863
799.50000,11725.83984
800.00000,11741.31250
800.50000,11754.46289
801.00000,11759.54492
801.50000,11758.20410
802.00000,11753.79004
802.50000,11751.24707
803.00000,11752.94922
803.50000,11758.60449
804.00000,11764.42773
804.50000,11766.85938
805.00000,11762.92969
805.50000,11754.46973
806.00000,11744.24902
806.50000,11736.39648
807.00000,11733.56934
807.50000,11737.91895
808.00000,11747.93457
808.50000,11761.23730
809.00000,11774.60449
809.50000,11784.93359
810.00000,11790.12793
810.50000,11790.46289
811.00000,11788.48633
811.50000,11787.46094
812.00000,11789.95898
812.50000,11796.65039
813.00000,11806.22949
813.50000,11815.18457
814.00000,11820.38574
814.50000,11820.65137
815.00000,11817.66016
815.50000,11814.46094
816.00000,11814.24414
816.50000,11818.35547
817.00000,11825.97070
817.50000,11833.67773
818.00000,11838.27441
818.50000,11838.48438
819.00000,11835.91699
819.50000,11833.84570
820.00000,11835.02148
820.50000,11840.28613
821.00000,11848.28125
821.50000,11855.97754
822.00000,11861.16797
822.50000,11863.90820
823.00000,11866.03613
823.50000,11870.00781
824.00000,11876.22852
824.50000,11883.25391
825.00000,11887.96582
825.50000,11888.57910
826.00000,11885.07031
826.50000,11880.93359
827.00000,11880.00195
827.50000,11885.97949
828.00000,11897.00781
828.50000,11909.84863
829.00000,11920.20605
829.50000,11926.51172
830.00000,11929.18262
830.50000,11931.00977
831.00000,11933.94727
831.50000,11938.50293
832.00000,11943.05762
832.50000,11945.88965
833.00000,11946.12207
833.50000,11944.59668
834.00000,11942.49316
834.50000,11940.86035
835.00000,11939.85254
835.50000,11939.28125
836.00000,11939.14355
836.50000,11940.25391
837.00000,11943.61523
837.50000,11949.18262
838.00000,11955.98535
838.50000,11961.77441
839.00000,11965.03320
839.50000,11965.35352
840.00000,11964.68652
840.50000,11965.26758
841.00000,11968.91309
841.50000,11975.75879
842.00000,11985.49414
842.50000,11996.52051
843.00000,12007.97070
843.50000,12019.51465
844.00000,12031.18555
844.50000,12043.03320
845.00000,12054.78418
845.50000,12065.95020
846.00000,12075.70703
846.50000,12083.87402
847.00000,12090.52734
847.50000,12096.49316
848.00000,12103.47070
848.50000,12114.04004
849.00000,12130.12500
849.50000,12151.76758
850.00000,12178.04980
850.50000,12204.49512
851.00000,12226.62988
851.50000,12240.06934
852.00000,12244.78613
852.50000,12241.72656
853.00000,12235.65332
853.50000,12231.12305
854.00000,12232.68066
854.50000,12240.37305
855.00000,12253.16895
855.50000,12267.87500
856.00000,12280.81934
856.50000,12288.89844
857.00000,12291.83203
857.50000,12291.35547
858.00000,12290.81348
858.50000,12293.91113
859.00000,12303.37695
859.50000,12319.46484
860.00000,12338.80566
860.50000,12357.14648
861.00000,12371.04492
861.50000,12379.62305
862.00000,12384.12207
862.50000,12388.64063
863.00000,12396.24805
863.50000,12407.79883
864.00000,12421.02832
864.50000,12432.26074
865.00000,12439.12500
865.50000,12441.95313
866.00000,12444.14258
866.50000,12450.52344
867.00000,12465.10645
867.50000,12488.09766
868.00000,12515.80859
868.50000,12543.95801
869.00000,12569.40137
869.50000,12591.98730
870.00000,12613.65332
870.50000,12636.28223
871.00000,12659.16406
871.50000,12678.77734
872.00000,12692.28809
872.50000,12698.38574
873.00000,12702.16602
873.50000,12709.60352
874.00000,12725.97266
874.50000,12749.27148
875.00000,12773.32715
875.50000,12789.07129
876.00000,12791.60742
876.50000,12778.88867
877.00000,12759.82813
877.50000,12742.72852
878.00000,12734.78711
878.50000,12735.73242
879.00000,12742.02148
879.50000,12746.84082
880.00000,12745.85156
880.50000,12736.27832
881.00000,12721.40820
881.50000,12704.03125
882.00000,12687.25781
882.50000,12672.92578
883.00000,12662.37012
883.50000,12655.12793
884.00000,12649.55469
884.50000,12642.35352
885.00000,12630.49512
885.50000,12611.71777
886.00000,12586.69043
886.50000,12559.55664
887.00000,12535.24609
887.50000,12516.86523
888.00000,12504.53906
888.50000,12496.55566
889.00000,12489.19336
889.50000,12480.84766
890.00000,12471.93945
890.50000,12464.06348
891.00000,12458.66016
891.50000,12454.95508
892.00000,12451.11816
892.50000,12444.83789
893.00000,12435.75684
893.50000,12424.57031
894.00000,12413.20801
894.50000,12403.18164
895.00000,12395.34961
895.50000,12388.96387
896.00000,12383.00293
896.50000,12376.06250
897.00000,12367.00293
897.50000,12354.42480
898.00000,12338.12402
898.50000,12319.58203
899.00000,12302.09766
899.50000,12289.78027
900.00000,12286.16406
900.50000,12293.16504
901.00000,12306.77051
901.50000,12321.95898
902.00000,12332.54492
902.50000,12335.45996
903.00000,12329.57715
903.50000,12320.23730
904.00000,12312.80957
904.50000,12312.60352
905.00000,12320.12793
905.50000,12333.85547
906.00000,12348.58691
906.50000,12359.89844
907.00000,12364.19922
907.50000,12363.54785
908.00000,12360.98047
908.50000,12360.58984
909.00000,12364.19434
909.50000,12371.55566
910.00000,12379.42090
910.50000,12384.63574
911.00000,12384.43750
911.50000,12380.34961
912.00000,12375.02148
912.50000,12372.70508
913.00000,12376.23340
913.50000,12388.28125
914.00000,12407.52930
914.50000,12431.25684
915.00000,12455.37988
915.50000,12475.48926
916.00000,12488.06738
916.50000,12492.20605
917.00000,12490.79199
917.50000,12487.47949
918.00000,12486.48730
918.50000,12489.69238
919.00000,12496.94434
919.50000,12505.07617
920.00000,12511.30859
920.50000,12514.09180
921.00000,12514.12598
921.50000,12512.85352
922.00000,12512.23633
922.50000,12513.39453
923.00000,12517.26563
923.50000,12523.96094
924.00000,12534.58301
924.50000,12549.74219
925.00000,12568.86133
925.50000,12590.75293
926.00000,12612.11816
926.50000,12629.80078
927.00000,12640.70508
927.50000,12645.26172
928.00000,12644.57813
928.50000,12642.52148
929.00000,12643.21777
929.50000,12651.53027
930.00000,12668.07520
930.50000,12692.36035
931.00000,12721.35156
931.50000,12749.86230
932.00000,12773.09277
932.50000,12788.85352
933.00000,12798.19238
933.50000,12803.72852
934.00000,12810.44336
934.50000,12821.61719
935.00000,12838.29492
935.50000,12857.67969
936.00000,12875.86035
936.50000,12889.62012
937.00000,12898.84277
937.50000,12906.65234
938.00000,12918.88086
938.50000,12940.84375
939.00000,12974.75488
939.50000,13016.58887
940.00000,13061.18652
940.50000,13103.06836
941.00000,13140.91992
941.50000,13177.57031
942.00000,13218.44629
942.50000,13268.04785
943.00000,13327.25293
943.50000,13392.54102
944.00000,13461.26172
944.50000,13532.04102
945.00000,13606.72656
945.50000,13689.49512
946.00000,13780.05566
946.50000,13875.85156
947.00000,13970.04980
947.50000,14056.35156
948.00000,14128.36816
948.50000,14187.08789
949.00000,14234.12500
949.50000,14270.07227
950.00000,14297.72852
950.50000,14317.12012
951.00000,14330.29395
951.50000,14340.83594
952.00000,14352.83594
952.50000,14369.33203
953.00000,14391.86035
953.50000,14420.97266
954.00000,14454.70508
954.50000,14492.00586
955.00000,14530.66699
955.50000,14568.11621
956.00000,14600.54492
956.50000,14626.44238
957.00000,14645.28223
957.50000,14658.62988
958.00000,14670.35449
958.50000,14683.16211
959.00000,14697.90723
959.50000,14713.40723
960.00000,14727.04297
960.50000,14736.82031
961.00000,14740.75293
961.50000,14736.76465
962.00000,14724.44922
962.50000,14701.20117
963.00000,14667.15820
963.50000,14623.45313
964.00000,14569.58301
964.50000,14508.31055
965.00000,14439.16211
965.50000,14361.46582
966.00000,14276.89844
966.50000,14187.90527
967.00000,14100.53418
967.50000,14020.74609
968.00000,13955.88672
968.50000,13905.30566
969.00000,13868.43848
969.50000,13841.37695
970.00000,13818.85840
970.50000,13798.02246
971.00000,13777.25586
971.50000,13756.79297
972.00000,13738.25195
972.50000,13722.96582
973.00000,13712.37598
973.50000,13706.50781
974.00000,13703.69336
974.50000,13702.24707
975.00000,13700.57715
975.50000,13698.85742
976.00000,13699.39258
976.50000,13704.65527
977.00000,13717.38184
977.50000,13737.67480
978.00000,13762.99121
978.50000,13790.69727
979.00000,13818.00195
979.50000,13844.25391
980.00000,13870.44141
980.50000,13897.93848
981.00000,13927.13184
981.50000,13956.26465
982.00000,13982.70508
982.50000,14003.34863
983.00000,14019.47656
983.50000,14034.75977
984.00000,14056.25098
984.50000,14089.13965
985.00000,14138.26855
985.50000,14201.53027
986.00000,14273.06934
986.50000,14346.52441
987.00000,14416.47168
987.50000,14481.67578
988.00000,14545.36523
988.50000,14613.73535
989.00000,14694.91211
989.50000,14792.85547
990.00000,14906.81836
990.50000,15034.38477
991.00000,15165.15625
991.50000,15291.73145
992.00000,15410.32520
992.50000,15525.44434
993.00000,15647.97461
993.50000,15789.29297
994.00000,15955.13867
994.50000,16147.93457
995.00000,16353.99414
995.50000,16563.18945
996.00000,16768.55664
996.50000,16971.64453
997.00000,17180.05664
997.50000,17399.92188
998.00000,17631.72266
998.50000,17870.45508
999.00000,18106.40430
999.50000,18332.82227
1000.00000,18547.61719
1000.50000,18752.77930
1001.00000,18945.53516
1001.50000,19121.88867
1002.00000,19273.87305
1002.50000,19389.63477
1003.00000,19472.32422
1003.50000,19521.40820
1004.00000,19541.81836
1004.50000,19538.24609
1005.00000,19503.40820
1005.50000,19436.55664
1006.00000,19334.01367
1006.50000,19192.50000
1007.00000,19022.46094
1007.50000,18827.78125
1008.00000,18615.94336
1008.50000,18393.61719
1009.00000,18165.06641
1009.50000,17936.92383
1010.00000,17714.34961
1010.50000,17501.65234
1011.00000,17297.75586
1011.50000,17101.27734
1012.00000,16909.00000
1012.50000,16719.23633
1013.00000,16533.17969
1013.50000,16352.04688
1014.00000,16178.23438
1014.50000,16014.82227
1015.00000,15862.92676
1015.50000,15727.15234
1016.00000,15608.37305
1016.50000,15504.88379
1017.00000,15415.52344
1017.50000,15332.84863
1018.00000,15254.03906
1018.50000,15179.49805
1019.00000,15111.88867
1019.50000,15056.28809
1020.00000,15012.30469
1020.50000,14975.73730
1021.00000,14939.89941
1021.50000,14898.79395
1022.00000,14850.09961
1022.50000,14795.94141
1023.00000,14740.92871
1023.50000,14688.50293
1024.00000,14639.09766
1024.50000,14591.36914
1025.00000,14543.84180
1025.50000,14496.23633
1026.00000,14449.71973
1026.50000,14405.89355
1027.00000,14365.31738
1027.50000,14328.59473
1028.00000,14294.96191
1028.50000,14264.04395
1029.00000,14235.55469
1029.50000,14207.95313
1030.00000,14179.50879
1030.50000,14148.75879
1031.00000,14116.09277
1031.50000,14084.00391
1032.00000,14056.12109
1032.50000,14035.27051
1033.00000,14022.65820
1033.50000,14014.61719
1034.00000,14007.62305
1034.50000,13998.90039
1035.00000,13988.81055
1035.50000,13980.62500
1036.00000,13977.53711
1036.50000,13980.92383
1037.00000,13988.95117
1037.50000,13996.33008
1038.00000,13997.72266
1038.50000,13990.79590
1039.00000,13977.12012
1039.50000,13959.66113
1040.00000,13942.92188
1040.50000,13929.04199
1041.00000,13918.31055
1041.50000,13909.27637
1042.00000,13901.37402
1042.50000,13894.82520
1043.00000,13890.25391
1043.50000,13888.21973
1044.00000,13887.16406
1044.50000,13885.43359
1045.00000,13881.94727
1045.50000,13877.70313
1046.00000,13875.27051
1046.50000,13876.99609
1047.00000,13883.46777
1047.50000,13894.04883
1048.00000,13905.64746
1048.50000,13916.41992
1049.00000,13925.72363
1049.50000,13934.19922
1050.00000,13942.20313
1050.50000,13949.34375
1051.00000,13954.66113
1051.50000,13957.04785
1052.00000,13957.35645
1052.50000,13956.57910
1053.00000,13955.59766
1053.50000,13954.21484
1054.00000,13951.16309
1054.50000,13946.00293
1055.00000,13939.50098
1055.50000,13933.65918
1056.00000,13929.91504
1056.50000,13928.29297
1057.00000,13926.98242
1057.50000,13924.41211
1058.00000,13920.91113
1058.50000,13919.47266
1059.00000,13923.44531
1059.50000,13935.00098
1060.00000,13950.78223
1060.50000,13966.04688
1061.00000,13976.20508
1061.50000,13980.70410
1062.00000,13981.81445
1062.50000,13984.17285
1063.00000,13989.78125
1063.50000,13997.05762
1064.00000,14001.73730
1064.50000,13999.97461
1065.00000,13992.29102
1065.50000,13982.91699
1066.00000,13978.13086
1066.50000,13980.85938
1067.00000,13991.12988
1067.50000,14005.55566
1068.00000,14019.16309
1068.50000,14028.53418
1069.00000,14033.37012
1069.50000,14035.43164
1070.00000,14036.91113
1070.50000,14039.53027
1071.00000,14043.46094
1071.50000,14047.27148
1072.00000,14048.86621
1072.50000,14046.03027
1073.00000,14039.35840
1073.50000,14031.91309
1074.00000,14030.00879
1074.50000,14037.86914
1075.00000,14058.05078
1075.50000,14087.61523
1076.00000,14118.72656
1076.50000,14143.22656
1077.00000,14157.63867
1077.50000,14163.43262
1078.00000,14164.69824
1078.50000,14166.58984
1079.00000,14170.29199
1079.50000,14173.72656
1080.00000,14174.48926
1080.50000,14172.07031
1081.00000,14169.80273
1081.50000,14171.44531
1082.00000,14179.93555
1082.50000,14193.08008
1083.00000,14208.14355
1083.50000,14222.65820
1084.00000,14236.64160
1084.50000,14251.80664
1085.00000,14268.75879
1085.50000,14285.91504
1086.00000,14299.59180
1086.50000,14308.13184
1087.00000,14312.19531
1087.50000,14316.05859
1088.00000,14323.56152
1088.50000,14336.34766
1089.00000,14350.54883
1089.50000,14361.57910
1090.00000,14366.25879
1090.50000,14367.45996
1091.00000,14371.00098
1091.50000,14382.63281
1092.00000,14403.12695
1092.50000,14429.32227
1093.00000,14453.13965
1093.50000,14468.80469
1094.00000,14474.38965
1094.50000,14475.08691
1095.00000,14477.41406
1095.50000,14486.76758
1096.00000,14504.00098
1096.50000,14527.59082
1097.00000,14551.96875
1097.50000,14573.52441
1098.00000,14590.40820
1098.50000,14603.91113
1099.00000,14615.80957
1099.50000,14628.43359
1100.00000,14643.19434
1100.50000,14661.35938
1101.00000,14682.13770
1101.50000,14704.55176
1102.00000,14726.66992
1102.50000,14746.85352
1103.00000,14764.18652
1103.50000,14780.19141
1104.00000,14797.46289
1104.50000,14819.60352
1105.00000,14847.16406
1105.50000,14879.45215
1106.00000,14913.23242
1106.50000,14944.84668
1107.00000,14970.96582
1107.50000,14991.46875
1108.00000,15007.72949
1108.50000,15022.41406
1109.00000,15039.23535
1109.50000,15061.79492
1110.00000,15092.34082
1110.50000,15130.07422
1111.00000,15173.44238
1111.50000,15217.89453
1112.00000,15260.19336
1112.50000,15298.63477
1113.00000,15335.04102
1113.50000,15371.94238
1114.00000,15411.29199
1114.50000,15452.66602
1115.00000,15493.92090
1115.50000,15532.66406
1116.00000,15567.85547
1116.50000,15599.95117
1117.00000,15631.05859
1117.50000,15662.80078
1118.00000,15696.47852
1118.50000,15733.14453
1119.00000,15775.62402
1119.50000,15824.91016
1120.00000,15881.75000
1120.50000,15944.64258
1121.00000,16008.97168
1121.50000,16070.62207
1122.00000,16127.88867
1122.50000,16182.39160
1123.00000,16238.13867
1123.50000,16298.75977
1124.00000,16366.36816
1124.50000,16440.81641
1125.00000,16519.15430
1125.50000,16599.17773
1126.00000,16678.68164
1126.50000,16756.41602
1127.00000,16831.21094
1127.50000,16903.98242
1128.00000,16976.74609
1128.50000,17053.64648
1129.00000,17138.12891
1129.50000,17233.65625
1130.00000,17337.57813
1130.50000,17444.61328
1131.00000,17547.63867
1131.50000,17643.21680
1132.00000,17731.52539
1132.50000,17817.70703
1133.00000,17907.78711
1133.50000,18006.25781
1134.00000,18111.42383
1134.50000,18219.59180
1135.00000,18327.43945
1135.50000,18434.94727
1136.00000,18545.51563
1136.50000,18663.38281
1137.00000,18789.41016
1137.50000,18923.23828
1138.00000,19061.39844
1138.50000,19203.74023
1139.00000,19355.44336
1139.50000,19521.60156
1140.00000,19709.70898
1140.50000,19921.47070
1141.00000,20152.79492
1141.50000,20403.99414
1142.00000,20671.79883
1142.50000,20959.18164
1143.00000,21272.95508
1143.50000,21611.77734
1144.00000,21978.90625
1144.50000,22373.88672
1145.00000,22797.62305
1145.50000,23265.77148
1146.00000,23782.11328
1146.50000,24355.64453
1147.00000,24991.70898
1147.50000,25674.61133
1148.00000,26398.20898
1148.50000,27150.09961
1149.00000,27922.55664
1149.50000,28716.09570
1150.00000,29522.87109
1150.50000,30334.75586
1151.00000,31136.55859
1151.50000,31913.98047
1152.00000,32646.95898
1152.50000,33324.75000
1153.00000,33938.92578
1153.50000,34456.39844
1154.00000,34872.68359
1154.50000,35156.22266
1155.00000,35277.83984
1155.50000,35246.46094
1156.00000,35040.61328
1156.50000,34686.51953
1157.00000,34206.39063
1157.50000,33598.03516
1158.00000,32899.31250
1158.50000,32118.84570
1159.00000,31273.84961
1159.50000,30390.39844
1160.00000,29484.30273
1160.50000,28575.16406
1161.00000,27675.77344
1161.50000,26800.91992
1162.00000,25957.88086
1162.50000,25162.04102
1163.00000,24425.15820
1163.50000,23746.58398
1164.00000,23135.26563
1164.50000,22577.12305
1165.00000,22064.43555
1165.50000,21596.67578
1166.00000,21164.30078
1166.50000,20770.48828
1167.00000,20413.93555
1167.50000,20088.95898
1168.00000,19798.04102
1168.50000,19534.72656
1169.00000,19299.02930
1169.50000,19093.67773
1170.00000,18911.69727
1170.50000,18749.27148
1171.00000,18597.25195
1171.50000,18448.28125
1172.00000,18300.49805
1172.50000,18157.10547
1173.00000,18024.85742
1173.50000,17911.87695
1174.00000,17818.22070
1174.50000,17744.59375
1175.00000,17685.65039
1175.50000,17635.88281
1176.00000,17592.78516
1176.50000,17552.89844
1177.00000,17515.36133
1177.50000,17480.89258
1178.00000,17451.62305
1178.50000,17433.41211
1179.00000,17430.57227
1179.50000,17444.32227
1180.00000,17475.68359
1180.50000,17515.94336
1181.00000,17559.38086
1181.50000,17601.52148
1182.00000,17641.62305
1182.50000,17680.52734
1183.00000,17718.61523
1183.50000,17754.31055
1184.00000,17784.04688
1184.50000,17807.99805
1185.00000,17828.71289
1185.50000,17852.56055
1186.00000,17885.08203
1186.50000,17931.19531
1187.00000,17988.41016
1187.50000,18052.04492
1188.00000,18116.07422
1188.50000,18175.16406
1189.00000,18225.41602
1189.50000,18265.39648
1190.00000,18296.80273
1190.50000,18320.01172
1191.00000,18336.92969
1191.50000,18346.59766
1192.00000,18344.40820
1192.50000,18328.80469
1193.00000,18297.17969
1193.50000,18252.00391
1194.00000,18198.69922
1194.50000,18139.71289
1195.00000,18075.90430
1195.50000,18004.56250
1196.00000,17922.02539
1196.50000,17830.86719
1197.00000,17735.41797
1197.50000,17642.14844
1198.00000,17554.05859
1198.50000,17470.64063
1199.00000,17387.16797
1199.50000,17300.55859
1200.00000,17210.81055
1200.50000,17121.76172
1201.00000,17038.29883
1201.50000,16963.29102
1202.00000,16896.69727
1202.50000,16839.01367
1203.00000,16787.15234
1203.50000,16739.66211
1204.00000,16694.95508
1204.50000,16651.78320
1205.00000,16611.67969
1205.50000,16577.92578
1206.00000,16553.55078
1206.50000,16541.92773
1207.00000,16537.60938
1207.50000,16534.59961
1208.00000,16526.11523
1208.50000,16510.51758
1209.00000,16489.76172
1209.50000,16469.45117
1210.00000,16453.05469
1210.50000,16441.20898
1211.00000,16429.97852
1211.50000,16415.60742
1212.00000,16395.61328
1212.50000,16370.44531
1213.00000,16340.00879
1213.50000,16305.07324
1214.00000,16265.59570
1214.50000,16221.00977
1215.00000,16173.16699
1215.50000,16123.21973
1216.00000,16071.83398
1216.50000,16018.41113
1217.00000,15960.63770
1217.50000,15897.77637
1218.00000,15830.25000
1218.50000,15759.72949
1219.00000,15689.39063
1219.50000,15621.82617
1220.00000,15558.87207
1220.50000,15501.01660
1221.00000,15449.72656
1221.50000,15404.20605
1222.00000,15364.03809
1222.50000,15328.72949
1223.00000,15296.36230
1223.50000,15266.26465
1224.00000,15238.00781
1224.50000,15211.67480
1225.00000,15188.39160
1225.50000,15168.33105
1226.00000,15151.86426
1226.50000,15139.15625
1227.00000,15128.96484
1227.50000,15120.00195
1228.00000,15109.86230
1228.50000,15096.41504
1229.00000,15077.31445
1229.50000,15054.30762
1230.00000,15030.83691
1230.50000,15012.83984
1231.00000,15003.85352
1231.50000,15005.48242
1232.00000,15012.61328
1232.50000,15018.44238
1233.00000,15016.37988
1233.50000,15007.93750
1234.00000,14998.45996
1234.50000,14996.01172
1235.00000,15003.39063
1235.50000,15018.66504
1236.00000,15033.65137
1236.50000,15042.47363
1237.00000,15043.87695
1237.50000,15045.31445
1238.00000,15054.70801
1238.50000,15075.37109
1239.00000,15101.16211
1239.50000,15122.13281
1240.00000,15131.16211
1240.50000,15128.12109
1241.00000,15118.16504
1241.50000,15110.20605
1242.00000,15108.67090
1242.50000,15112.56543
1243.00000,15117.59473
1243.50000,15121.23145
1244.00000,15125.17676
1244.50000,15133.48926
1245.00000,15150.61621
1245.50000,15174.50586
1246.00000,15200.72461
1246.50000,15222.82910
1247.00000,15237.69922
1247.50000,15244.79395
1248.00000,15249.12695
1248.50000,15255.53223
1249.00000,15268.55566
1249.50000,15288.91504
1250.00000,15317.21680
1250.50000,15351.31543
1251.00000,15387.35449
1251.50000,15419.95508
1252.00000,15445.04199
1252.50000,15460.68652
1253.00000,15468.69141
1253.50000,15476.07715
1254.00000,15490.38477
1254.50000,15516.30664
1255.00000,15553.33691
1255.50000,15599.48730
1256.00000,15648.19531
1256.50000,15695.15527
1257.00000,15736.72559
1257.50000,15771.81641
1258.00000,15799.26855
1258.50000,15821.33203
1259.00000,15841.79883
1259.50000,15865.59082
1260.00000,15894.31543
1260.50000,15925.90723
1261.00000,15953.56250
1261.50000,15971.13184
1262.00000,15973.92090
1262.50000,15965.90820
1263.00000,15954.04785
1263.50000,15945.43164
1264.00000,15942.09473
1264.50000,15942.40234
1265.00000,15942.28711
1265.50000,15939.19434
1266.00000,15932.67773
1266.50000,15924.86328
1267.00000,15917.64746
1267.50000,15912.48340
1268.00000,15909.53027
1268.50000,15909.12695
1269.00000,15910.95996
1269.50000,15913.98340
1270.00000,15917.82227
1270.50000,15923.50488
1271.00000,15933.79688
1271.50000,15952.70703
1272.00000,15978.51172
1272.50000,16006.12305
1273.00000,16026.60547
1273.50000,16034.79004
1274.00000,16029.51465
1274.50000,16020.05859
1275.00000,16015.25000
1275.50000,16020.73828
1276.00000,16031.45605
1276.50000,16039.82129
1277.00000,16040.30371
1277.50000,16034.20215
1278.00000,16026.39941
1278.50000,16021.83496
1279.00000,16021.15039
1279.50000,16022.03906
1280.00000,16022.81543
1280.50000,16026.13867
1281.00000,16036.84863
1281.50000,16056.47363
1282.00000,16081.35742
1282.50000,16100.47266
1283.00000,16103.67285
1283.50000,16085.43848
1284.00000,16053.80566
1284.50000,16019.80664
1285.00000,15994.17773
1285.50000,15980.07129
1286.00000,15976.12988
1286.50000,15973.54883
1287.00000,15965.48047
1287.50000,15946.73535
1288.00000,15917.91992
1288.50000,15880.60352
1289.00000,15840.53809
1289.50000,15803.17285
1290.00000,15774.13672
1290.50000,15752.77246
1291.00000,15736.14258
1291.50000,15717.76758
1292.00000,15692.24512
1292.50000,15656.41211
1293.00000,15613.59766
1293.50000,15568.48828
1294.00000,15525.77051
1294.50000,15487.03711
1295.00000,15452.04785
1295.50000,15418.88477
1296.00000,15385.56152
1296.50000,15350.92188
1297.00000,15315.34180
1297.50000,15280.45801
1298.00000,15250.10449
1298.50000,15227.27051
1299.00000,15215.17285
1299.50000,15212.94727
1300.00000,15215.02539
1300.50000,15214.25488
1301.00000,15206.36328
1301.50000,15191.71191
1302.00000,15174.97949
1302.50000,15162.18555
1303.00000,15156.33398
1303.50000,15154.76270
1304.00000,15151.84668
1304.50000,15141.89355
1305.00000,15125.35547
1305.50000,15105.97266
1306.00000,15089.93750
1306.50000,15080.73340
1307.00000,15079.40820
1307.50000,15082.54199
1308.00000,15085.49023
1308.50000,15083.82520
1309.00000,15076.51270
1309.50000,15064.25000
1310.00000,15050.57910
1310.50000,15040.66309
1311.00000,15039.74121
1311.50000,15048.42676
1312.00000,15062.69043
1312.50000,15075.37207
1313.00000,15080.58887
1313.50000,15076.51172
1314.00000,15066.82617
1314.50000,15058.60449
1315.00000,15057.19824
1315.50000,15061.92773
1316.00000,15069.07422
1316.50000,15074.68652
1317.00000,15077.66699
1317.50000,15078.43262
1318.00000,15076.97559
1318.50000,15071.60840
1319.00000,15057.92773
1319.50000,15034.95117
1320.00000,15005.62598
1320.50000,14977.41895
1321.00000,14958.51758
1321.50000,14955.03320
1322.00000,14967.11426
1322.50000,14987.18848
1323.00000,15007.67188
1323.50000,15022.41309
1324.00000,15029.49512
1324.50000,15029.56934
1325.00000,15027.20703
1325.50000,15025.33887
1326.00000,15025.11914
1326.50000,15025.30371
1327.00000,15023.47168
1327.50000,15018.61328
1328.00000,15011.56250
1328.50000,15004.77637
1329.00000,15000.07813
1329.50000,14996.66895
1330.00000,14990.80957
1330.50000,14979.14746
1331.00000,14959.53711
1331.50000,14936.54004
1332.00000,14916.72266
1332.50000,14908.24609
1333.00000,14912.64746
1333.50000,14928.67188
1334.00000,14948.43750
1334.50000,14963.54785
1335.00000,14965.69434
1335.50000,14955.39355
1336.00000,14936.37012
1336.50000,14915.98828
1337.00000,14900.53418
1337.50000,14893.62793
1338.00000,14894.07324
1338.50000,14898.92773
1339.00000,14906.87012
1339.50000,14917.31055
1340.00000,14931.02441
1340.50000,14947.26172
1341.00000,14962.42578
1341.50000,14971.40332
1342.00000,14972.08789
1342.50000,14966.95117
1343.00000,14962.09082
1343.50000,14962.63965
1344.00000,14969.60156
1344.50000,14979.01855
1345.00000,14985.56348
1345.50000,14986.59180
1346.00000,14985.60547
1346.50000,14988.24023
1347.00000,15000.37109
1347.50000,15019.95703
1348.00000,15042.28418
1348.50000,15060.50684
1349.00000,15071.75195
1349.50000,15077.28320
1350.00000,15083.05957
1350.50000,15094.16602
1351.00000,15114.81250
1351.50000,15142.83887
1352.00000,15174.87402
1352.50000,15204.53223
1353.00000,15225.95215
1353.50000,15232.14844
1354.00000,15223.66113
1354.50000,15204.19336
1355.00000,15181.62793
1355.50000,15165.63867
1356.00000,15162.33105
1356.50000,15170.43066
1357.00000,15182.41699
1357.50000,15188.25000
1358.00000,15181.93359
1358.50000,15162.39941
1359.00000,15133.47656
1359.50000,15103.73145
1360.00000,15079.41992
1360.50000,15062.74316
1361.00000,15051.69336
1361.50000,15043.90918
1362.00000,15037.04297
1362.50000,15031.45996
1363.00000,15028.53418
1363.50000,15028.20996
1364.00000,15029.63477
1364.50000,15031.16895
1365.00000,15032.26074
1365.50000,15033.83203
1366.00000,15036.94727
1366.50000,15041.48633
1367.00000,15045.29199
1367.50000,15045.79004
1368.00000,15041.56445
1368.50000,15034.77246
1369.00000,15028.59277
1369.50000,15025.97363
1370.00000,15026.02051
1370.50000,15026.26465
1371.00000,15023.41699
1371.50000,15016.54785
1372.00000,15006.34668
1372.50000,14995.75684
1373.00000,14987.19434
1373.50000,14982.94043
1374.00000,14982.43066
1374.50000,14985.25781
1375.00000,14989.95898
1375.50000,14994.23535
1376.00000,14995.18457
1376.50000,14991.40723
1377.00000,14983.43945
1377.50000,14974.33887
1378.00000,14969.26270
1378.50000,14973.63281
1379.00000,14990.54688
1379.50000,15017.70996
1380.00000,15050.67871
1380.50000,15081.78320
1381.00000,15105.34473
1381.50000,15117.32813
1382.00000,15121.48145
1382.50000,15123.13281
1383.00000,15129.41211
1383.50000,15143.72070
1384.00000,15166.34668
1384.50000,15191.05762
1385.00000,15211.89453
1385.50000,15225.26855
1386.00000,15234.45410
1386.50000,15244.62695
1387.00000,15260.54883
1387.50000,15282.34180
1388.00000,15306.14063
1388.50000,15324.96094
1389.00000,15333.32910
1389.50000,15328.48438
1390.00000,15315.14453
1390.50000,15298.65625
1391.00000,15285.22168
1391.50000,15276.93652
1392.00000,15273.03027
1392.50000,15268.96289
1393.00000,15261.40430
1393.50000,15249.46777
1394.00000,15236.47559
1394.50000,15227.26660
1395.00000,15224.60059
1395.50000,15226.85254
1396.00000,15228.02344
1396.50000,15221.22266
1397.00000,15203.18652
1397.50000,15176.56152
1398.00000,15149.39648
1398.50000,15129.78906
1399.00000,15120.63672
1399.50000,15119.60938
1400.00000,15121.89941
1400.50000,15122.03418
1401.00000,15117.96387
1401.50000,15110.55762
1402.00000,15102.24121
1402.50000,15094.69727
1403.00000,15088.94238
1403.50000,15086.17090
1404.00000,15088.62402
1404.50000,15095.56738
1405.00000,15104.30859
1405.50000,15108.80469
1406.00000,15104.42480
1406.50000,15088.60742
1407.00000,15067.70703
1407.50000,15050.03613
1408.00000,15043.04688
1408.50000,15045.01172
1409.00000,15051.14844
1409.50000,15055.03516
1410.00000,15054.76074
1410.50000,15052.81445
1411.00000,15053.76367
1411.50000,15059.03125
1412.00000,15065.59668
1412.50000,15068.15234
1413.00000,15063.97852
1413.50000,15055.71289
1414.00000,15047.78906
1414.50000,15042.51660
1415.00000,15037.14063
1415.50000,15027.52246
1416.00000,15011.99609
1416.50000,14996.13086
1417.00000,14989.51465
1417.50000,14998.75684
1418.00000,15020.48633
1418.50000,15044.05566
1419.00000,15057.49609
1419.50000,15055.89355
1420.00000,15043.97168
1420.50000,15034.18164
1421.00000,15037.36035
1421.50000,15054.73633
1422.00000,15079.52832
1422.50000,15101.65137
1423.00000,15115.43164
1423.50000,15121.67773
1424.00000,15125.34766
1424.50000,15130.78516
1425.00000,15138.69434
1425.50000,15146.49121
1426.00000,15152.14551
1426.50000,15155.90723
1427.00000,15161.15820
1427.50000,15171.35059
1428.00000,15187.75195
1428.50000,15207.36133
1429.00000,15226.86719
1429.50000,15244.08789
1430.00000,15259.36621
1430.50000,15274.75488
1431.00000,15291.98633
1431.50000,15310.95996
1432.00000,15329.29883
1432.50000,15344.48535
1433.00000,15355.33105
1433.50000,15365.18848
1434.00000,15378.50488
1434.50000,15400.20215
1435.00000,15429.50488
1435.50000,15463.67285
1436.00000,15497.08398
1436.50000,15525.59180
1437.00000,15546.50391
1437.50000,15561.96777
1438.00000,15574.75391
1438.50000,15587.87598
1439.00000,15603.37793
1439.50000,15622.96094
1440.00000,15647.04590
1440.50000,15674.54004
1441.00000,15703.96191
1441.50000,15733.22070
1442.00000,15761.71484
1442.50000,15790.00293
1443.00000,15818.22070
1443.50000,15843.76953
1444.00000,15862.10547
1444.50000,15870.29492
1445.00000,15866.73633
1445.50000,15858.42480
1446.00000,15852.18652
1446.50000,15853.43066
1447.00000,15860.75977
1447.50000,15869.99316
1448.00000,15877.02344
1448.50000,15882.00977
1449.00000,15887.58789
1449.50000,15894.56445
1450.00000,15899.26367
1450.50000,15893.78125
1451.00000,15874.01855
1451.50000,15839.11914
1452.00000,15798.85156
1452.50000,15764.49902
1453.00000,15746.03223
1453.50000,15740.30664
1454.00000,15741.12305
1454.50000,15739.16211
1455.00000,15729.56641
1455.50000,15712.22461
1456.00000,15693.54590
1456.50000,15679.75586
1457.00000,15675.72461
1457.50000,15678.12305
1458.00000,15683.28223
1458.50000,15687.36523
1459.00000,15689.24121
1459.50000,15689.29102
1460.00000,15688.37598
1460.50000,15686.04688
1461.00000,15681.03320
1461.50000,15674.40625
1462.00000,15669.44043
1462.50000,15670.03906
1463.00000,15676.77246
1463.50000,15687.40039
1464.00000,15696.43750
1464.50000,15700.63965
1465.00000,15700.33691
1465.50000,15700.45605
1466.00000,15706.04102
1466.50000,15717.90625
1467.00000,15732.73730
1467.50000,15745.94629
1468.00000,15754.83008
1468.50000,15759.42871
1469.00000,15762.42578
1469.50000,15768.03418
1470.00000,15780.74609
1470.50000,15802.81836
1471.00000,15832.28223
1471.50000,15864.97363
1472.00000,15894.22949
1472.50000,15915.24805
1473.00000,15925.70117
1473.50000,15928.61426
1474.00000,15925.92285
1474.50000,15920.08984
1475.00000,15913.52930
1475.50000,15912.65918
1476.00000,15924.81348
1476.50000,15957.75781
1477.00000,16012.74609
1477.50000,16077.37012
1478.00000,16134.75293
1478.50000,16171.13574
1479.00000,16184.67773
1479.50000,16182.39746
1480.00000,16183.12012
1480.50000,16197.88867
1481.00000,16230.35547
1481.50000,16274.72754
1482.00000,16326.05664
1482.50000,16378.85938
1483.00000,16430.36523
1483.50000,16478.10156
1484.00000,16521.92383
1484.50000,16563.39844
1485.00000,16606.61523
1485.50000,16655.03320
1486.00000,16710.39258
1486.50000,16768.94141
1487.00000,16826.25391
1487.50000,16879.39063
1488.00000,16931.23047
1488.50000,16987.74023
1489.00000,17054.29297
1489.50000,17131.22070
1490.00000,17217.61328
1490.50000,17308.62500
1491.00000,17402.01563
1491.50000,17498.30273
1492.00000,17599.07031
1492.50000,17707.28320
1493.00000,17823.73828
1493.50000,17947.75195
1494.00000,18081.46094
1494.50000,18225.71484
1495.00000,18383.93750
1495.50000,18560.57617
1496.00000,18752.56055
1496.50000,18957.75000
1497.00000,19170.54297
1497.50000,19389.37500
1498.00000,19621.58594
1498.50000,19873.36719
1499.00000,20151.03125
1499.50000,20455.92188
1500.00000,20777.74414
1500.50000,21110.66797
1501.00000,21451.77734
1501.50000,21803.97266
1502.00000,22177.33008
1502.50000,22572.34180
1503.00000,22990.67578
1503.50000,23433.45508
1504.00000,23898.92578
1504.50000,24393.94727
1505.00000,24918.01172
1505.50000,25462.84375
1506.00000,26018.27148
1506.50000,26570.50195
1507.00000,27112.51563
1507.50000,27642.65039
1508.00000,28163.79102
1508.50000,28673.27734
1509.00000,29165.13867
1509.50000,29631.55469
1510.00000,30059.32031
1510.50000,30451.62109
1511.00000,30805.57813
1511.50000,31120.19531
1512.00000,31396.86914
1512.50000,31619.94531
1513.00000,31781.91602
1513.50000,31876.74805
1514.00000,31894.78516
1514.50000,31855.10156
1515.00000,31762.50195
1515.50000,31624.44336
1516.00000,31447.04688
1516.50000,31219.68555
1517.00000,30944.96289
1517.50000,30627.67383
1518.00000,30274.49805
1518.50000,29899.36133
1519.00000,29502.27539
1519.50000,29080.58398
1520.00000,28634.77539
1520.50000,28166.46289
1521.00000,27690.93750
1521.50000,27219.78125
1522.00000,26756.17773
1522.50000,26291.36133
1523.00000,25813.23438
1523.50000,25316.86914
1524.00000,24809.11914
1524.50000,24304.02344
1525.00000,23814.43945
1525.50000,23344.03125
1526.00000,22887.52344
1526.50000,22434.82617
1527.00000,21982.65039
1527.50000,21535.39648
1528.00000,21101.81836
1528.50000,20696.81445
1529.00000,20320.73242
1529.50000,19970.19727
1530.00000,19636.18359
1530.50000,19308.48438
1531.00000,18985.96094
1531.50000,18674.00781
1532.00000,18380.89648
1532.50000,18120.35547
1533.00000,17888.45117
1533.50000,17679.53320
1534.00000,17484.46875
1534.50000,17295.42578
1535.00000,17112.47656
1535.50000,16938.49414
1536.00000,16776.93359
1536.50000,16632.94922
1537.00000,16503.45117
1537.50000,16386.72266
1538.00000,16280.56348
1538.50000,16181.96777
1539.00000,16091.19531
1539.50000,16007.88574
1540.00000,15933.19824
1540.50000,15870.37891
1541.00000,15816.66797
1541.50000,15768.96680
1542.00000,15722.20605
1542.50000,15673.02051
1543.00000,15621.03906
1543.50000,15569.58008
1544.00000,15522.09863
1544.50000,15481.44141
1545.00000,15445.30469
1545.50000,15411.85254
1546.00000,15379.19531
1546.50000,15346.46680
1547.00000,15313.32520
1547.50000,15279.82617
1548.00000,15246.79590
1548.50000,15216.77930
1549.00000,15191.59473
1549.50000,15172.33008
1550.00000,15156.58789
1550.50000,15140.84082
1551.00000,15123.06836
1551.50000,15105.32422
1552.00000,15091.18750
1552.50000,15081.27539
1553.00000,15069.78516
1553.50000,15047.28906
1554.00000,15008.75488
1554.50000,14958.15527
1555.00000,14906.62500
1555.50000,14867.79297
1556.00000,14847.81543
1556.50000,14842.96387
1557.00000,14842.18848
1557.50000,14837.99316
1558.00000,14829.20215
1558.50000,14819.66602
1559.00000,14815.09180
1559.50000,14816.21094
1560.00000,14819.96387
1560.50000,14820.47656
1561.00000,14812.95020
1561.50000,14792.64453
1562.00000,14761.10449
1562.50000,14723.64453
1563.00000,14690.49121
1563.50000,14669.55566
1564.00000,14664.75098
1564.50000,14672.65723
1565.00000,14684.74512
1565.50000,14695.32520
1566.00000,14704.00977
1566.50000,14714.12500
1567.00000,14727.64258
1567.50000,14740.23828
1568.00000,14744.83398
1568.50000,14736.97266
1569.00000,14720.33203
1569.50000,14702.65137
1570.00000,14692.05859
1570.50000,14690.01465
1571.00000,14692.40039
1571.50000,14693.34277
1572.00000,14690.94336
1572.50000,14687.52734
1573.00000,14686.35547
1573.50000,14689.22168
1574.00000,14693.59180
1574.50000,14696.38086
1575.00000,14695.13770
1575.50000,14690.23730
1576.00000,14682.61230
1576.50000,14674.75391
1577.00000,14669.79395
1577.50000,14672.45313
1578.00000,14682.78516
1578.50000,14698.40039
1579.00000,14712.64941
1579.50000,14718.65234
1580.00000,14710.98730
1580.50000,14691.49609
1581.00000,14667.08496
1581.50000,14645.95313
1582.00000,14632.07129
1582.50000,14626.00586
1583.00000,14625.11035
1583.50000,14624.64844
1584.00000,14620.45313
1584.50000,14610.09863
1585.00000,14593.71973
1585.50000,14571.38672
1586.00000,14546.20898
1586.50000,14520.08496
1587.00000,14494.58398
1587.50000,14470.29297
1588.00000,14447.66797
1588.50000,14426.89258
1589.00000,14408.10352
1589.50000,14391.12793
1590.00000,14374.37695
1590.50000,14356.65918
1591.00000,14338.34277
1591.50000,14321.98730
1592.00000,14311.24219
1592.50000,14306.14844
1593.00000,14303.34570
1593.50000,14296.02441
1594.00000,14279.93848
1594.50000,14254.15332
1595.00000,14225.36523
1595.50000,14201.60938
1596.00000,14189.26660
1596.50000,14186.35254
1597.00000,14187.59180
1597.50000,14186.01953
1598.00000,14177.96973
1598.50000,14163.38086
1599.00000,14145.24023
1599.50000,14126.39160
1600.00000,14107.93555
1600.50000,14089.44629
1601.00000,14070.22070
1601.50000,14050.61914
1602.00000,14032.84961
1602.50000,14020.50195
1603.00000,14016.11230
1603.50000,14019.04395
1604.00000,14026.87695
1604.50000,14033.49609
1605.00000,14034.27051
1605.50000,14026.78320
1606.00000,14012.95605
1606.50000,13993.59473
1607.00000,13969.83887
1607.50000,13942.72559
1608.00000,13914.60645
1608.50000,13890.66797
1609.00000,13876.00293
1609.50000,13873.97559
1610.00000,13881.46387
1610.50000,13895.38184
1611.00000,13911.49902
1611.50000,13927.51758
1612.00000,13940.63770
1612.50000,13947.27930
1613.00000,13941.92383
1613.50000,13920.89844
1614.00000,13888.93262
1614.50000,13854.18945
1615.00000,13826.84766
1615.50000,13810.26270
1616.00000,13803.40625
1616.50000,13798.65332
1617.00000,13791.13477
1617.50000,13778.54199
1618.00000,13761.94922
1618.50000,13742.46875
1619.00000,13721.99023
1619.50000,13702.92871
1620.00000,13689.87891
1620.50000,13684.91504
1621.00000,13688.90723
1621.50000,13697.39453
1622.00000,13704.52637
1622.50000,13706.05957
1623.00000,13702.07129
1623.50000,13693.90137
1624.00000,13681.96973
1624.50000,13666.70215
1625.00000,13648.52637
1625.50000,13630.45508
1626.00000,13616.46094
1626.50000,13610.29492
1627.00000,13609.43945
1627.50000,13608.35547
1628.00000,13600.75488
1628.50000,13587.41895
1629.00000,13573.93555
1629.50000,13568.52148
1630.00000,13574.15332
1630.50000,13587.73828
1631.00000,13596.76855
1631.50000,13591.73828
1632.00000,13569.56152
1632.50000,13540.14746
1633.00000,13515.49805
1633.50000,13504.12695
1634.00000,13503.76367
1634.50000,13503.67383
1635.00000,13493.64453
1635.50000,13471.01172
1636.00000,13442.23535
1636.50000,13418.86621
1637.00000,13410.61035
1637.50000,13415.01172
1638.00000,13423.83887
1638.50000,13429.01465
1639.00000,13429.07227
1639.50000,13427.59570
1640.00000,13430.81250
1640.50000,13440.11719
1641.00000,13451.76563
1641.50000,13459.25488
1642.00000,13458.96387
1642.50000,13449.59961
1643.00000,13435.79395
1643.50000,13420.05078
1644.00000,13403.04492
1644.50000,13384.72656
1645.00000,13366.83789
1645.50000,13353.71191
1646.00000,13349.46680
1646.50000,13356.97559
1647.00000,13368.64844
1647.50000,13376.77930
1648.00000,13374.73730
1648.50000,13362.52832
1649.00000,13342.77832
1649.50000,13322.07422
1650.00000,13304.69141
1650.50000,13293.70703
1651.00000,13289.19336
1651.50000,13292.09668
1652.00000,13301.15137
1652.50000,13312.35449
1653.00000,13320.03711
1653.50000,13320.76660
1654.00000,13313.65430
1654.50000,13299.37012
1655.00000,13281.22363
1655.50000,13260.98828
1656.00000,13241.64648
1656.50000,13226.68066
1657.00000,13221.41895
1657.50000,13225.70605
1658.00000,13236.24219
1658.50000,13245.32324
1659.00000,13246.92871
1659.50000,13239.93164
1660.00000,13229.31445
1660.50000,13220.44922
1661.00000,13215.91602
1661.50000,13212.26270
1662.00000,13205.16895
1662.50000,13193.00098
1663.00000,13179.48340
1663.50000,13170.34668
1664.00000,13169.45313
1664.50000,13176.24707
1665.00000,13185.98438
1665.50000,13191.58105
1666.00000,13187.92285
1666.50000,13172.26172
1667.00000,13147.40234
1667.50000,13116.23242
1668.00000,13084.88477
1668.50000,13058.43555
1669.00000,13044.18750
1669.50000,13044.01953
1670.00000,13059.48633
1670.50000,13085.77441
1671.00000,13111.02539
1671.50000,13123.62305
1672.00000,13120.77051
1672.50000,13107.76953
1673.00000,13095.04590
1673.50000,13090.29883
1674.00000,13091.58105
1674.50000,13089.59961
1675.00000,13078.38086
1675.50000,13059.04395
1676.00000,13042.50000
1676.50000,13038.30176
1677.00000,13048.19629
1677.50000,13061.49902
1678.00000,13068.42188
1678.50000,13064.29980
1679.00000,13052.61230
1679.50000,13038.39551
1680.00000,13025.01953
1680.50000,13012.55762
1681.00000,13002.02246
1681.50000,12996.15723
1682.00000,12999.06836
1682.50000,13009.57324
1683.00000,13020.61621
1683.50000,13023.65625
1684.00000,13016.41992
1684.50000,13001.27246
1685.00000,12983.90137
1685.50000,12968.87109
1686.00000,12956.56250
1686.50000,12945.37988
1687.00000,12934.96289
1687.50000,12927.98047
1688.00000,12927.08789
1688.50000,12933.30566
1689.00000,12944.68164
1689.50000,12955.98047
1690.00000,12961.11426
1690.50000,12955.58398
1691.00000,12939.15820
1691.50000,12915.41406
1692.00000,12892.89941
1692.50000,12877.71777
1693.00000,12872.13867
1693.50000,12871.44629
1694.00000,12869.86914
1694.50000,12865.10938
1695.00000,12859.76172
1695.50000,12859.15332
1696.00000,12864.26660
1696.50000,12871.90820
1697.00000,12874.96680
1697.50000,12870.32422
1698.00000,12859.01465
1698.50000,12847.98145
1699.00000,12843.45410
1699.50000,12849.57520
1700.00000,12859.83887
1700.50000,12866.47852
1701.00000,12861.79688
1701.50000,12845.31738
1702.00000,12821.62207
1702.50000,12802.37305
1703.00000,12794.89551
1703.50000,12801.27539
1704.00000,12812.37500
1704.50000,12819.15332
1705.00000,12816.28027
1705.50000,12808.29395
1706.00000,12802.33594
1706.50000,12802.02637
1707.00000,12805.15820
1707.50000,12805.19043
1708.00000,12798.31055
1708.50000,12785.34570
1709.00000,12770.29297
1709.50000,12755.86035
1710.00000,12742.39941
1710.50000,12729.76367
1711.00000,12720.08301
1711.50000,12717.45898
1712.00000,12721.89063
1712.50000,12730.42773
1713.00000,12736.23340
1713.50000,12735.02539
1714.00000,12726.29297
1714.50000,12714.65527
1715.00000,12703.01367
1715.50000,12692.76953
1716.00000,12684.44727
1716.50000,12680.30762
1717.00000,12682.14844
1717.50000,12688.79102
1718.00000,12695.27734
1718.50000,12695.12402
1719.00000,12686.14258
1719.50000,12673.25879
1720.00000,12664.11230
1720.50000,12663.72656
1721.00000,12669.80859
1721.50000,12676.85254
1722.00000,12680.78906
1722.50000,12682.87598
1723.00000,12684.78027
1723.50000,12685.25293
1724.00000,12679.46680
1724.50000,12662.09375
1725.00000,12636.41211
1725.50000,12610.32422
1726.00000,12594.71973
1726.50000,12592.41504
1727.00000,12600.73047
1727.50000,12610.75391
1728.00000,12616.27539
1728.50000,12615.40723
1729.00000,12611.95508
1729.50000,12610.13184
1730.00000,12612.34277
1730.50000,12616.84082
1731.00000,12621.31055
1731.50000,12623.53906
1732.00000,12622.86035
1732.50000,12619.29297
1733.00000,12614.11523
1733.50000,12608.17578
1734.00000,12602.29199
1734.50000,12596.97949
1735.00000,12591.99609
1735.50000,12586.08496
1736.00000,12578.27148
1736.50000,12568.80957
1737.00000,12560.89648
1737.50000,12558.99023
1738.00000,12565.57227
1738.50000,12576.11914
1739.00000,12583.34473
1739.50000,12580.42773
1740.00000,12567.01660
