280.00000,4038.03076
280.50000,4041.19312
281.00000,4043.66138
281.50000,4045.70508
282.00000,4047.43677
282.50000,4048.62866
283.00000,4048.94067
283.50000,4048.59570
284.00000,4048.10229
284.50000,4048.20068
285.00000,4049.48511
285.50000,4052.76196
286.00000,4057.81445
286.50000,4064.16504
287.00000,4070.85889
287.50000,4076.91260
288.00000,4081.20483
288.50000,4083.17529
289.00000,4082.51855
289.50000,4079.48022
290.00000,4075.44360
290.50000,4071.36450
291.00000,4068.17090
291.50000,4066.18018
292.00000,4065.45288
292.50000,4065.14771
293.00000,4064.68091
293.50000,4063.78564
294.00000,4062.72070
294.50000,4061.95752
295.00000,4062.01758
295.50000,4062.81201
296.00000,4063.82324
296.50000,4064.34741
297.00000,4063.92041
297.50000,4062.32275
298.00000,4060.14404
298.50000,4058.11841
299.00000,4056.70801
299.50000,4055.79370
300.00000,4054.88281
300.50000,4053.29028
301.00000,4050.44653
301.50000,4046.30737
302.00000,4041.83374
302.50000,4038.09277
303.00000,4036.16162
303.50000,4036.57300
304.00000,4040.05811
304.50000,4045.56836
305.00000,4051.77905
305.50000,4057.25513
306.00000,4061.06323
306.50000,4062.54004
307.00000,4062.15747
307.50000,4061.17871
308.00000,4060.97314
308.50000,4061.78174
309.00000,4062.98584
309.50000,4062.94287
310.00000,4060.05884
310.50000,4052.61694
311.00000,4042.12598
311.50000,4030.98096
312.00000,4022.52441
312.50000,4018.62915
313.00000,4020.55933
313.50000,4027.85181
314.00000,4037.16870
314.50000,4046.17212
315.00000,4053.41406
315.50000,4058.64307
316.00000,4062.06323
316.50000,4064.72583
317.00000,4066.93359
317.50000,4068.41650
318.00000,4068.83862
318.50000,4067.76831
319.00000,4065.52588
319.50000,4062.70483
320.00000,4060.14795
320.50000,4058.24219
321.00000,4057.08057
321.50000,4056.47900
322.00000,4056.15283
322.50000,4055.97095
323.00000,4055.85474
323.50000,4055.73730
324.00000,4055.48242
324.50000,4055.00806
325.00000,4054.31909
325.50000,4053.67725
326.00000,4053.56177
326.50000,4054.57886
327.00000,4056.72681
327.50000,4059.83374
328.00000,4063.50830
328.50000,4067.13965
329.00000,4070.18091
329.50000,4072.31396
330.00000,4073.43774
330.50000,4072.98804
331.00000,4070.76855
331.50000,4066.34790
332.00000,4059.33618
332.50000,4050.65918
333.00000,4041.84961
333.50000,4034.78564
334.00000,4030.82861
334.50000,4031.68042
335.00000,4036.42017
335.50000,4043.77979
336.00000,4051.04224
336.50000,4056.19800
337.00000,4057.80566
337.50000,4056.21802
338.00000,4052.81665
338.50000,4049.70117
339.00000,4048.65674
339.50000,4050.15796
340.00000,4053.58398
340.50000,4057.42310
341.00000,4060.30322
341.50000,4061.62695
342.00000,4061.98071
342.50000,4062.97363
343.00000,4065.75342
343.50000,4070.91797
344.00000,4077.97485
344.50000,4085.38208
345.00000,4090.98047
345.50000,4093.60254
346.00000,4093.24194
346.50000,4090.13965
347.00000,4085.71045
347.50000,4080.69897
348.00000,4075.54614
348.50000,4070.20752
349.00000,4064.51685
349.50000,4058.76904
350.00000,4053.64600
350.50000,4050.42822
351.00000,4049.76880
351.50000,4052.61694
352.00000,4058.24683
352.50000,4065.22485
353.00000,4072.23096
353.50000,4078.10669
354.00000,4082.20166
354.50000,4084.05371
355.00000,4084.14258
355.50000,4082.72510
356.00000,4080.10229
356.50000,4076.67236
357.00000,4072.90186
357.50000,4069.64990
358.00000,4068.07617
358.50000,4069.18408
359.00000,4072.56177
359.50000,4077.60962
360.00000,4082.82788
360.50000,4086.80322
361.00000,4087.87427
361.50000,4086.04004
362.00000,4082.00122
362.50000,4076.71411
363.00000,4071.25952
363.50000,4066.32178
364.00000,4062.23901
364.50000,4059.17212
365.00000,4057.54199
365.50000,4057.23047
366.00000,4058.33545
366.50000,4060.65942
367.00000,4063.55811
367.50000,4066.42041
368.00000,4068.69702
368.50000,4070.27051
369.00000,4070.96851
369.50000,4070.73438
370.00000,4068.99243
370.50000,4065.00342
371.00000,4058.64673
371.50000,4050.37598
372.00000,4042.40991
372.50000,4036.80542
373.00000,4035.83276
373.50000,4038.90088
374.00000,4044.68823
374.50000,4049.83618
375.00000,4051.34814
375.50000,4047.70361
376.00000,4040.88843
376.50000,4033.87134
377.00000,4030.66284
377.50000,4033.01880
378.00000,4041.72021
378.50000,4053.19141
379.00000,4063.47070
379.50000,4068.71509
380.00000,4068.02222
380.50000,4061.85962
381.00000,4051.93311
381.50000,4041.65283
382.00000,4033.24707
382.50000,4027.47485
383.00000,4023.86035
383.50000,4021.81934
384.00000,4020.20654
384.50000,4018.42456
385.00000,4016.30249
385.50000,4014.16724
386.00000,4012.40186
386.50000,4011.26489
387.00000,4010.76416
387.50000,4010.86035
388.00000,4011.24536
388.50000,4011.84912
389.00000,4012.91968
389.50000,4014.75977
390.00000,4017.74536
390.50000,4021.62378
391.00000,4025.58203
391.50000,4027.68604
392.00000,4026.71191
392.50000,4022.13477
393.00000,4014.73975
393.50000,4006.86011
394.00000,4001.21924
394.50000,3999.73096
395.00000,4002.78223
395.50000,4008.69629
396.00000,4014.01880
396.50000,4016.21777
397.00000,4013.87476
397.50000,4008.05298
398.00000,4000.53979
398.50000,3994.23169
399.00000,3990.56274
399.50000,3989.74194
400.00000,3990.06763
400.50000,3990.17017
401.00000,3989.15283
401.50000,3987.39404
402.00000,3986.57617
402.50000,3988.25244
403.00000,3992.96802
403.50000,4000.40210
404.00000,4008.37891
404.50000,4014.56860
405.00000,4016.71802
405.50000,4014.14478
406.00000,4007.31396
406.50000,3998.89893
407.00000,3991.21899
407.50000,3986.72290
408.00000,3985.98462
408.50000,3989.14429
409.00000,3994.59473
409.50000,3999.98120
410.00000,4003.47266
410.50000,4004.75098
411.00000,4004.25244
411.50000,4003.18066
412.00000,4002.97583
412.50000,4004.76636
413.00000,4008.06763
413.50000,4011.73389
414.00000,4014.39478
414.50000,4015.43726
415.00000,4014.85205
415.50000,4013.42188
416.00000,4012.51196
416.50000,4013.09497
417.00000,4015.02881
417.50000,4017.53979
418.00000,4019.54272
418.50000,4020.35449
419.00000,4019.74292
419.50000,4018.12671
420.00000,4016.45996
420.50000,4015.27905
421.00000,4014.54395
421.50000,4013.90552
422.00000,4012.96069
422.50000,4011.75977
423.00000,4010.91089
423.50000,4011.56177
424.00000,4014.23364
424.50000,4019.36328
425.00000,4026.21265
425.50000,4033.83447
426.00000,4041.20996
426.50000,4047.68701
427.00000,4053.01978
427.50000,4057.33350
428.00000,4060.73950
428.50000,4062.78979
429.00000,4063.23120
429.50000,4061.89453
430.00000,4058.80493
430.50000,4055.17969
431.00000,4052.34277
431.50000,4051.28442
432.00000,4052.02417
432.50000,4054.12500
433.00000,4056.15137
433.50000,4056.73267
434.00000,4054.26123
434.50000,4049.14526
435.00000,4041.95996
435.50000,4034.03052
436.00000,4026.65576
436.50000,4021.13184
437.00000,4017.72778
437.50000,4016.44360
438.00000,4016.67139
438.50000,4017.26172
439.00000,4017.47827
439.50000,4016.90601
440.00000,4015.62671
440.50000,4014.00195
441.00000,4012.74268
441.50000,4012.47021
442.00000,4013.41821
442.50000,4015.10205
443.00000,4016.86011
443.50000,4017.81714
444.00000,4017.38330
444.50000,4014.89941
445.00000,4010.91675
445.50000,4006.20068
446.00000,4001.70264
446.50000,3997.95728
447.00000,3995.13403
447.50000,3992.74585
448.00000,3990.17529
448.50000,3986.86133
449.00000,3983.22046
449.50000,3980.31567
450.00000,3979.47583
450.50000,3981.11768
451.00000,3985.25220
451.50000,3990.29736
452.00000,3994.39331
452.50000,3995.05103
453.00000,3992.50024
453.50000,3987.58032
454.00000,3982.10571
454.50000,3977.66772
455.00000,3975.21802
455.50000,3974.13989
456.00000,3973.20337
456.50000,3970.90210
457.00000,3967.23828
457.50000,3962.91724
458.00000,3959.32324
458.50000,3957.49341
459.00000,3958.35083
459.50000,3961.39941
460.00000,3966.01978
460.50000,3971.44312
461.00000,3976.99414
461.50000,3982.13232
462.00000,3986.02686
462.50000,3987.78687
463.00000,3985.69702
463.50000,3979.49561
464.00000,3969.49243
464.50000,3957.40308
465.00000,3945.63428
465.50000,3936.02490
466.00000,3929.30542
466.50000,3924.94336
467.00000,3922.27271
467.50000,3920.28223
468.00000,3919.17627
468.50000,3920.13330
469.00000,3923.77734
469.50000,3930.44019
470.00000,3938.63940
470.50000,3946.09961
471.00000,3949.52979
471.50000,3947.65820
472.00000,3940.67676
472.50000,3930.50757
473.00000,3919.96289
473.50000,3911.21851
474.00000,3905.22095
474.50000,3901.71118
475.00000,3900.22437
475.50000,3899.47656
476.00000,3898.94727
476.50000,3898.43970
477.00000,3897.84473
477.50000,3896.95435
478.00000,3895.61621
478.50000,3893.86377
479.00000,3892.04907
479.50000,3890.79395
480.00000,3890.44092
480.50000,3890.75757
481.00000,3891.02686
481.50000,3890.44653
482.00000,3888.84766
482.50000,3886.72803
483.00000,3885.38403
483.50000,3885.88574
484.00000,3888.50415
484.50000,3892.38330
485.00000,3896.09082
485.50000,3898.20361
486.00000,3898.43555
486.50000,3897.31860
487.00000,3896.16479
487.50000,3896.28516
488.00000,3898.15479
488.50000,3901.19287
489.00000,3904.23608
489.50000,3905.83716
490.00000,3905.24023
490.50000,3902.10083
491.00000,3896.47241
491.50000,3889.78296
492.00000,3883.48267
492.50000,3879.00269
493.00000,3877.07544
493.50000,3878.38379
494.00000,3881.73901
494.50000,3885.82910
495.00000,3888.85840
495.50000,3889.91675
496.00000,3888.96729
496.50000,3887.01782
497.00000,3885.16040
497.50000,3884.30664
498.00000,3884.44727
498.50000,3885.28882
499.00000,3886.38525
499.50000,3887.51904
500.00000,3888.79980
500.50000,3890.21313
501.00000,3891.44873
501.50000,3891.77246
502.00000,3890.94629
502.50000,3889.16943
503.00000,3887.70435
503.50000,3888.20728
504.00000,3891.91895
504.50000,3898.00806
505.00000,3904.53491
505.50000,3908.47632
506.00000,3908.25757
506.50000,3903.20557
507.00000,3894.91235
507.50000,3886.81836
508.00000,3882.19385
508.50000,3881.85327
509.00000,3885.00122
509.50000,3889.96606
510.00000,3894.41992
510.50000,3897.09351
511.00000,3897.93262
511.50000,3898.00366
512.00000,3898.26270
512.50000,3898.80273
513.00000,3899.01904
513.50000,3897.87793
514.00000,3895.13159
514.50000,3890.94336
515.00000,3886.31982
515.50000,3882.38745
516.00000,3879.81909
516.50000,3878.08081
517.00000,3876.52100
517.50000,3874.69751
518.00000,3872.90356
518.50000,3872.12842
519.00000,3873.47144
519.50000,3877.24512
520.00000,3882.88403
520.50000,3888.09082
521.00000,3890.95728
521.50000,3889.98340
522.00000,3885.88086
522.50000,3879.76147
523.00000,3873.63184
523.50000,3868.80786
524.00000,3865.89111
524.50000,3863.52686
525.00000,3860.60278
525.50000,3856.54590
526.00000,3852.03906
526.50000,3848.55859
527.00000,3847.61450
527.50000,3849.77686
528.00000,3855.08472
528.50000,3861.04272
529.00000,3865.33789
529.50000,3866.01270
530.00000,3862.93799
530.50000,3856.24878
531.00000,3847.66626
531.50000,3838.84668
532.00000,3831.44995
532.50000,3826.12793
533.00000,3823.00610
533.50000,3821.54834
534.00000,3820.78882
534.50000,3819.90796
535.00000,3818.32739
535.50000,3815.97729
536.00000,3813.30420
536.50000,3811.32593
537.00000,3811.18530
537.50000,3813.25537
538.00000,3816.74780
538.50000,3820.27930
539.00000,3822.07861
539.50000,3820.84937
540.00000,3815.57886
540.50000,3807.51514
541.00000,3798.04443
541.50000,3789.34180
542.00000,3782.68506
542.50000,3779.06909
543.00000,3777.89551
543.50000,3778.45654
544.00000,3779.89551
544.50000,3781.26929
545.00000,3782.03833
545.50000,3782.05640
546.00000,3781.61304
546.50000,3781.00073
547.00000,3780.40918
547.50000,3779.73438
548.00000,3778.62085
548.50000,3776.87842
549.00000,3774.58203
549.50000,3772.53076
550.00000,3771.92310
550.50000,3774.24048
551.00000,3779.10498
551.50000,3785.60449
552.00000,3791.85986
552.50000,3796.15088
553.00000,3797.17969
553.50000,3795.41431
554.00000,3792.30273
554.50000,3789.72412
555.00000,3788.56421
555.50000,3788.74316
556.00000,3789.47046
556.50000,3789.90552
557.00000,3789.68530
557.50000,3789.09253
558.00000,3788.51953
558.50000,3788.00293
559.00000,3786.90942
559.50000,3784.38794
560.00000,3780.10254
560.50000,3774.88574
561.00000,3770.27051
561.50000,3767.92285
562.00000,3768.79248
562.50000,3773.38110
563.00000,3779.86206
563.50000,3786.24023
564.00000,3790.38745
564.50000,3791.45898
565.00000,3788.71509
565.50000,3783.16138
566.00000,3775.99731
566.50000,3768.86792
567.00000,3763.50146
567.50000,3761.70703
568.00000,3764.63940
568.50000,3771.28662
569.00000,3780.14990
569.50000,3788.19946
570.00000,3792.69580
570.50000,3790.79517
571.00000,3782.92505
571.50000,3769.90576
572.00000,3754.93164
572.50000,3741.84424
573.00000,3734.62500
573.50000,3733.70776
574.00000,3738.59937
574.50000,3747.60034
575.00000,3757.57617
575.50000,3766.23462
576.00000,3772.21509
576.50000,3775.48730
577.00000,3776.08887
577.50000,3775.18750
578.00000,3773.23706
578.50000,3770.35840
579.00000,3766.79272
579.50000,3762.66479
580.00000,3758.26660
580.50000,3753.76587
581.00000,3749.04956
581.50000,3743.92969
582.00000,3738.39209
582.50000,3733.16089
583.00000,3729.35278
583.50000,3728.49316
584.00000,3730.88232
584.50000,3735.68799
585.00000,3741.18237
585.50000,3745.05176
586.00000,3745.70776
586.50000,3743.04858
587.00000,3739.26611
587.50000,3736.83740
588.00000,3737.06177
588.50000,3739.60376
589.00000,3742.81689
589.50000,3744.41187
590.00000,3742.88623
590.50000,3738.49316
591.00000,3733.42798
591.50000,3730.92358
592.00000,3732.49292
592.50000,3737.84351
593.00000,3745.26025
593.50000,3751.72534
594.00000,3754.84619
594.50000,3753.66162
595.00000,3749.27441
595.50000,3743.25928
596.00000,3737.87378
596.50000,3734.24536
597.00000,3732.38379
597.50000,3731.10107
598.00000,3729.41992
598.50000,3726.87402
599.00000,3723.87915
599.50000,3721.58813
600.00000,3721.12866
600.50000,3723.26343
601.00000,3728.11108
601.50000,3733.96021
602.00000,3738.92871
602.50000,3741.39258
603.00000,3740.88867
603.50000,3737.39331
604.00000,3732.76221
604.50000,3728.62939
605.00000,3726.48804
605.50000,3726.37329
606.00000,3727.63086
606.50000,3728.59058
607.00000,3728.22485
607.50000,3725.97900
608.00000,3722.78223
608.50000,3719.61523
609.00000,3717.47583
609.50000,3716.56860
610.00000,3716.75391
610.50000,3717.37231
611.00000,3717.96558
611.50000,3718.41040
612.00000,3718.78540
612.50000,3718.94629
613.00000,3718.41064
613.50000,3716.76636
614.00000,3713.65552
614.50000,3709.70288
615.00000,3706.00610
615.50000,3704.21411
616.00000,3704.88721
616.50000,3707.72314
617.00000,3711.17773
617.50000,3713.58276
618.00000,3713.52368
618.50000,3711.12158
619.00000,3707.12744
619.50000,3702.46021
620.00000,3697.83545
620.50000,3693.14917
621.00000,3687.87549
621.50000,3681.98828
622.00000,3676.51367
622.50000,3673.13013
623.00000,3673.37598
623.50000,3678.41553
624.00000,3686.58008
624.50000,3695.75098
625.00000,3702.99072
625.50000,3706.52563
626.00000,3704.98071
626.50000,3699.97070
627.00000,3693.27905
627.50000,3686.36279
628.00000,3680.10132
628.50000,3674.99463
629.00000,3671.33154
629.50000,3669.31323
630.00000,3669.50708
630.50000,3671.28174
631.00000,3673.69409
631.50000,3675.12085
632.00000,3674.76831
632.50000,3672.83740
633.00000,3670.92407
633.50000,3670.62793
634.00000,3673.31421
634.50000,3677.86523
635.00000,3682.48486
635.50000,3684.79639
636.00000,3684.00610
636.50000,3680.49121
637.00000,3676.73706
637.50000,3674.71411
638.00000,3675.37622
638.50000,3677.07959
639.00000,3677.87158
639.50000,3676.01343
640.00000,3671.76025
640.50000,3666.56250
641.00000,3662.88550
641.50000,3662.26685
642.00000,3665.33862
642.50000,3669.59546
643.00000,3672.66357
643.50000,3672.69458
644.00000,3669.72974
644.50000,3664.41919
645.00000,3658.56616
645.50000,3653.42847
646.00000,3649.88330
646.50000,3647.74780
647.00000,3647.06787
647.50000,3648.07031
648.00000,3650.88110
648.50000,3655.87524
649.00000,3662.20386
649.50000,3668.61987
650.00000,3673.30957
650.50000,3675.39282
651.00000,3674.47925
651.50000,3671.62915
652.00000,3668.55396
652.50000,3666.87036
653.00000,3666.84521
653.50000,3667.58521
654.00000,3667.50488
654.50000,3665.65845
655.00000,3661.74121
655.50000,3656.62964
656.00000,3651.45728
656.50000,3646.99854
657.00000,3643.02441
657.50000,3638.88867
658.00000,3634.04785
658.50000,3629.09302
659.00000,3625.80420
659.50000,3625.91064
660.00000,3629.81006
660.50000,3636.98218
661.00000,3644.32861
661.50000,3648.89209
662.00000,3648.04834
662.50000,3642.12988
663.00000,3632.27954
663.50000,3621.79150
664.00000,3613.77905
664.50000,3611.66772
665.00000,3615.29736
665.50000,3624.67554
666.00000,3638.41431
666.50000,3653.54980
667.00000,3666.67773
667.50000,3674.58423
668.00000,3675.35620
668.50000,3667.22607
669.00000,3653.66992
669.50000,3638.23022
670.00000,3625.88672
670.50000,3619.04126
671.00000,3618.75586
671.50000,3622.38159
672.00000,3627.02100
672.50000,3629.94458
673.00000,3630.36377
673.50000,3628.48486
674.00000,3625.52661
674.50000,3622.66846
675.00000,3620.60986
675.50000,3619.51709
676.00000,3619.64331
676.50000,3621.72119
677.00000,3625.81396
677.50000,3631.77173
678.00000,3638.23853
678.50000,3643.41309
679.00000,3645.14478
679.50000,3643.25854
680.00000,3638.51489
680.50000,3632.71802
681.00000,3628.01025
681.50000,3625.85986
682.00000,3625.97827
682.50000,3627.18701
683.00000,3628.42505
683.50000,3629.20215
684.00000,3629.82227
684.50000,3631.20557
685.00000,3634.03467
685.50000,3638.76733
686.00000,3644.80127
686.50000,3650.95166
687.00000,3655.47095
687.50000,3657.36572
688.00000,3656.34863
688.50000,3653.17139
689.00000,3649.58789
689.50000,3647.12622
690.00000,3646.36743
690.50000,3646.65942
691.00000,3646.30688
691.50000,3643.75977
692.00000,3638.19922
692.50000,3630.37500
693.00000,3622.61060
693.50000,3617.79517
694.00000,3617.12061
694.50000,3620.06079
695.00000,3625.39429
695.50000,3630.78687
696.00000,3634.81006
696.50000,3636.68091
697.00000,3636.57007
697.50000,3634.33252
698.00000,3630.37598
698.50000,3625.15869
699.00000,3619.58716
699.50000,3615.21606
700.00000,3613.62305
700.50000,3615.32983
701.00000,3619.23389
701.50000,3623.69824
702.00000,3626.82031
702.50000,3627.65991
703.00000,3626.08936
703.50000,3623.53931
704.00000,3621.27832
704.50000,3620.30615
705.00000,3620.78027
705.50000,3622.69189
706.00000,3625.40308
706.50000,3628.39844
707.00000,3631.09399
707.50000,3633.03101
708.00000,3633.83740
708.50000,3633.74951
709.00000,3633.52490
709.50000,3634.26733
710.00000,3636.46313
710.50000,3639.93408
711.00000,3643.57227
711.50000,3645.91431
712.00000,3645.63452
712.50000,3642.70654
713.00000,3638.32446
713.50000,3633.73364
714.00000,3629.89624
714.50000,3627.06982
715.00000,3625.03271
715.50000,3623.32715
716.00000,3621.93530
716.50000,3621.16406
717.00000,3621.40112
717.50000,3623.18115
718.00000,3626.04761
718.50000,3629.39746
719.00000,3632.19141
719.50000,3633.76294
720.00000,3633.70654
720.50000,3632.58325
721.00000,3631.32520
721.50000,3631.22095
722.00000,3632.84229
722.50000,3636.39868
723.00000,3641.31714
723.50000,3646.52832
724.00000,3651.16577
724.50000,3654.90405
725.00000,3657.77905
725.50000,3659.48853
726.00000,3659.65137
726.50000,3657.12549
727.00000,3651.07739
727.50000,3642.05371
728.00000,3631.07935
728.50000,3620.33838
729.00000,3611.43286
729.50000,3605.52173
730.00000,3601.94922
730.50000,3600.36914
731.00000,3600.58203
731.50000,3602.79272
732.00000,3608.02148
732.50000,3615.59106
733.00000,3623.89185
733.50000,3630.37061
734.00000,3633.45825
734.50000,3632.27124
735.00000,3627.80542
735.50000,3621.78687
736.00000,3615.31616
736.50000,3608.87598
737.00000,3602.45703
737.50000,3596.53955
738.00000,3592.35303
738.50000,3592.18335
739.00000,3597.35815
739.50000,3606.84399
740.00000,3618.11133
740.50000,3627.32739
741.00000,3631.79785
741.50000,3630.31470
742.00000,3624.92676
742.50000,3617.82227
743.00000,3611.59961
743.50000,3607.57422
744.00000,3606.59180
744.50000,3607.62988
745.00000,3609.90015
745.50000,3612.26270
746.00000,3613.56079
746.50000,3612.60742
747.00000,3609.28809
747.50000,3604.29419
748.00000,3598.95679
748.50000,3594.91138
749.00000,3593.33569
749.50000,3594.58301
750.00000,3597.78149
750.50000,3602.17529
751.00000,3606.76489
751.50000,3610.93286
752.00000,3613.92798
752.50000,3615.31641
753.00000,3614.37207
753.50000,3610.90210
754.00000,3605.99707
754.50000,3601.01636
755.00000,3597.29199
755.50000,3595.25928
756.00000,3594.48706
756.50000,3593.55786
757.00000,3591.32861
757.50000,3587.42993
758.00000,3582.50806
758.50000,3577.49707
759.00000,3573.26318
759.50000,3570.26685
760.00000,3569.07007
760.50000,3570.00415
761.00000,3574.22876
761.50000,3582.16431
762.00000,3592.91260
762.50000,3604.61890
763.00000,3614.28101
763.50000,3619.43213
764.00000,3618.36084
764.50000,3612.72681
765.00000,3604.42554
765.50000,3596.31982
766.00000,3590.23462
766.50000,3587.41748
767.00000,3587.03955
767.50000,3588.39404
768.00000,3590.76953
768.50000,3593.52588
769.00000,3596.33301
769.50000,3598.82446
770.00000,3600.67163
770.50000,3601.38428
771.00000,3601.07617
771.50000,3599.88477
772.00000,3598.21436
772.50000,3596.63550
773.00000,3595.72314
773.50000,3595.79028
774.00000,3596.79883
774.50000,3598.39868
775.00000,3599.64453
775.50000,3599.58374
776.00000,3597.60547
776.50000,3594.41162
777.00000,3591.51416
777.50000,3590.73486
778.00000,3593.12476
778.50000,3599.06665
779.00000,3606.39233
779.50000,3612.75537
780.00000,3615.81445
780.50000,3615.13501
781.00000,3611.27563
781.50000,3607.01050
782.00000,3604.96167
782.50000,3607.68140
783.00000,3614.59717
783.50000,3624.33716
784.00000,3633.80835
784.50000,3640.33765
785.00000,3641.86694
785.50000,3639.40674
786.00000,3634.72046
786.50000,3630.08472
787.00000,3626.99878
787.50000,3625.73364
788.00000,3625.14429
788.50000,3623.84326
789.00000,3620.91064
789.50000,3617.16406
790.00000,3614.14258
790.50000,3613.75195
791.00000,3616.12769
791.50000,3620.37085
792.00000,3624.05322
792.50000,3625.19360
793.00000,3622.70874
793.50000,3618.47021
794.00000,3614.76611
794.50000,3614.11841
795.00000,3617.00586
795.50000,3623.01538
796.00000,3630.02905
796.50000,3636.10254
797.00000,3639.58496
797.50000,3640.82764
798.00000,3640.52905
798.50000,3639.81885
799.00000,3639.56079
799.50000,3640.09839
800.00000,3641.18774
800.50000,3642.49902
801.00000,3643.96411
801.50000,3645.80786
802.00000,3648.48071
802.50000,3652.25464
803.00000,3656.66016
803.50000,3660.54321
804.00000,3662.30542
804.50000,3660.65918
805.00000,3654.28857
805.50000,3644.78076
806.00000,3634.11963
806.50000,3625.42358
807.00000,3620.88574
807.50000,3622.37476
808.00000,3628.50586
808.50000,3637.01904
809.00000,3645.07471
809.50000,3650.69092
810.00000,3653.26660
810.50000,3654.01221
811.00000,3654.79419
811.50000,3657.18921
812.00000,3661.30347
812.50000,3666.30542
813.00000,3670.66968
813.50000,3673.35962
814.00000,3673.98560
814.50000,3673.35913
815.00000,3672.75464
815.50000,3673.27856
816.00000,3674.90747
816.50000,3676.94336
817.00000,3678.21558
817.50000,3678.16333
818.00000,3676.86670
818.50000,3675.39404
819.00000,3674.85645
819.50000,3676.01416
820.00000,3678.17822
820.50000,3680.34521
821.00000,3681.40625
821.50000,3681.24683
822.00000,3680.50122
822.50000,3680.59766
823.00000,3682.65479
823.50000,3687.62354
824.00000,3694.35449
824.50000,3701.33301
825.00000,3706.45776
825.50000,3708.67432
826.00000,3707.54883
826.50000,3704.65234
827.00000,3702.07349
827.50000,3702.21509
828.00000,3705.28931
828.50000,3710.29346
829.00000,3714.57715
829.50000,3715.95874
830.00000,3713.07910
830.50000,3707.46167
831.00000,3701.64038
831.50000,3698.61621
832.00000,3698.96240
832.50000,3701.79150
833.00000,3704.42236
833.50000,3704.55444
834.00000,3701.03174
834.50000,3695.79346
835.00000,3691.79199
835.50000,3692.72778
836.00000,3699.09790
836.50000,3710.20215
837.00000,3722.88794
837.50000,3733.67310
838.00000,3739.31982
838.50000,3739.72656
839.00000,3736.27905
839.50000,3731.18896
840.00000,3727.10840
840.50000,3725.80713
841.00000,3727.65991
841.50000,3731.55981
842.00000,3735.97900
842.50000,3739.25244
843.00000,3740.62158
843.50000,3740.26440
844.00000,3739.62231
844.50000,3740.12158
845.00000,3742.55688
845.50000,3746.61743
846.00000,3751.60278
846.50000,3756.53247
847.00000,3761.20972
847.50000,3766.19312
848.00000,3772.21216
848.50000,3779.84863
849.00000,3788.68774
849.50000,3797.85547
850.00000,3806.52515
850.50000,3814.48267
851.00000,3821.80420
851.50000,3828.57104
852.00000,3834.66602
852.50000,3839.41724
853.00000,3842.38330
853.50000,3843.56787
854.00000,3843.01587
854.50000,3841.60083
855.00000,3839.73926
855.50000,3837.83228
856.00000,3836.39404
856.50000,3836.55762
857.00000,3839.41992
857.50000,3845.53442
858.00000,3854.83667
858.50000,3864.75464
859.00000,3872.55615
859.50000,3875.98657
860.00000,3875.68384
860.50000,3873.80493
861.00000,3873.51196
861.50000,3876.28345
862.00000,3881.57886
862.50000,3886.16333
863.00000,3886.84668
863.50000,3882.13599
864.00000,3873.79712
864.50000,3865.07275
865.00000,3859.75220
865.50000,3860.06055
866.00000,3867.26245
866.50000,3879.13647
867.00000,3894.25806
867.50000,3910.75073
868.00000,3927.08008
868.50000,3941.58374
869.00000,3953.08765
869.50000,3960.57129
870.00000,3963.37158
870.50000,3963.16626
871.00000,3961.67700
871.50000,3961.16870
872.00000,3962.85132
872.50000,3967.45288
873.00000,3973.94556
873.50000,3981.35791
874.00000,3988.54883
874.50000,3994.70337
875.00000,3999.20386
875.50000,4002.17114
876.00000,4004.27100
876.50000,4006.43579
877.00000,4009.42139
877.50000,4013.30200
878.00000,4017.16504
878.50000,4019.58301
879.00000,4018.93140
879.50000,4014.96631
880.00000,4008.61963
880.50000,4001.28979
881.00000,3994.68628
881.50000,3989.63159
882.00000,3986.13184
882.50000,3983.40698
883.00000,3980.88257
883.50000,3978.20044
884.00000,3975.27490
884.50000,3971.90698
885.00000,3967.91455
885.50000,3963.04370
886.00000,3957.43384
886.50000,3951.80322
887.00000,3947.29224
887.50000,3944.71069
888.00000,3944.24609
888.50000,3945.47778
889.00000,3946.68164
889.50000,3946.00391
890.00000,3941.82471
890.50000,3934.07031
891.00000,3923.25024
891.50000,3911.86792
892.00000,3902.34448
892.50000,3897.11597
893.00000,3895.84326
893.50000,3897.43945
894.00000,3899.38306
894.50000,3899.64819
895.00000,3897.05420
895.50000,3892.62280
896.00000,3887.60498
896.50000,3882.83203
897.00000,3877.91895
897.50000,3871.63770
898.00000,3863.37500
898.50000,3854.11182
899.00000,3846.42212
899.50000,3842.62158
900.00000,3843.84106
900.50000,3849.26147
901.00000,3855.50854
901.50000,3859.63257
902.00000,3860.50635
902.50000,3859.46143
903.00000,3859.29980
903.50000,3862.15112
904.00000,3868.32739
904.50000,3875.71582
905.00000,3880.92554
905.50000,3880.84595
906.00000,3875.35327
906.50000,3866.72925
907.00000,3858.59082
907.50000,3854.07129
908.00000,3854.82739
908.50000,3860.57739
909.00000,3868.87134
909.50000,3877.79614
910.00000,3885.96558
910.50000,3893.13892
911.00000,3899.42529
911.50000,3905.09814
912.00000,3909.67773
912.50000,3912.35718
913.00000,3912.99609
913.50000,3911.82568
914.00000,3910.33984
914.50000,3910.01733
915.00000,3912.27100
915.50000,3916.68311
916.00000,3922.50098
916.50000,3928.52173
917.00000,3934.08911
917.50000,3939.24243
918.00000,3944.38428
918.50000,3949.31348
919.00000,3952.44214
919.50000,3952.02344
920.00000,3946.11670
920.50000,3935.07324
921.00000,3922.01050
921.50000,3911.75000
922.00000,3908.10669
922.50000,3912.65503
923.00000,3924.43994
923.50000,3938.22339
924.00000,3949.38965
924.50000,3955.03345
925.00000,3955.68408
925.50000,3953.16650
926.00000,3950.77563
926.50000,3950.13965
927.00000,3951.49048
927.50000,3953.63159
928.00000,3955.92847
928.50000,3958.75171
929.00000,3963.23901
929.50000,3971.21484
930.00000,3982.49658
930.50000,3996.34058
931.00000,4010.96704
931.50000,4024.30420
932.00000,4034.35718
932.50000,4040.23999
933.00000,4042.13940
933.50000,4040.41382
934.00000,4037.74487
934.50000,4036.79688
935.00000,4040.51294
935.50000,4049.50610
936.00000,4063.48486
936.50000,4079.22827
937.00000,4093.44312
937.50000,4102.92285
938.00000,4108.22705
938.50000,4111.04004
939.00000,4114.56006
939.50000,4121.15576
940.00000,4132.28711
940.50000,4146.74170
941.00000,4162.73340
941.50000,4178.58350
942.00000,4193.58203
942.50000,4208.14014
943.00000,4223.73535
943.50000,4241.95459
944.00000,4265.05420
944.50000,4293.33789
945.00000,4326.17822
945.50000,4361.88623
946.00000,4397.08105
946.50000,4428.89404
947.00000,4455.87744
947.50000,4479.06201
948.00000,4500.00195
948.50000,4520.65771
949.00000,4540.94434
949.50000,4558.43945
950.00000,4570.82324
950.50000,4575.89893
951.00000,4574.75830
951.50000,4571.14844
952.00000,4569.84814
952.50000,4574.17871
953.00000,4585.63428
953.50000,4604.21094
954.00000,4626.93506
954.50000,4651.71875
955.00000,4675.90381
955.50000,4697.16113
956.00000,4711.73047
956.50000,4718.43848
957.00000,4716.47363
957.50000,4707.33203
958.00000,4696.27637
958.50000,4688.97852
959.00000,4689.67773
959.50000,4698.87500
960.00000,4715.13916
960.50000,4732.10791
961.00000,4744.41553
961.50000,4747.59570
962.00000,4741.91455
962.50000,4727.98193
963.00000,4709.23926
963.50000,4688.29883
964.00000,4666.31494
964.50000,4643.77734
965.00000,4620.59717
965.50000,4597.06250
966.00000,4573.95947
966.50000,4552.37500
967.00000,4532.69580
967.50000,4514.66992
968.00000,4497.78174
968.50000,4481.14941
969.00000,4464.49805
969.50000,4447.95801
970.00000,4431.82764
970.50000,4416.57617
971.00000,4402.57520
971.50000,4390.52783
972.00000,4382.14551
972.50000,4378.03516
973.00000,4378.94824
973.50000,4383.80322
974.00000,4389.99707
974.50000,4394.62988
975.00000,4396.02051
975.50000,4394.08252
976.00000,4390.07178
976.50000,4386.33154
977.00000,4384.42041
977.50000,4384.70947
978.00000,4386.56250
978.50000,4389.73828
979.00000,4394.22070
979.50000,4400.69238
980.00000,4409.90674
980.50000,4421.01611
981.00000,4432.64160
981.50000,4443.02441
982.00000,4451.67432
982.50000,4459.77783
983.00000,4470.16748
983.50000,4485.60498
984.00000,4507.75928
984.50000,4534.31982
985.00000,4562.12549
985.50000,4587.44531
986.00000,4608.84131
986.50000,4626.67920
987.00000,4644.28027
987.50000,4664.20068
988.00000,4687.69434
988.50000,4713.51514
989.00000,4740.51123
989.50000,4768.43213
990.00000,4798.71680
990.50000,4834.88672
991.00000,4877.31592
991.50000,4925.36084
992.00000,4976.05322
992.50000,5026.39893
993.00000,5076.11963
993.50000,5128.02148
994.00000,5185.58691
994.50000,5252.29541
995.00000,5325.19043
995.50000,5400.52539
996.00000,5474.02539
996.50000,5544.77490
997.00000,5614.99902
997.50000,5688.17627
998.00000,5765.35547
998.50000,5844.13818
999.00000,5919.64453
999.50000,5988.37256
1000.00000,6051.22754
1000.50000,6112.84521
1001.00000,6177.19189
1001.50000,6242.80029
1002.00000,6302.97070
1002.50000,6346.03271
1003.00000,6368.62842
1003.50000,6370.38428
1004.00000,6360.06934
1004.50000,6347.70557
1005.00000,6337.88574
1005.50000,6327.14551
1006.00000,6307.96729
1006.50000,6272.15918
1007.00000,6221.84033
1007.50000,6161.70898
1008.00000,6099.83252
1008.50000,6039.84424
1009.00000,5979.11377
1009.50000,5911.93506
1010.00000,5834.35986
1010.50000,5747.33691
1011.00000,5658.69385
1011.50000,5576.29199
1012.00000,5503.80615
1012.50000,5439.26807
1013.00000,5379.21289
1013.50000,5319.76709
1014.00000,5261.42822
1014.50000,5207.71484
1015.00000,5160.84229
1015.50000,5121.82959
1016.00000,5087.35400
1016.50000,5053.80811
1017.00000,5019.16504
1017.50000,4984.39355
1018.00000,4951.81543
1018.50000,4923.53809
1019.00000,4899.09375
1019.50000,4877.41064
1020.00000,4856.68359
1020.50000,4836.38623
1021.00000,4817.29492
1021.50000,4799.90186
1022.00000,4784.18506
1022.50000,4769.06299
1023.00000,4753.35889
1023.50000,4736.73779
1024.00000,4720.29053
1024.50000,4705.45313
1025.00000,4693.47852
1025.50000,4683.24170
1026.00000,4672.74268
1026.50000,4659.50049
1027.00000,4642.79639
1027.50000,4623.48193
1028.00000,4605.00977
1028.50000,4590.68311
1029.00000,4583.29004
1029.50000,4580.91895
1030.00000,4580.44531
1030.50000,4577.27490
1031.00000,4568.83887
1031.50000,4554.08203
1032.00000,4536.36182
1032.50000,4519.16992
1033.00000,4505.91553
1033.50000,4497.14014
1034.00000,4492.73584
1034.50000,4491.25830
1035.00000,4491.36328
1035.50000,4492.40479
1036.00000,4493.51855
1036.50000,4493.92871
1037.00000,4492.87012
1037.50000,4490.55762
1038.00000,4487.66992
1038.50000,4485.21143
1039.00000,4483.45947
1039.50000,4481.78369
1040.00000,4479.19434
1040.50000,4475.45508
1041.00000,4471.73340
1041.50000,4469.82080
1042.00000,4471.08838
1042.50000,4474.35205
1043.00000,4476.90674
1043.50000,4474.95898
1044.00000,4468.16064
1044.50000,4457.93701
1045.00000,4448.12939
1045.50000,4442.10352
1046.00000,4442.04541
1046.50000,4446.57373
1047.00000,4453.29443
1047.50000,4459.95215
1048.00000,4465.28027
1048.50000,4468.77930
1049.00000,4470.24365
1049.50000,4469.84082
1050.00000,4467.67627
1050.50000,4465.14941
1051.00000,4464.08789
1051.50000,4466.78320
1052.00000,4473.04541
1052.50000,4481.71875
1053.00000,4490.10059
1053.50000,4496.03223
1054.00000,4498.22168
1054.50000,4497.96924
1055.00000,4496.95313
1055.50000,4496.64502
1056.00000,4497.21094
1056.50000,4497.92383
1057.00000,4497.58252
1057.50000,4495.48779
1058.00000,4490.98047
1058.50000,4484.49170
1059.00000,4476.42578
1059.50000,4467.54639
1060.00000,4459.33740
1060.50000,4453.89697
1061.00000,4453.13184
1061.50000,4457.51465
1062.00000,4467.16553
1062.50000,4479.04004
1063.00000,4490.33008
1063.50000,4498.32568
1064.00000,4502.71973
1064.50000,4504.09863
1065.00000,4504.45654
1065.50000,4505.31738
1066.00000,4507.37305
1066.50000,4509.97070
1067.00000,4512.35645
1067.50000,4514.01172
1068.00000,4515.13232
1068.50000,4516.06982
1069.00000,4517.11279
1069.50000,4518.31152
1070.00000,4519.85107
1070.50000,4522.09424
1071.00000,4525.61621
1071.50000,4530.54541
1072.00000,4535.84570
1072.50000,4539.70654
1073.00000,4540.74707
1073.50000,4539.00488
1074.00000,4535.89307
1074.50000,4534.09570
1075.00000,4535.42529
1075.50000,4539.89209
1076.00000,4545.41504
1076.50000,4549.67725
1077.00000,4551.68604
1077.50000,4552.16162
1078.00000,4553.02881
1078.50000,4555.89307
1079.00000,4561.39160
1079.50000,4568.68945
1080.00000,4576.11768
1080.50000,4581.86035
1081.00000,4584.79883
1081.50000,4584.26367
1082.00000,4579.82227
1082.50000,4573.33691
1083.00000,4567.30273
1083.50000,4565.06104
1084.00000,4568.36523
1084.50000,4578.12598
1085.00000,4591.04639
1085.50000,4603.55078
1086.00000,4611.96826
1086.50000,4615.64697
1087.00000,4614.81836
1087.50000,4611.23682
1088.00000,4606.52246
1088.50000,4601.69287
1089.00000,4597.90430
1089.50000,4596.75439
1090.00000,4600.48584
1090.50000,4609.15039
1091.00000,4621.98047
1091.50000,4635.66357
1092.00000,4646.98438
1092.50000,4653.26514
1093.00000,4655.85547
1093.50000,4657.02588
1094.00000,4659.69922
1094.50000,4665.11279
1095.00000,4673.31641
1095.50000,4682.94727
1096.00000,4693.03271
1096.50000,4703.55811
1097.00000,4714.70752
1097.50000,4726.10400
1098.00000,4735.92578
1098.50000,4742.06787
1099.00000,4742.20850
1099.50000,4737.38086
1100.00000,4730.83398
1100.50000,4727.95947
1101.00000,4732.13281
1101.50000,4744.94971
1102.00000,4764.14111
1102.50000,4784.37988
1103.00000,4800.46338
1103.50000,4810.13721
1104.00000,4814.19141
1104.50000,4815.10156
1105.00000,4816.64795
1105.50000,4820.78516
1106.00000,4827.61377
1106.50000,4835.77490
1107.00000,4844.38525
1107.50000,4853.45361
1108.00000,4863.92188
1108.50000,4877.19336
1109.00000,4892.83105
1109.50000,4909.47510
1110.00000,4924.42334
1110.50000,4935.55420
1111.00000,4940.95313
1111.50000,4942.10498
1112.00000,4941.27002
1112.50000,4941.52100
1113.00000,4944.88623
1113.50000,4952.49365
1114.00000,4963.69775
1114.50000,4977.06201
1115.00000,4991.86133
1115.50000,5007.50830
1116.00000,5024.00781
1116.50000,5041.30371
1117.00000,5058.86621
1117.50000,5076.29248
1118.00000,5093.70801
1118.50000,5111.79883
1119.00000,5131.65039
1119.50000,5153.01904
1120.00000,5174.86279
1120.50000,5195.37061
1121.00000,5213.74658
1121.50000,5230.40723
1122.00000,5247.47314
1122.50000,5266.77979
1123.00000,5289.42285
1123.50000,5313.41650
1124.00000,5336.38037
1124.50000,5356.21143
1125.00000,5373.38428
1125.50000,5389.94727
1126.00000,5409.05957
1126.50000,5432.77002
1127.00000,5463.00146
1127.50000,5498.12451
1128.00000,5537.43750
1128.50000,5579.96924
1129.00000,5624.31641
1129.50000,5668.99023
1130.00000,5711.52393
1130.50000,5749.39844
1131.00000,5779.28662
1131.50000,5802.30713
1132.00000,5820.33057
1132.50000,5837.97363
1133.00000,5859.79639
1133.50000,5889.85352
1134.00000,5927.24072
1134.50000,5968.94775
1135.00000,6010.71924
1135.50000,6049.66748
1136.00000,6085.97021
1136.50000,6123.39551
1137.00000,6166.27393
1137.50000,6218.81836
1138.00000,6278.85254
1138.50000,6341.80811
1139.00000,6401.18311
1139.50000,6453.79248
1140.00000,6500.07324
1140.50000,6546.10986
1141.00000,6599.31152
1141.50000,6668.84521
1142.00000,6755.18604
1142.50000,6856.82520
1143.00000,6970.76611
1143.50000,7091.74121
1144.00000,7220.22070
1144.50000,7359.33203
1145.00000,7513.03613
1145.50000,7689.42480
1146.00000,7885.98096
1146.50000,8099.80664
1147.00000,8324.54785
1147.50000,8551.52441
1148.00000,8776.45508
1148.50000,9000.07031
1149.00000,9227.12207
1149.50000,9466.85449
1150.00000,9722.67676
1150.50000,9996.44922
1151.00000,10284.33008
1151.50000,10575.42285
1152.00000,10856.39551
1152.50000,11114.41113
1153.00000,11340.53516
1153.50000,11518.62793
1154.00000,11652.86719
1154.50000,11738.99902
1155.00000,11775.61621
1155.50000,11769.89453
1156.00000,11715.55176
1156.50000,11615.41016
1157.00000,11470.03711
1157.50000,11270.98242
1158.00000,11030.25977
1158.50000,10751.84473
1159.00000,10447.04785
1159.50000,10131.72754
1160.00000,9818.50000
1160.50000,9516.31055
1161.00000,9227.85352
1161.50000,8952.80273
1162.00000,8684.66992
1162.50000,8420.97852
1163.00000,8162.54297
1163.50000,7913.33545
1164.00000,7683.18896
1164.50000,7476.34521
1165.00000,7295.66260
1165.50000,7143.70752
1166.00000,7012.09326
1166.50000,6896.88379
1167.00000,6791.33936
1167.50000,6689.41406
1168.00000,6587.63525
1168.50000,6485.16260
1169.00000,6384.28369
1169.50000,6290.50293
1170.00000,6207.55811
1170.50000,6139.52832
1171.00000,6085.27295
1171.50000,6040.29980
1172.00000,6001.01270
1172.50000,5962.99072
1173.00000,5924.80322
1173.50000,5886.68701
1174.00000,5849.95850
1174.50000,5817.17773
1175.00000,5791.02686
1175.50000,5773.33252
1176.00000,5766.69482
1176.50000,5766.83398
1177.00000,5768.39404
1177.50000,5764.12988
1178.00000,5751.12598
1178.50000,5730.14697
1179.00000,5708.46631
1179.50000,5693.52783
1180.00000,5692.90674
1180.50000,5703.85156
1181.00000,5722.08301
1181.50000,5740.61719
1182.00000,5754.79248
1182.50000,5763.30371
1183.00000,5769.74463
1183.50000,5778.60938
1184.00000,5794.86133
1184.50000,5818.32520
1185.00000,5847.37451
1185.50000,5877.58594
1186.00000,5904.66553
1186.50000,5925.39697
1187.00000,5940.74707
1187.50000,5953.21924
1188.00000,5965.69873
1188.50000,5979.66455
1189.00000,5994.71875
1189.50000,6009.19775
1190.00000,6021.88037
1190.50000,6031.93164
1191.00000,6039.52393
1191.50000,6044.08057
1192.00000,6043.74756
1192.50000,6038.32568
1193.00000,6027.64014
1193.50000,6013.20508
1194.00000,5996.39209
1194.50000,5975.74658
1195.00000,5949.22314
1195.50000,5914.84668
1196.00000,5873.17480
1196.50000,5830.41064
1197.00000,5793.80371
1197.50000,5767.78906
1198.00000,5750.30615
1198.50000,5735.11768
1199.00000,5714.09961
1199.50000,5683.35742
1200.00000,5644.53809
1200.50000,5605.23193
1201.00000,5572.46777
1201.50000,5548.67480
1202.00000,5531.02246
1202.50000,5514.76953
1203.00000,5495.76855
1203.50000,5473.51074
1204.00000,5450.72266
1204.50000,5430.98438
1205.00000,5416.98730
1205.50000,5408.38916
1206.00000,5403.62500
1206.50000,5401.83496
1207.00000,5401.60303
1207.50000,5402.34424
1208.00000,5402.89355
1208.50000,5401.85254
1209.00000,5397.80762
1209.50000,5391.25684
1210.00000,5383.95605
1210.50000,5378.47852
1211.00000,5375.65332
1211.50000,5374.46484
1212.00000,5371.62646
1212.50000,5364.21143
1213.00000,5349.95850
1213.50000,5330.75635
1214.00000,5309.45703
1214.50000,5288.60449
1215.00000,5268.68213
1215.50000,5248.46729
1216.00000,5226.53125
1216.50000,5203.36084
1217.00000,5181.46631
1217.50000,5163.23486
1218.00000,5149.02881
1218.50000,5136.43652
1219.00000,5121.04395
1219.50000,5099.27441
1220.00000,5071.13428
1220.50000,5040.34814
1221.00000,5012.05518
1221.50000,4989.62891
1222.00000,4973.88086
1222.50000,4963.57861
1223.00000,4955.18213
1223.50000,4946.71436
1224.00000,4937.48438
1224.50000,4928.03320
1225.00000,4919.33594
1225.50000,4911.75000
1226.00000,4905.05518
1226.50000,4898.39990
1227.00000,4890.83740
1227.50000,4881.80957
1228.00000,4872.21338
1228.50000,4863.97510
1229.00000,4860.29443
1229.50000,4861.78076
1230.00000,4867.55859
1230.50000,4874.03027
1231.00000,4876.94092
1231.50000,4873.05371
1232.00000,4863.55176
1232.50000,4852.24951
1233.00000,4844.25879
1233.50000,4841.71045
1234.00000,4844.52441
1234.50000,4850.16797
1235.00000,4855.65479
1235.50000,4859.74072
1236.00000,4863.10010
1236.50000,4866.72559
1237.00000,4870.65967
1237.50000,4873.45508
1238.00000,4873.06592
1238.50000,4868.46484
1239.00000,4861.26758
1239.50000,4854.19678
1240.00000,4850.27148
1240.50000,4850.98047
1241.00000,4856.61328
1241.50000,4864.16016
1242.00000,4870.74268
1242.50000,4873.82080
1243.00000,4873.10742
1243.50000,4869.39258
1244.00000,4865.35693
1244.50000,4863.07764
1245.00000,4864.08887
1245.50000,4867.77832
1246.00000,4873.63672
1246.50000,4880.93408
1247.00000,4889.12451
1247.50000,4897.77295
1248.00000,4905.86865
1248.50000,4912.39307
1249.00000,4916.86279
1249.50000,4920.60059
1250.00000,4925.59131
1250.50000,4933.43994
1251.00000,4943.91211
1251.50000,4955.59033
1252.00000,4966.33789
1252.50000,4975.38916
1253.00000,4983.59570
1253.50000,4992.75732
1254.00000,5004.13330
1254.50000,5017.31836
1255.00000,5031.05322
1255.50000,5044.43652
1256.00000,5057.71777
1256.50000,5071.66113
1257.00000,5086.47852
1257.50000,5100.86328
1258.00000,5112.42236
1258.50000,5119.84863
1259.00000,5123.76563
1259.50000,5126.04248
1260.00000,5129.67676
1260.50000,5136.56250
1261.00000,5147.09570
1261.50000,5159.31641
1262.00000,5170.23584
1262.50000,5176.51367
1263.00000,5176.03320
1263.50000,5167.01025
1264.00000,5153.34570
1264.50000,5139.42480
1265.00000,5130.46094
1265.50000,5128.07227
1266.00000,5131.26611
1266.50000,5134.95361
1267.00000,5135.23584
1267.50000,5130.91309
1268.00000,5125.72168
1268.50000,5123.72412
1269.00000,5127.12012
1269.50000,5134.00684
1270.00000,5140.95850
1270.50000,5145.25488
1271.00000,5147.05615
1271.50000,5148.90625
1272.00000,5153.39111
1272.50000,5161.36963
1273.00000,5171.14453
1273.50000,5180.30225
1274.00000,5187.25244
1274.50000,5192.58594
1275.00000,5197.31738
1275.50000,5201.91113
1276.00000,5205.88672
1276.50000,5208.46973
1277.00000,5209.85986
1277.50000,5211.18262
1278.00000,5213.70947
1278.50000,5217.30322
1279.00000,5220.72900
1279.50000,5221.98047
1280.00000,5220.38379
1280.50000,5216.12695
1281.00000,5210.96094
1281.50000,5206.58057
1282.00000,5204.27295
1282.50000,5203.56055
1283.00000,5203.46240
1283.50000,5202.45801
1284.00000,5199.62305
1284.50000,5194.81006
1285.00000,5189.52734
1285.50000,5185.78418
1286.00000,5185.95557
1286.50000,5189.22559
1287.00000,5193.12012
1287.50000,5193.02686
1288.00000,5186.01953
1288.50000,5170.59229
1289.00000,5150.57178
1289.50000,5131.18506
1290.00000,5118.14258
1290.50000,5111.67432
1291.00000,5109.32373
1291.50000,5105.26514
1292.00000,5094.55518
1292.50000,5074.15820
1293.00000,5047.21436
1293.50000,5018.64941
1294.00000,4994.49512
1294.50000,4977.29102
1295.00000,4967.53857
1295.50000,4962.39160
1296.00000,4957.66260
1296.50000,4950.12598
1297.00000,4939.26074
1297.50000,4926.34229
1298.00000,4913.73340
1298.50000,4903.39795
1299.00000,4896.57031
1299.50000,4893.22754
1300.00000,4892.27490
1300.50000,4892.72314
1301.00000,4893.18311
1301.50000,4892.74609
1302.00000,4890.75977
1302.50000,4887.51416
1303.00000,4883.19043
1303.50000,4877.94531
1304.00000,4871.76025
1304.50000,4864.60938
1305.00000,4857.62744
1305.50000,4852.68115
1306.00000,4852.13428
1306.50000,4855.75244
1307.00000,4861.85791
1307.50000,4866.55078
1308.00000,4867.13135
1308.50000,4862.34473
1309.00000,4855.08643
1309.50000,4848.09619
1310.00000,4843.39648
1310.50000,4840.61328
1311.00000,4838.73389
1311.50000,4836.93896
1312.00000,4835.54932
1312.50000,4835.78369
1313.00000,4837.70947
1313.50000,4840.54248
1314.00000,4842.62891
1314.50000,4842.99609
1315.00000,4841.73633
1315.50000,4840.50391
1316.00000,4840.89209
1316.50000,4844.53906
1317.00000,4850.84180
1317.50000,4858.62646
1318.00000,4865.29785
1318.50000,4868.34961
1319.00000,4865.29736
1319.50000,4857.15967
1320.00000,4846.91992
1320.50000,4839.05518
1321.00000,4835.90918
1321.50000,4837.31445
1322.00000,4839.67920
1322.50000,4839.19873
1323.00000,4834.05762
1323.50000,4826.57861
1324.00000,4819.75732
1324.50000,4815.75098
1325.00000,4813.37598
1325.50000,4810.48389
1326.00000,4805.62158
1326.50000,4799.79834
1327.00000,4795.70752
1327.50000,4795.02539
1328.00000,4797.30469
1328.50000,4800.04639
1329.00000,4800.57666
1329.50000,4798.16895
1330.00000,4794.60986
1330.50000,4792.15918
1331.00000,4792.37695
1331.50000,4794.45605
1332.00000,4797.25732
1332.50000,4800.13281
1333.00000,4803.45264
1333.50000,4808.01563
1334.00000,4813.48291
1334.50000,4818.07129
1335.00000,4818.37988
1335.50000,4813.11377
1336.00000,4802.68506
1336.50000,4790.13867
1337.00000,4779.37646
1337.50000,4773.05078
1338.00000,4770.69482
1338.50000,4769.93457
1339.00000,4768.20703
1339.50000,4764.99561
1340.00000,4761.95410
1340.50000,4762.42822
1341.00000,4768.17773
1341.50000,4779.72266
1342.00000,4793.86719
1342.50000,4806.60303
1343.00000,4813.45313
1343.50000,4813.91895
1344.00000,4808.13818
1344.50000,4798.21973
1345.00000,4787.75000
1345.50000,4780.66406
1346.00000,4779.86816
1346.50000,4786.50439
1347.00000,4800.82275
1347.50000,4818.39600
1348.00000,4835.34131
1348.50000,4848.14893
1349.00000,4856.35010
1349.50000,4860.97412
1350.00000,4864.60938
1350.50000,4868.62646
1351.00000,4873.21094
1351.50000,4877.55957
1352.00000,4880.85547
1352.50000,4882.59717
1353.00000,4882.67480
1353.50000,4880.41602
1354.00000,4875.95703
1354.50000,4869.94092
1355.00000,4864.19385
1355.50000,4860.83594
1356.00000,4861.16162
1356.50000,4864.25635
1357.00000,4867.73828
1357.50000,4869.06494
1358.00000,4867.60986
1358.50000,4863.96191
1359.00000,4859.16650
1359.50000,4853.88672
1360.00000,4847.66846
1360.50000,4840.26611
1361.00000,4832.55322
1361.50000,4826.84814
1362.00000,4824.23486
1362.50000,4824.16309
1363.00000,4824.16162
1363.50000,4822.00732
1364.00000,4817.55811
1364.50000,4813.73145
1365.00000,4813.62939
1365.50000,4819.37207
1366.00000,4827.64063
1366.50000,4834.21484
1367.00000,4835.40869
1367.50000,4832.26172
1368.00000,4828.29834
1368.50000,4826.90234
1369.00000,4827.89453
1369.50000,4827.65479
1370.00000,4822.64404
1370.50000,4811.92188
1371.00000,4798.96680
1371.50000,4789.32910
1372.00000,4787.69971
1372.50000,4793.12891
1373.00000,4801.58301
1373.50000,4807.84521
1374.00000,4810.09521
1374.50000,4809.39258
1375.00000,4808.78174
1375.50000,4810.28271
1376.00000,4814.02539
1376.50000,4817.83154
1377.00000,4819.70117
1377.50000,4818.44043
1378.00000,4815.63281
1378.50000,4813.60107
1379.00000,4815.05811
1379.50000,4821.00342
1380.00000,4831.30762
1380.50000,4842.92773
1381.00000,4852.51025
1381.50000,4856.18213
1382.00000,4853.74316
1382.50000,4846.62012
1383.00000,4839.58789
1383.50000,4837.40869
1384.00000,4844.30762
1384.50000,4858.01221
1385.00000,4873.72168
1385.50000,4884.53076
1386.00000,4887.92432
1386.50000,4885.01270
1387.00000,4881.94727
1387.50000,4884.57666
1388.00000,4897.16504
1388.50000,4915.73535
1389.00000,4934.24268
1389.50000,4945.38281
1390.00000,4947.17090
1390.50000,4940.18115
1391.00000,4929.39941
1391.50000,4918.72510
1392.00000,4909.46338
1392.50000,4900.70166
1393.00000,4892.10449
1393.50000,4885.20020
1394.00000,4882.18799
1394.50000,4885.18457
1395.00000,4892.38428
1395.50000,4899.70313
1396.00000,4901.46094
1396.50000,4896.41113
1397.00000,4886.33545
1397.50000,4875.59570
1398.00000,4867.66504
1398.50000,4863.47266
1399.00000,4860.41357
1399.50000,4855.74854
1400.00000,4848.13086
1400.50000,4840.05566
1401.00000,4835.14697
1401.50000,4836.41113
1402.00000,4842.65039
1402.50000,4850.15381
1403.00000,4854.11816
1403.50000,4851.89990
1404.00000,4842.61426
1404.50000,4830.09424
1405.00000,4817.91748
1405.50000,4809.44189
1406.00000,4805.60986
1406.50000,4806.62891
1407.00000,4810.32861
1407.50000,4814.97266
1408.00000,4819.61377
1408.50000,4824.25928
1409.00000,4829.18311
1409.50000,4833.90479
1410.00000,4836.99756
1410.50000,4835.88623
1411.00000,4830.27881
1411.50000,4821.62402
1412.00000,4813.53564
1412.50000,4809.19385
1413.00000,4809.26758
1413.50000,4810.98486
1414.00000,4811.40723
1414.50000,4809.89355
1415.00000,4809.70313
1415.50000,4814.60791
1416.00000,4825.93213
1416.50000,4838.58008
1417.00000,4844.75781
1417.50000,4839.26855
1418.00000,4824.94141
1418.50000,4810.43604
1419.00000,4804.69531
1419.50000,4811.31689
1420.00000,4826.90186
1420.50000,4842.53369
1421.00000,4851.20996
1421.50000,4851.84814
1422.00000,4847.83350
1422.50000,4843.12402
1423.00000,4839.66797
1423.50000,4836.64014
1424.00000,4832.92920
1424.50000,4829.10400
1425.00000,4827.30127
1425.50000,4829.09229
1426.00000,4834.45068
1426.50000,4842.69434
1427.00000,4852.09521
1427.50000,4862.18018
1428.00000,4872.49902
1428.50000,4881.94971
1429.00000,4888.56299
1429.50000,4891.79785
1430.00000,4892.94092
1430.50000,4895.17773
1431.00000,4901.07813
1431.50000,4911.34277
1432.00000,4923.61768
1432.50000,4934.53076
1433.00000,4941.89307
1433.50000,4947.22314
1434.00000,4952.78223
1434.50000,4960.14063
1435.00000,4968.26611
1435.50000,4975.13916
1436.00000,4979.48633
1436.50000,4982.36230
1437.00000,4986.29980
1437.50000,4993.12402
1438.00000,5002.45020
1438.50000,5011.91211
1439.00000,5019.59033
1439.50000,5025.66211
1440.00000,5032.77930
1440.50000,5043.49316
1441.00000,5059.32715
1441.50000,5077.31299
1442.00000,5093.50781
1442.50000,5103.48779
1443.00000,5107.16699
1443.50000,5105.86719
1444.00000,5102.86963
1444.50000,5100.69238
1445.00000,5101.03467
1445.50000,5103.62305
1446.00000,5107.82666
1446.50000,5112.26904
1447.00000,5115.26514
1447.50000,5115.09863
1448.00000,5112.14453
1448.50000,5108.31543
1449.00000,5106.63574
1449.50000,5108.29053
1450.00000,5112.40869
1450.50000,5115.45752
1451.00000,5114.09668
1451.50000,5106.27539
1452.00000,5094.48047
1452.50000,5082.86475
1453.00000,5075.59814
1453.50000,5072.94434
1454.00000,5074.07471
1454.50000,5077.14502
1455.00000,5080.59180
1455.50000,5083.44678
1456.00000,5084.53418
1456.50000,5082.22461
1457.00000,5074.14600
1457.50000,5061.84131
1458.00000,5047.71387
1458.50000,5035.67041
1459.00000,5028.11865
1459.50000,5026.47314
1460.00000,5028.93945
1460.50000,5033.81543
1461.00000,5039.88916
1461.50000,5045.85889
1462.00000,5050.15869
1462.50000,5050.96191
1463.00000,5047.81396
1463.50000,5041.55273
1464.00000,5035.94580
1464.50000,5034.62646
1465.00000,5040.51807
1465.50000,5051.79395
1466.00000,5065.72852
1466.50000,5078.36377
1467.00000,5087.54492
1467.50000,5091.27490
1468.00000,5089.85352
1468.50000,5083.38770
1469.00000,5073.10498
1469.50000,5062.86621
1470.00000,5057.78418
1470.50000,5062.20947
1471.00000,5076.03320
1471.50000,5097.16504
1472.00000,5119.03271
1472.50000,5136.71924
1473.00000,5146.83594
1473.50000,5150.68408
1474.00000,5150.40771
1474.50000,5150.06543
1475.00000,5152.85596
1475.50000,5161.22021
1476.00000,5173.41309
1476.50000,5186.99658
1477.00000,5198.54785
1477.50000,5206.57520
1478.00000,5211.65723
1478.50000,5217.23535
1479.00000,5226.39307
1479.50000,5241.26563
1480.00000,5258.49365
1480.50000,5274.50537
1481.00000,5286.11475
1481.50000,5293.41309
1482.00000,5297.97217
1482.50000,5302.89160
1483.00000,5310.06396
1483.50000,5320.59668
1484.00000,5333.51221
1484.50000,5348.46680
1485.00000,5365.68945
1485.50000,5385.50928
1486.00000,5408.82617
1486.50000,5434.90088
1487.00000,5462.49561
1487.50000,5490.06836
1488.00000,5516.76318
1488.50000,5543.02344
1489.00000,5570.07178
1489.50000,5598.36719
1490.00000,5627.17480
1490.50000,5654.87207
1491.00000,5680.87598
1491.50000,5706.90771
1492.00000,5736.53906
1492.50000,5773.80908
1493.00000,5819.04541
1493.50000,5869.51904
1494.00000,5923.06152
1494.50000,5978.05371
1495.00000,6034.99121
1495.50000,6094.39844
1496.00000,6154.44092
1496.50000,6212.27588
1497.00000,6267.73682
1497.50000,6325.30957
1498.00000,6395.05469
1498.50000,6481.79492
1499.00000,6586.44971
1499.50000,6703.20801
1500.00000,6821.20117
1500.50000,6933.91504
1501.00000,7042.48926
1501.50000,7153.21826
1502.00000,7273.80371
1502.50000,7404.48145
1503.00000,7543.36914
1503.50000,7687.14014
1504.00000,7834.13477
1504.50000,7988.30957
1505.00000,8155.18408
1505.50000,8337.25293
1506.00000,8536.56250
1506.50000,8744.82617
1507.00000,8954.74023
1507.50000,9157.74512
1508.00000,9349.37012
1508.50000,9525.39453
1509.00000,9687.09375
1509.50000,9836.87402
1510.00000,9974.71191
1510.50000,10103.43164
1511.00000,10221.71973
1511.50000,10326.88281
1512.00000,10416.83789
1512.50000,10484.47266
1513.00000,10529.43945
1513.50000,10554.51270
1514.00000,10562.94141
1514.50000,10561.06738
1515.00000,10546.19531
1515.50000,10510.74512
1516.00000,10448.99609
1516.50000,10352.60352
1517.00000,10230.49316
1517.50000,10094.89063
1518.00000,9958.14160
1518.50000,9826.09863
1519.00000,9698.04980
1519.50000,9569.37207
1520.00000,9436.42773
1520.50000,9295.81641
1521.00000,9146.40527
1521.50000,8985.81836
1522.00000,8811.98535
1522.50000,8629.78125
1523.00000,8446.31445
1523.50000,8270.59961
1524.00000,8106.27930
1524.50000,7952.68359
1525.00000,7801.18506
1525.50000,7646.59521
1526.00000,7489.94287
1526.50000,7337.58105
1527.00000,7196.67236
1527.50000,7067.70215
1528.00000,6944.90527
1528.50000,6819.74365
1529.00000,6687.11377
1529.50000,6548.57861
1530.00000,6411.69873
1530.50000,6283.68848
1531.00000,6170.10938
1531.50000,6069.14697
1532.00000,5976.37451
1532.50000,5889.35010
1533.00000,5806.62793
1533.50000,5730.46289
1534.00000,5663.00488
1534.50000,5602.61670
1535.00000,5547.37549
1535.50000,5494.52637
1536.00000,5444.14404
1536.50000,5399.79541
1537.00000,5362.49023
1537.50000,5330.38867
1538.00000,5298.24561
1538.50000,5262.03516
1539.00000,5221.79297
1539.50000,5183.40381
1540.00000,5152.87109
1540.50000,5134.34619
1541.00000,5121.74707
1541.50000,5108.67676
1542.00000,5091.21045
1542.50000,5070.96484
1543.00000,5052.01025
1543.50000,5036.42578
1544.00000,5022.49023
1544.50000,5005.96045
1545.00000,4986.25879
1545.50000,4966.87695
1546.00000,4953.41943
1546.50000,4947.79102
1547.00000,4948.08496
1547.50000,4947.07813
1548.00000,4939.13184
1548.50000,4922.62988
1549.00000,4903.10742
1549.50000,4886.51611
1550.00000,4877.31494
1550.50000,4875.72559
1551.00000,4880.11035
1551.50000,4884.87695
1552.00000,4885.22559
1552.50000,4878.13818
1553.00000,4865.77100
1553.50000,4851.82129
1554.00000,4840.88574
1554.50000,4834.51367
1555.00000,4831.39502
1555.50000,4827.05518
1556.00000,4819.20557
1556.50000,4809.22510
1557.00000,4800.90869
1557.50000,4797.43701
1558.00000,4798.27881
1558.50000,4800.83154
1559.00000,4802.88477
1559.50000,4804.79834
1560.00000,4808.24023
1560.50000,4813.14502
1561.00000,4816.11816
1561.50000,4811.14307
1562.00000,4795.71289
1562.50000,4772.24072
1563.00000,4748.13672
1563.50000,4731.64551
1564.00000,4726.61279
1564.50000,4730.61768
1565.00000,4736.64111
1565.50000,4738.79590
1566.00000,4736.14111
1566.50000,4732.11084
1567.00000,4732.35303
1567.50000,4738.04395
1568.00000,4746.98926
1568.50000,4754.06689
1569.00000,4756.17871
1569.50000,4753.16406
1570.00000,4749.43115
1570.50000,4748.33398
1571.00000,4750.10938
1571.50000,4751.56299
1572.00000,4750.35010
1572.50000,4747.51367
1573.00000,4746.73291
1573.50000,4752.08740
1574.00000,4761.55859
1574.50000,4769.95459
1575.00000,4771.68701
1575.50000,4767.12744
1576.00000,4759.93311
1576.50000,4755.55273
1577.00000,4755.76563
1577.50000,4758.20068
1578.00000,4758.51660
1578.50000,4755.78467
1579.00000,4752.87158
1579.50000,4753.56543
1580.00000,4759.42334
1580.50000,4766.92285
1581.00000,4770.80762
1581.50000,4766.48779
1582.00000,4755.95313
1582.50000,4742.28662
1583.00000,4729.27783
1583.50000,4718.81836
1584.00000,4711.59131
1584.50000,4706.95215
1585.00000,4704.12549
1585.50000,4702.60107
1586.00000,4700.96045
1586.50000,4697.91699
1587.00000,4692.66406
1587.50000,4685.79395
1588.00000,4678.17773
1588.50000,4670.47559
1589.00000,4662.57861
1589.50000,4654.33691
1590.00000,4646.61621
1590.50000,4641.33643
1591.00000,4640.58398
1591.50000,4643.69287
1592.00000,4647.86279
1592.50000,4648.89941
1593.00000,4644.26611
1593.50000,4633.39746
1594.00000,4620.57129
1594.50000,4610.14014
1595.00000,4604.48193
1595.50000,4601.92822
1596.00000,4599.55957
1596.50000,4595.30566
1597.00000,4589.95166
1597.50000,4586.92676
1598.00000,4588.62988
1598.50000,4594.49365
1599.00000,4600.14453
1599.50000,4601.25879
1600.00000,4594.59131
1600.50000,4582.52148
1601.00000,4568.43945
1601.50000,4555.69189
1602.00000,4544.78467
1602.50000,4535.03271
1603.00000,4525.97412
1603.50000,4518.48193
1604.00000,4515.16260
1604.50000,4516.83594
1605.00000,4522.66943
1605.50000,4529.56299
1606.00000,4533.93457
1606.50000,4532.71484
1607.00000,4525.33984
1607.50000,4513.50977
1608.00000,4499.96582
1608.50000,4488.56494
1609.00000,4481.49463
1609.50000,4479.20703
1610.00000,4479.30859
1610.50000,4479.28125
1611.00000,4477.23486
1611.50000,4473.35352
1612.00000,4469.52686
1612.50000,4467.78467
1613.00000,4469.19922
1613.50000,4473.20068
1614.00000,4477.40576
1614.50000,4478.57178
1615.00000,4474.87256
1615.50000,4466.84717
1616.00000,4456.81396
1616.50000,4448.94775
1617.00000,4446.34375
1617.50000,4449.39746
1618.00000,4454.34619
1618.50000,4455.97461
1619.00000,4451.36768
1619.50000,4440.81543
1620.00000,4426.86377
1620.50000,4414.06592
1621.00000,4405.74365
1621.50000,4402.74854
1622.00000,4403.18945
1622.50000,4405.01611
1623.00000,4405.75195
1623.50000,4404.07178
1624.00000,4399.70703
1624.50000,4394.71924
1625.00000,4391.46191
1625.50000,4391.40088
1626.00000,4394.01709
1626.50000,4397.95752
1627.00000,4401.20166
1627.50000,4402.38867
1628.00000,4400.48633
1628.50000,4395.45801
1629.00000,4386.85742
1629.50000,4376.10010
1630.00000,4366.31934
1630.50000,4362.63965
1631.00000,4366.53662
1631.50000,4375.63477
1632.00000,4384.13916
1632.50000,4386.77637
1633.00000,4381.13574
1633.50000,4370.78320
1634.00000,4361.55762
1634.50000,4358.09863
1635.00000,4358.87842
1635.50000,4360.61816
1636.00000,4359.77686
1636.50000,4356.02344
1637.00000,4351.20996
1637.50000,4348.02588
1638.00000,4347.10010
1638.50000,4347.83154
1639.00000,4348.73730
1639.50000,4349.45117
1640.00000,4350.23730
1640.50000,4350.96045
1641.00000,4350.32813
1641.50000,4347.08154
1642.00000,4341.15869
1642.50000,4333.83594
1643.00000,4327.74707
1643.50000,4324.50391
1644.00000,4323.64404
1644.50000,4323.31934
1645.00000,4322.16748
1645.50000,4320.19385
1646.00000,4318.30664
1646.50000,4317.67969
1647.00000,4318.11768
1647.50000,4318.99902
1648.00000,4319.24512
1648.50000,4317.79492
1649.00000,4312.71631
1649.50000,4303.04004
1650.00000,4289.37549
1650.50000,4274.32715
1651.00000,4261.98779
1651.50000,4255.57324
1652.00000,4255.07959
1652.50000,4257.21729
1653.00000,4258.83398
1653.50000,4259.77051
1654.00000,4262.40576
1654.50000,4269.68408
1655.00000,4280.31787
1655.50000,4289.81201
1656.00000,4292.69727
1656.50000,4288.05811
1657.00000,4278.07813
1657.50000,4268.94336
1658.00000,4264.85645
1658.50000,4267.70361
1659.00000,4274.32275
1659.50000,4281.96875
1660.00000,4288.50928
1660.50000,4292.93799
1661.00000,4293.42627
1661.50000,4288.95508
1662.00000,4278.86426
1662.50000,4264.79980
1663.00000,4251.18555
1663.50000,4243.11621
1664.00000,4243.10938
1664.50000,4249.76318
1665.00000,4258.35742
1665.50000,4263.61621
1666.00000,4263.55176
1666.50000,4259.56641
1667.00000,4255.12305
1667.50000,4251.72803
1668.00000,4247.65088
1668.50000,4240.79883
1669.00000,4231.06006
1669.50000,4222.67334
1670.00000,4220.33594
1670.50000,4225.91797
1671.00000,4234.26807
1671.50000,4238.56592
1672.00000,4235.50293
1672.50000,4226.75342
1673.00000,4217.03125
1673.50000,4210.62549
1674.00000,4207.95605
1674.50000,4207.07764
1675.00000,4206.75342
1675.50000,4207.86279
1676.00000,4210.98584
1676.50000,4214.71191
1677.00000,4215.58154
1677.50000,4212.79346
1678.00000,4208.62939
1678.50000,4208.02734
1679.00000,4213.45117
1679.50000,4223.11230
1680.00000,4230.08691
1680.50000,4229.93701
1681.00000,4221.88037
1681.50000,4211.32666
1682.00000,4203.14551
1682.50000,4199.16064
1683.00000,4197.18359
1683.50000,4195.31641
1684.00000,4193.88574
1684.50000,4195.21729
1685.00000,4201.67578
1685.50000,4210.66943
1686.00000,4216.90820
1686.50000,4215.30420
1687.00000,4205.00781
1687.50000,4188.16357
1688.00000,4172.28320
1688.50000,4162.93799
1689.00000,4162.57422
1689.50000,4167.86377
1690.00000,4174.84473
1690.50000,4179.18262
1691.00000,4179.02539
1691.50000,4173.98291
1692.00000,4166.36572
1692.50000,4157.78662
1693.00000,4150.19971
1693.50000,4145.27393
1694.00000,4144.74609
1694.50000,4148.22217
1695.00000,4154.09180
1695.50000,4159.66406
1696.00000,4162.27832
1696.50000,4160.03076
1697.00000,4153.88428
1697.50000,4147.08643
1698.00000,4143.24854
1698.50000,4144.07861
1699.00000,4148.61133
1699.50000,4153.25293
1700.00000,4154.41895
1700.50000,4151.23340
1701.00000,4146.44385
1701.50000,4144.12061
1702.00000,4147.23779
1702.50000,4153.03613
1703.00000,4156.67480
1703.50000,4153.22217
1704.00000,4143.50635
1704.50000,4130.62158
1705.00000,4119.95117
1705.50000,4114.10938
1706.00000,4113.61523
1706.50000,4115.81250
1707.00000,4118.66016
1707.50000,4120.90039
1708.00000,4122.58203
1708.50000,4124.25781
1709.00000,4126.26514
1709.50000,4128.14844
1710.00000,4128.19287
1710.50000,4124.90381
1711.00000,4118.33252
1711.50000,4110.97461
1712.00000,4106.55127
1712.50000,4107.75635
1713.00000,4113.01270
1713.50000,4117.47314
1714.00000,4116.03174
1714.50000,4109.38135
1715.00000,4101.01709
1715.50000,4095.90845
1716.00000,4095.43408
1716.50000,4097.34082
1717.00000,4097.93262
1717.50000,4095.99951
1718.00000,4092.40454
1718.50000,4088.96362
1719.00000,4085.24097
1719.50000,4079.24902
1720.00000,4070.83130
1720.50000,4062.60596
1721.00000,4059.26904
1721.50000,4063.49072
1722.00000,4074.30981
1722.50000,4085.54443
1723.00000,4092.77344
1723.50000,4094.21851
1724.00000,4092.10962
1724.50000,4088.69702
1725.00000,4084.70239
1725.50000,4079.24438
1726.00000,4071.49219
1726.50000,4063.33350
1727.00000,4057.90186
1727.50000,4057.41333
1728.00000,4060.91187
1728.50000,4066.43994
1729.00000,4071.41406
1729.50000,4074.78491
1730.00000,4076.54224
1730.50000,4077.09180
1731.00000,4075.88965
1731.50000,4072.57520
1732.00000,4067.92456
1732.50000,4063.65796
1733.00000,4061.15991
1733.50000,4060.68359
1734.00000,4061.84570
1734.50000,4063.81714
1735.00000,4066.48242
1735.50000,4069.35840
1736.00000,4071.33203
1736.50000,4070.68628
1737.00000,4067.72314
1737.50000,4064.65625
1738.00000,4064.99658
1738.50000,4069.05737
1739.00000,4074.11938
1739.50000,4074.74805
1740.00000,4067.06104
