280.00000,6934.24658
280.50000,6923.77002
281.00000,6917.18164
281.50000,6916.46777
282.00000,6920.60986
282.50000,6928.13770
283.00000,6937.55273
283.50000,6947.14111
284.00000,6956.36816
284.50000,6965.02783
285.00000,6972.95313
285.50000,6979.32813
286.00000,6983.12988
286.50000,6983.39160
287.00000,6979.56201
287.50000,6973.06396
288.00000,6965.43555
288.50000,6958.99365
289.00000,6955.76270
289.50000,6957.10303
290.00000,6961.74561
290.50000,6968.67725
291.00000,6976.84521
291.50000,6985.22705
292.00000,6993.19727
292.50000,7000.08301
293.00000,7005.24316
293.50000,7007.47266
294.00000,7007.03564
294.50000,7004.57275
295.00000,7001.96973
295.50000,7001.35596
296.00000,7003.66064
296.50000,7007.74805
297.00000,7011.54053
297.50000,7012.19678
298.00000,7008.84375
298.50000,7002.66211
299.00000,6996.96582
299.50000,6994.41309
300.00000,6996.89746
300.50000,7003.35645
301.00000,7011.09521
301.50000,7016.07764
302.00000,7017.06445
302.50000,7014.06982
303.00000,7008.69043
303.50000,7003.21680
304.00000,6999.45654
304.50000,6997.76660
305.00000,6997.37061
305.50000,6997.78613
306.00000,6998.64795
306.50000,7000.15820
307.00000,7002.60010
307.50000,7005.74463
308.00000,7008.92285
308.50000,7011.55664
309.00000,7013.59033
309.50000,7015.60938
310.00000,7018.65479
310.50000,7023.90137
311.00000,7031.11230
311.50000,7039.02490
312.00000,7045.99902
312.50000,7050.86719
313.00000,7053.24121
313.50000,7053.58936
314.00000,7053.82422
314.50000,7054.96191
315.00000,7056.98145
315.50000,7058.91504
316.00000,7059.02979
316.50000,7056.28418
317.00000,7051.01074
317.50000,7045.07080
318.00000,7040.70752
318.50000,7039.87695
319.00000,7042.91309
319.50000,7048.41553
320.00000,7053.57178
320.50000,7056.12109
321.00000,7055.20752
321.50000,7051.31396
322.00000,7046.59668
322.50000,7043.27979
323.00000,7042.97607
323.50000,7045.15723
324.00000,7049.04443
324.50000,7053.19189
325.00000,7056.94531
325.50000,7060.23584
326.00000,7063.53076
326.50000,7067.01514
327.00000,7070.19336
327.50000,7072.32178
328.00000,7072.33203
328.50000,7070.47314
329.00000,7067.39453
329.50000,7064.80029
330.00000,7063.82861
330.50000,7065.10938
331.00000,7067.90723
331.50000,7071.06494
332.00000,7073.03418
332.50000,7073.08838
333.00000,7071.41992
333.50000,7068.93506
334.00000,7066.80908
334.50000,7066.29150
335.00000,7067.97998
335.50000,7072.18359
336.00000,7078.70947
336.50000,7086.43994
337.00000,7094.57715
337.50000,7102.15381
338.00000,7108.52344
338.50000,7112.93408
339.00000,7115.72949
339.50000,7117.52832
340.00000,7118.99170
340.50000,7120.78369
341.00000,7123.32861
341.50000,7126.65771
342.00000,7130.32715
342.50000,7133.54297
343.00000,7135.66602
343.50000,7136.21777
344.00000,7134.90186
344.50000,7132.34668
345.00000,7129.36719
345.50000,7127.22607
346.00000,7126.57910
346.50000,7127.92578
347.00000,7130.55273
347.50000,7133.68213
348.00000,7136.26514
348.50000,7137.71826
349.00000,7138.11914
349.50000,7138.25098
350.00000,7139.03564
350.50000,7141.82080
351.00000,7147.08984
351.50000,7155.59863
352.00000,7167.08057
352.50000,7180.07275
353.00000,7192.96387
353.50000,7203.74951
354.00000,7210.98633
354.50000,7212.81104
355.00000,7210.66162
355.50000,7206.63330
356.00000,7203.04053
356.50000,7201.18750
357.00000,7201.29883
357.50000,7201.81689
358.00000,7200.60938
358.50000,7195.96973
359.00000,7189.25049
359.50000,7182.39990
360.00000,7177.89502
360.50000,7176.71289
361.00000,7178.62354
361.50000,7180.53662
362.00000,7179.63086
362.50000,7174.30811
363.00000,7166.54346
363.50000,7159.36670
364.00000,7156.76563
364.50000,7161.18604
365.00000,7173.47656
365.50000,7189.61572
366.00000,7206.01318
366.50000,7218.72656
367.00000,7226.02832
367.50000,7226.40674
368.00000,7220.05322
368.50000,7209.32666
369.00000,7196.05371
369.50000,7183.14307
370.00000,7173.11523
370.50000,7168.64697
371.00000,7169.73486
371.50000,7175.21582
372.00000,7181.00830
372.50000,7183.90234
373.00000,7181.23193
373.50000,7174.38184
374.00000,7165.96240
374.50000,7160.41504
375.00000,7160.14453
375.50000,7164.90381
376.00000,7171.32373
376.50000,7175.68652
377.00000,7174.08057
377.50000,7166.88037
378.00000,7156.08936
378.50000,7146.44775
379.00000,7140.94336
379.50000,7141.15186
380.00000,7145.39941
380.50000,7150.92432
381.00000,7154.56201
381.50000,7155.12988
382.00000,7153.59229
382.50000,7152.19775
383.00000,7152.71777
383.50000,7156.01270
384.00000,7160.70703
384.50000,7164.39746
385.00000,7163.59668
385.50000,7158.45898
386.00000,7150.04639
386.50000,7141.19824
387.00000,7134.71191
387.50000,7132.93018
388.00000,7135.30420
388.50000,7139.54297
389.00000,7142.90527
389.50000,7144.41846
390.00000,7144.55859
390.50000,7145.21143
391.00000,7148.03320
391.50000,7153.87451
392.00000,7160.24219
392.50000,7164.20898
393.00000,7163.05078
393.50000,7157.52930
394.00000,7149.59033
394.50000,7143.00488
395.00000,7140.78369
395.50000,7143.57031
396.00000,7147.91260
396.50000,7150.50635
397.00000,7148.56348
397.50000,7142.93262
398.00000,7136.33105
398.50000,7133.60449
399.00000,7137.05566
399.50000,7146.76514
400.00000,7158.27881
400.50000,7167.21484
401.00000,7169.29736
401.50000,7164.48340
402.00000,7154.38770
402.50000,7144.46875
403.00000,7138.30225
403.50000,7138.70898
404.00000,7144.08057
404.50000,7152.47852
405.00000,7161.07373
405.50000,7167.74561
406.00000,7171.93750
406.50000,7174.71436
407.00000,7177.24756
407.50000,7180.51074
408.00000,7184.58447
408.50000,7189.07031
409.00000,7193.01416
409.50000,7195.77344
410.00000,7196.93457
410.50000,7196.86230
411.00000,7196.17773
411.50000,7195.74121
412.00000,7196.32764
412.50000,7198.77588
413.00000,7203.19385
413.50000,7208.95801
414.00000,7215.35303
414.50000,7221.25391
415.00000,7225.73975
415.50000,7227.79395
416.00000,7227.68701
416.50000,7226.12891
417.00000,7224.46924
417.50000,7223.85059
418.00000,7225.30615
418.50000,7228.67432
419.00000,7233.32568
419.50000,7238.16162
420.00000,7242.24268
420.50000,7245.55176
421.00000,7249.00928
421.50000,7253.81592
422.00000,7261.47266
422.50000,7271.85596
423.00000,7283.97559
423.50000,7295.22998
424.00000,7303.41406
424.50000,7306.81348
425.00000,7305.70264
425.50000,7301.95801
426.00000,7298.03027
426.50000,7296.54688
427.00000,7298.94287
427.50000,7304.88330
428.00000,7312.25977
428.50000,7319.14404
429.00000,7323.97266
429.50000,7326.34424
430.00000,7326.21045
430.50000,7324.89893
431.00000,7323.09570
431.50000,7320.66699
432.00000,7317.01074
432.50000,7310.95264
433.00000,7302.04199
433.50000,7290.68408
434.00000,7278.02441
434.50000,7266.62402
435.00000,7258.58350
435.50000,7255.53223
436.00000,7257.07227
436.50000,7262.80566
437.00000,7270.53711
437.50000,7278.00879
438.00000,7282.62158
438.50000,7283.83154
439.00000,7281.30615
439.50000,7275.73633
440.00000,7268.75342
440.50000,7261.92090
441.00000,7256.73242
441.50000,7254.01758
442.00000,7253.90820
442.50000,7255.13916
443.00000,7256.75146
443.50000,7257.91162
444.00000,7258.55566
444.50000,7259.43164
445.00000,7261.85840
445.50000,7266.61719
446.00000,7273.43359
446.50000,7280.27100
447.00000,7284.54980
447.50000,7283.93896
448.00000,7278.07861
448.50000,7267.39893
449.00000,7255.78418
449.50000,7246.64258
450.00000,7242.37109
450.50000,7242.00879
451.00000,7243.72266
451.50000,7244.47559
452.00000,7242.37158
452.50000,7236.73828
453.00000,7230.61279
453.50000,7226.80908
454.00000,7227.54102
454.50000,7231.91846
455.00000,7237.84473
455.50000,7241.74707
456.00000,7240.99512
456.50000,7233.87500
457.00000,7223.87549
457.50000,7214.27441
458.00000,7208.65918
458.50000,7208.12109
459.00000,7212.77148
459.50000,7219.95654
460.00000,7226.45947
460.50000,7229.12793
461.00000,7227.98193
461.50000,7223.60645
462.00000,7217.63477
462.50000,7211.90332
463.00000,7207.60156
463.50000,7204.72754
464.00000,7202.39063
464.50000,7199.17822
465.00000,7194.42285
465.50000,7187.94580
466.00000,7180.44824
466.50000,7173.25293
467.00000,7168.01123
467.50000,7165.79541
468.00000,7166.78613
468.50000,7170.50391
469.00000,7175.20313
469.50000,7179.47461
470.00000,7182.00732
470.50000,7182.39160
471.00000,7180.42236
471.50000,7177.17822
472.00000,7173.90332
472.50000,7171.81494
473.00000,7171.26074
473.50000,7172.29980
474.00000,7174.26660
474.50000,7176.18311
475.00000,7176.92627
475.50000,7175.93359
476.00000,7173.24121
476.50000,7169.18213
477.00000,7164.63574
477.50000,7160.34717
478.00000,7157.07617
478.50000,7155.31104
479.00000,7155.91016
479.50000,7158.73193
480.00000,7163.14600
480.50000,7167.91309
481.00000,7171.38965
481.50000,7171.79395
482.00000,7168.43506
482.50000,7162.02197
483.00000,7154.16406
483.50000,7147.93115
484.00000,7145.44971
484.50000,7147.78760
485.00000,7153.52246
485.50000,7161.00537
486.00000,7167.86621
486.50000,7172.61768
487.00000,7174.01025
487.50000,7173.07520
488.00000,7170.70508
488.50000,7167.64355
489.00000,7164.34326
489.50000,7160.76953
490.00000,7156.73438
490.50000,7152.03906
491.00000,7146.34717
491.50000,7139.90381
492.00000,7133.11279
492.50000,7126.77002
493.00000,7121.71143
493.50000,7119.07861
494.00000,7119.07471
494.50000,7121.37158
495.00000,7125.28369
495.50000,7129.28564
496.00000,7132.56152
496.50000,7134.97656
497.00000,7136.99805
497.50000,7139.14844
498.00000,7141.62744
498.50000,7144.13184
499.00000,7145.73047
499.50000,7145.68359
500.00000,7143.48047
500.50000,7139.18262
501.00000,7133.34375
501.50000,7126.25977
502.00000,7118.59668
502.50000,7110.83496
503.00000,7103.62207
503.50000,7097.50342
504.00000,7093.01709
504.50000,7090.36279
505.00000,7089.42969
505.50000,7090.59717
506.00000,7093.70850
506.50000,7098.97461
507.00000,7106.58838
507.50000,7115.59375
508.00000,7124.52979
508.50000,7131.62305
509.00000,7135.74365
509.50000,7135.62354
510.00000,7132.29785
510.50000,7126.72949
511.00000,7120.33545
511.50000,7114.55908
512.00000,7110.46387
512.50000,7108.51074
513.00000,7108.84863
513.50000,7112.06689
514.00000,7117.40576
514.50000,7124.30273
515.00000,7131.66992
515.50000,7138.21973
516.00000,7142.77881
516.50000,7145.07422
517.00000,7145.21338
517.50000,7143.09033
518.00000,7139.59619
518.50000,7135.39941
519.00000,7131.59180
519.50000,7129.19531
520.00000,7129.12451
520.50000,7130.56494
521.00000,7132.11084
521.50000,7131.79199
522.00000,7128.88818
522.50000,7123.47998
523.00000,7117.15088
523.50000,7111.88818
524.00000,7109.30225
524.50000,7108.19189
525.00000,7106.37354
525.50000,7101.12354
526.00000,7092.04639
526.50000,7079.87354
527.00000,7067.31689
527.50000,7057.08350
528.00000,7051.48193
528.50000,7049.32617
529.00000,7048.12354
529.50000,7045.26172
530.00000,7039.85254
530.50000,7032.31592
531.00000,7024.77148
531.50000,7019.38086
532.00000,7018.29492
532.50000,7020.90430
533.00000,7025.45215
533.50000,7029.50879
534.00000,7031.39600
534.50000,7030.02832
535.00000,7025.70801
535.50000,7019.39893
536.00000,7011.70313
536.50000,7003.38184
537.00000,6994.73389
537.50000,6986.40674
538.00000,6979.40674
538.50000,6975.39160
539.00000,6975.18896
539.50000,6978.34961
540.00000,6983.50732
540.50000,6987.63867
541.00000,6988.16748
541.50000,6984.34619
542.00000,6978.72363
542.50000,6974.46094
543.00000,6973.90088
543.50000,6977.05713
544.00000,6981.99219
544.50000,6984.96924
545.00000,6983.18848
545.50000,6976.15527
546.00000,6967.27148
546.50000,6960.15723
547.00000,6956.53027
547.50000,6955.63281
548.00000,6954.91895
548.50000,6951.76758
549.00000,6945.23486
549.50000,6937.24951
550.00000,6931.64355
550.50000,6932.11377
551.00000,6938.11816
551.50000,6947.06641
552.00000,6954.69922
552.50000,6957.69629
553.00000,6954.00488
553.50000,6944.42969
554.00000,6931.98877
554.50000,6920.05664
555.00000,6911.03906
555.50000,6905.77393
556.00000,6904.33594
556.50000,6905.00195
557.00000,6906.52441
557.50000,6907.78760
558.00000,6908.61279
558.50000,6909.91406
559.00000,6913.13184
559.50000,6918.95410
560.00000,6926.60107
560.50000,6933.39648
561.00000,6935.94824
561.50000,6932.18359
562.00000,6922.75098
562.50000,6909.87598
563.00000,6898.41211
563.50000,6892.08008
564.00000,6891.72314
564.50000,6894.16455
565.00000,6895.90039
565.50000,6894.25537
566.00000,6889.14844
566.50000,6882.24414
567.00000,6876.70801
567.50000,6874.53027
568.00000,6875.89355
568.50000,6878.33887
569.00000,6879.96533
569.50000,6880.30566
570.00000,6880.34180
570.50000,6882.00684
571.00000,6886.06396
571.50000,6892.18848
572.00000,6898.34424
572.50000,6901.94824
573.00000,6900.89551
573.50000,6895.85938
574.00000,6888.50684
574.50000,6881.01172
575.00000,6875.25293
575.50000,6872.32129
576.00000,6872.15820
576.50000,6873.45947
577.00000,6874.45752
577.50000,6873.14258
578.00000,6868.41650
578.50000,6859.71777
579.00000,6849.07910
579.50000,6839.09521
580.00000,6833.06787
580.50000,6832.75391
581.00000,6839.48340
581.50000,6850.37061
582.00000,6861.53027
582.50000,6868.33936
583.00000,6869.39941
583.50000,6864.53857
584.00000,6856.26660
584.50000,6847.69629
585.00000,6841.34912
585.50000,6837.52441
586.00000,6835.28906
586.50000,6832.93799
587.00000,6829.64551
587.50000,6826.34033
588.00000,6825.19385
588.50000,6827.90674
589.00000,6835.99805
589.50000,6847.29639
590.00000,6858.88037
590.50000,6866.60889
591.00000,6868.23145
591.50000,6862.17188
592.00000,6851.26514
592.50000,6838.94824
593.00000,6828.69922
593.50000,6822.21094
594.00000,6820.36963
594.50000,6823.31055
595.00000,6830.03125
595.50000,6840.79492
596.00000,6855.05176
596.50000,6871.47754
597.00000,6887.17578
597.50000,6898.72168
598.00000,6902.55176
598.50000,6896.54492
599.00000,6882.81201
599.50000,6864.20947
600.00000,6846.13037
600.50000,6832.55859
601.00000,6826.80762
601.50000,6826.23047
602.00000,6827.58105
602.50000,6827.02100
603.00000,6822.56836
603.50000,6813.36914
604.00000,6801.44141
604.50000,6789.05322
605.00000,6778.56104
605.50000,6770.74463
606.00000,6765.84424
606.50000,6762.84912
607.00000,6760.69287
607.50000,6759.05762
608.00000,6758.04053
608.50000,6758.17627
609.00000,6760.30029
609.50000,6764.28711
610.00000,6769.67773
610.50000,6774.87158
611.00000,6777.78467
611.50000,6775.89063
612.00000,6769.32813
612.50000,6759.12744
613.00000,6747.74951
613.50000,6738.25879
614.00000,6733.14600
614.50000,6732.72754
615.00000,6735.20801
615.50000,6737.81738
616.00000,6737.71484
616.50000,6733.84570
617.00000,6727.09961
617.50000,6719.93506
618.00000,6714.36084
618.50000,6711.02881
619.00000,6709.07715
619.50000,6706.85010
620.00000,6703.09473
620.50000,6697.77148
621.00000,6692.56885
621.50000,6689.82568
622.00000,6691.45361
622.50000,6696.87305
623.00000,6704.03320
623.50000,6709.91162
624.00000,6712.44385
624.50000,6710.73877
625.00000,6705.89600
625.50000,6700.67285
626.00000,6697.89551
626.50000,6698.70020
627.00000,6701.83789
627.50000,6704.63916
628.00000,6704.33105
628.50000,6698.94287
629.00000,6688.57568
629.50000,6675.86182
630.00000,6664.24072
630.50000,6656.83936
631.00000,6655.19238
631.50000,6659.97070
632.00000,6667.80713
632.50000,6676.22217
633.00000,6682.95605
633.50000,6687.09668
634.00000,6687.93652
634.50000,6686.12451
635.00000,6682.10840
635.50000,6676.25342
636.00000,6669.62549
636.50000,6663.23926
637.00000,6658.11328
637.50000,6654.22656
638.00000,6650.73291
638.50000,6646.14063
639.00000,6639.49512
639.50000,6631.00098
640.00000,6622.78418
640.50000,6617.71338
641.00000,6617.69922
641.50000,6622.13477
642.00000,6628.48389
642.50000,6632.20264
643.00000,6630.64258
643.50000,6623.57568
644.00000,6614.55127
644.50000,6607.54980
645.00000,6605.30811
645.50000,6607.52979
646.00000,6611.90820
646.50000,6614.37695
647.00000,6612.37305
647.50000,6605.68799
648.00000,6597.75586
648.50000,6591.96680
649.00000,6589.88135
649.50000,6590.66406
650.00000,6592.08252
650.50000,6591.68701
651.00000,6588.61670
651.50000,6584.16895
652.00000,6581.06299
652.50000,6582.21484
653.00000,6588.00830
653.50000,6596.37256
654.00000,6604.00342
654.50000,6608.43750
655.00000,6608.58594
655.50000,6605.36084
656.00000,6600.95020
656.50000,6596.77197
657.00000,6592.81689
657.50000,6587.78906
658.00000,6579.55908
658.50000,6568.20215
659.00000,6555.64014
659.50000,6545.64355
660.00000,6540.84961
660.50000,6543.09570
661.00000,6549.65918
661.50000,6556.90625
662.00000,6560.60791
662.50000,6559.50781
663.00000,6554.25781
663.50000,6548.28027
664.00000,6545.16455
664.50000,6547.59229
665.00000,6553.98438
665.50000,6561.95654
666.00000,6568.46338
666.50000,6571.79297
667.00000,6571.01807
667.50000,6566.88086
668.00000,6560.81982
668.50000,6554.07813
669.00000,6547.98828
669.50000,6543.50342
670.00000,6541.45996
670.50000,6541.30078
671.00000,6542.38916
671.50000,6543.52930
672.00000,6543.89746
672.50000,6543.04834
673.00000,6541.57959
673.50000,6540.12891
674.00000,6539.21826
674.50000,6538.76123
675.00000,6538.37354
675.50000,6537.67090
676.00000,6536.72266
676.50000,6536.00049
677.00000,6535.83496
677.50000,6536.27148
678.00000,6537.00684
678.50000,6537.68701
679.00000,6538.26221
679.50000,6538.99219
680.00000,6540.06787
680.50000,6541.21729
681.00000,6541.52051
681.50000,6539.55078
682.00000,6534.49609
682.50000,6527.08301
683.00000,6518.55273
683.50000,6510.87744
684.00000,6505.41699
684.50000,6503.24414
685.00000,6503.55371
685.50000,6505.73389
686.00000,6508.88330
686.50000,6512.35352
687.00000,6516.00146
687.50000,6519.87061
688.00000,6523.98438
688.50000,6528.08545
689.00000,6531.58350
689.50000,6533.51025
690.00000,6533.04150
690.50000,6530.17822
691.00000,6525.30469
691.50000,6520.23926
692.00000,6516.70605
692.50000,6516.16162
693.00000,6517.87793
693.50000,6520.06689
694.00000,6520.11816
694.50000,6516.96094
695.00000,6510.73682
695.50000,6504.13525
696.00000,6499.69531
696.50000,6499.43262
697.00000,6502.57910
697.50000,6507.54932
698.00000,6511.74316
698.50000,6513.50049
699.00000,6511.55908
699.50000,6506.80908
700.00000,6499.88330
700.50000,6491.59180
701.00000,6483.11816
701.50000,6476.19043
702.00000,6472.72705
702.50000,6473.83252
703.00000,6480.26123
703.50000,6488.79932
704.00000,6495.80322
704.50000,6497.13037
705.00000,6491.87549
705.50000,6480.94385
706.00000,6469.37598
706.50000,6461.86475
707.00000,6462.18799
707.50000,6468.29297
708.00000,6477.23828
708.50000,6484.78223
709.00000,6488.55566
709.50000,6487.84473
710.00000,6484.95264
710.50000,6482.16016
711.00000,6480.93799
711.50000,6480.50732
712.00000,6479.09766
712.50000,6475.01563
713.00000,6468.83252
713.50000,6462.52490
714.00000,6458.68701
714.50000,6458.79248
715.00000,6463.07568
715.50000,6469.02197
716.00000,6474.27051
716.50000,6477.01123
717.00000,6477.14600
717.50000,6475.01758
718.00000,6471.65137
718.50000,6466.95703
719.00000,6459.72070
719.50000,6449.80371
720.00000,6437.78955
720.50000,6426.15967
721.00000,6417.59912
721.50000,6415.12354
722.00000,6418.04053
722.50000,6424.74414
723.00000,6432.46582
723.50000,6438.73828
724.00000,6442.41113
724.50000,6444.12939
725.00000,6445.13184
725.50000,6446.06348
726.00000,6446.41406
726.50000,6444.79932
727.00000,6439.57666
727.50000,6430.71826
728.00000,6418.54102
728.50000,6405.08252
729.00000,6392.56299
729.50000,6383.87891
730.00000,6379.87109
730.50000,6381.17529
731.00000,6387.00977
731.50000,6394.81104
732.00000,6401.96094
732.50000,6406.28076
733.00000,6407.34814
733.50000,6405.65479
734.00000,6403.50391
734.50000,6402.60498
735.00000,6403.82227
735.50000,6406.34570
736.00000,6408.52734
736.50000,6408.63672
737.00000,6405.97656
737.50000,6400.95215
738.00000,6396.03271
738.50000,6393.94482
739.00000,6396.88916
739.50000,6404.24609
740.00000,6413.76416
740.50000,6421.28271
741.00000,6423.41553
741.50000,6417.45410
742.00000,6405.71240
742.50000,6391.21631
743.00000,6378.40479
743.50000,6369.90869
744.00000,6366.92773
744.50000,6366.83447
745.00000,6366.99023
745.50000,6365.44678
746.00000,6362.81934
746.50000,6361.32227
747.00000,6362.98291
747.50000,6367.69189
748.00000,6373.69385
748.50000,6377.82813
749.00000,6377.85352
749.50000,6372.88281
750.00000,6365.03857
750.50000,6356.58350
751.00000,6349.79053
751.50000,6345.59619
752.00000,6344.74512
752.50000,6346.50488
753.00000,6350.78223
753.50000,6357.31104
754.00000,6364.58398
754.50000,6370.58301
755.00000,6373.28467
755.50000,6371.89551
756.00000,6366.23340
756.50000,6359.05664
757.00000,6352.76660
757.50000,6349.51855
758.00000,6349.48389
758.50000,6352.22656
759.00000,6355.96631
759.50000,6359.16553
760.00000,6360.14844
760.50000,6358.30762
761.00000,6353.02539
761.50000,6344.94385
762.00000,6336.24023
762.50000,6330.14355
763.00000,6329.21631
763.50000,6334.19141
764.00000,6343.86328
764.50000,6353.30029
765.00000,6357.69092
765.50000,6353.93164
766.00000,6343.54736
766.50000,6330.20264
767.00000,6319.73047
767.50000,6315.80078
768.00000,6319.90186
768.50000,6327.76465
769.00000,6334.92432
769.50000,6337.96094
770.00000,6336.72119
770.50000,6332.64600
771.00000,6328.91943
771.50000,6327.54639
772.00000,6329.39697
772.50000,6333.08203
773.00000,6337.12451
773.50000,6340.07422
774.00000,6341.40088
774.50000,6340.92285
775.00000,6339.53662
775.50000,6338.16309
776.00000,6338.10693
776.50000,6340.06885
777.00000,6344.30029
777.50000,6349.53076
778.00000,6353.72119
778.50000,6354.00830
779.00000,6349.90869
779.50000,6342.17578
780.00000,6333.59961
780.50000,6327.42432
781.00000,6325.86182
781.50000,6327.72852
782.00000,6329.76123
782.50000,6327.34863
783.00000,6319.38965
783.50000,6307.35986
784.00000,6296.59912
784.50000,6292.43750
785.00000,6298.58545
785.50000,6312.54639
786.00000,6329.26807
786.50000,6342.64209
787.00000,6349.96973
787.50000,6351.13623
788.00000,6348.94531
788.50000,6346.77051
789.00000,6346.06738
789.50000,6345.83301
790.00000,6344.32080
790.50000,6340.23584
791.00000,6335.05225
791.50000,6331.32080
792.00000,6331.60889
792.50000,6335.87451
793.00000,6342.24707
793.50000,6347.40967
794.00000,6349.36621
794.50000,6347.39893
795.00000,6343.47656
795.50000,6339.26904
796.00000,6336.00195
796.50000,6333.80273
797.00000,6332.69043
797.50000,6332.77734
798.00000,6334.86670
798.50000,6340.15430
799.00000,6348.04639
799.50000,6357.06055
800.00000,6364.28711
800.50000,6367.42676
801.00000,6364.35986
801.50000,6357.16602
802.00000,6348.17578
802.50000,6340.17090
803.00000,6334.67041
803.50000,6332.35498
804.00000,6332.58936
804.50000,6334.53320
805.00000,6338.14697
805.50000,6343.16211
806.00000,6349.48438
806.50000,6356.30176
807.00000,6362.02148
807.50000,6364.45654
808.00000,6362.45166
808.50000,6356.43750
809.00000,6347.88086
809.50000,6340.38428
810.00000,6337.13818
810.50000,6340.26807
811.00000,6348.62109
811.50000,6360.31934
812.00000,6371.66895
812.50000,6379.85449
813.00000,6382.38428
813.50000,6380.70215
814.00000,6376.81885
814.50000,6374.04199
815.00000,6374.67139
815.50000,6379.91455
816.00000,6387.70996
816.50000,6394.99512
817.00000,6398.04883
817.50000,6396.35986
818.00000,6391.16943
818.50000,6386.28174
819.00000,6385.04492
819.50000,6388.88428
820.00000,6394.77734
820.50000,6398.70947
821.00000,6396.60010
821.50000,6389.25098
822.00000,6379.68701
822.50000,6373.15967
823.00000,6372.84814
823.50000,6380.06787
824.00000,6390.76172
824.50000,6400.58350
825.00000,6405.44482
825.50000,6405.17285
826.00000,6400.71045
826.50000,6394.32813
827.00000,6387.41357
827.50000,6379.83740
828.00000,6371.21436
828.50000,6361.79590
829.00000,6353.18799
829.50000,6347.14551
830.00000,6345.29834
830.50000,6347.50977
831.00000,6352.48877
831.50000,6359.18896
832.00000,6366.30078
832.50000,6373.22363
833.00000,6379.36475
833.50000,6384.34131
834.00000,6387.79541
834.50000,6390.40039
835.00000,6393.52979
835.50000,6399.30420
836.00000,6408.03467
836.50000,6418.82910
837.00000,6428.82910
837.50000,6435.16650
838.00000,6435.45117
838.50000,6430.86963
839.00000,6424.40967
839.50000,6419.42920
840.00000,6417.41602
840.50000,6418.25879
841.00000,6420.31494
841.50000,6421.93213
842.00000,6422.76172
842.50000,6424.09375
843.00000,6427.64404
843.50000,6435.25635
844.00000,6445.99268
844.50000,6458.27148
845.00000,6469.49609
845.50000,6477.95264
846.00000,6482.59082
846.50000,6484.62549
847.00000,6485.50439
847.50000,6486.42822
848.00000,6487.66016
848.50000,6488.51563
849.00000,6487.96875
849.50000,6485.80322
850.00000,6482.54395
850.50000,6479.92188
851.00000,6479.70801
851.50000,6483.76563
852.00000,6491.73291
852.50000,6503.03906
853.00000,6515.76514
853.50000,6527.92676
854.00000,6537.65527
854.50000,6544.63770
855.00000,6549.11914
855.50000,6551.85449
856.00000,6554.06494
856.50000,6556.33301
857.00000,6558.78906
857.50000,6561.30859
858.00000,6564.04736
858.50000,6567.61426
859.00000,6573.02979
859.50000,6581.32666
860.00000,6591.92627
860.50000,6603.57568
861.00000,6614.25586
861.50000,6622.70996
862.00000,6628.21240
862.50000,6632.08008
863.00000,6635.15723
863.50000,6637.47900
864.00000,6638.10742
864.50000,6635.17480
865.00000,6628.52930
865.50000,6620.05859
866.00000,6614.19336
866.50000,6614.91699
867.00000,6625.26758
867.50000,6644.81104
868.00000,6668.55957
868.50000,6690.94580
869.00000,6707.62744
869.50000,6717.65088
870.00000,6722.19922
870.50000,6725.70752
871.00000,6730.92676
871.50000,6738.57764
872.00000,6746.90918
872.50000,6753.70068
873.00000,6758.20654
873.50000,6761.39600
874.00000,6765.55518
874.50000,6772.19922
875.00000,6781.28662
875.50000,6790.29541
876.00000,6796.02686
876.50000,6795.08789
877.00000,6788.30859
877.50000,6778.42920
878.00000,6770.01270
878.50000,6766.29736
879.00000,6768.43018
879.50000,6773.62988
880.00000,6777.41504
880.50000,6774.88477
881.00000,6765.49805
881.50000,6750.95996
882.00000,6735.07178
882.50000,6721.53711
883.00000,6712.05273
883.50000,6705.29688
884.00000,6698.68506
884.50000,6690.00977
885.00000,6679.50977
885.50000,6668.60059
886.00000,6659.31934
886.50000,6652.39453
887.00000,6647.70166
887.50000,6643.93408
888.00000,6640.10254
888.50000,6636.05664
889.00000,6632.51318
889.50000,6630.37256
890.00000,6630.16895
890.50000,6631.24170
891.00000,6632.45166
891.50000,6632.22949
892.00000,6629.43652
892.50000,6622.70898
893.00000,6612.95947
893.50000,6601.20410
894.00000,6589.43457
894.50000,6579.43066
895.00000,6572.44238
895.50000,6567.70996
896.00000,6563.69678
896.50000,6558.83350
897.00000,6553.18262
897.50000,6548.55713
898.00000,6547.83643
898.50000,6552.13623
899.00000,6561.16846
899.50000,6570.96777
900.00000,6577.40967
900.50000,6576.45508
901.00000,6569.13037
901.50000,6557.63965
902.00000,6546.08447
902.50000,6537.34619
903.00000,6532.88428
903.50000,6531.17139
904.00000,6530.61182
904.50000,6530.28760
905.00000,6530.44824
905.50000,6532.28809
906.00000,6536.70166
906.50000,6543.40381
907.00000,6551.63477
907.50000,6559.82764
908.00000,6566.95313
908.50000,6572.23975
909.00000,6575.73193
909.50000,6577.14014
910.00000,6576.70166
910.50000,6575.24561
911.00000,6574.31592
911.50000,6575.55762
912.00000,6579.98047
912.50000,6586.97266
913.00000,6593.88135
913.50000,6597.86572
914.00000,6597.87891
914.50000,6595.42871
915.00000,6593.98096
915.50000,6596.61963
916.00000,6604.56982
916.50000,6616.12695
917.00000,6627.20752
917.50000,6634.00537
918.00000,6635.47900
918.50000,6633.05322
919.00000,6628.81299
919.50000,6624.88818
920.00000,6621.62549
920.50000,6618.57910
921.00000,6615.76709
921.50000,6614.81055
922.00000,6617.73389
922.50000,6625.54639
923.00000,6637.97363
923.50000,6651.21875
924.00000,6661.78857
924.50000,6667.37402
925.00000,6668.83887
925.50000,6667.89795
926.00000,6666.88916
926.50000,6666.46338
927.00000,6665.86865
927.50000,6664.22021
928.00000,6661.66650
928.50000,6660.00879
929.00000,6661.34180
929.50000,6667.84863
930.00000,6678.88477
930.50000,6693.12891
931.00000,6708.88965
931.50000,6724.33350
932.00000,6738.25781
932.50000,6749.95410
933.00000,6759.46924
933.50000,6767.03955
934.00000,6774.14063
934.50000,6782.07178
935.00000,6791.60889
935.50000,6801.77393
936.00000,6810.60107
936.50000,6816.27979
937.00000,6818.89355
937.50000,6820.36670
938.00000,6824.37451
938.50000,6833.90967
939.00000,6850.44775
939.50000,6871.43262
940.00000,6894.13330
940.50000,6915.85059
941.00000,6936.05176
941.50000,6956.10303
942.00000,6978.25098
942.50000,7004.17725
943.00000,7034.38379
943.50000,7067.27637
944.00000,7101.44482
944.50000,7135.43848
945.00000,7168.77881
945.50000,7201.87939
946.00000,7236.01514
946.50000,7272.83936
947.00000,7313.71826
947.50000,7357.80762
948.00000,7402.45850
948.50000,7442.67969
949.00000,7474.06250
949.50000,7491.87451
950.00000,7499.81104
950.50000,7502.44287
951.00000,7506.84424
951.50000,7517.42139
952.00000,7535.73682
952.50000,7557.71680
953.00000,7578.89648
953.50000,7595.66650
954.00000,7608.82422
954.50000,7620.44287
955.00000,7632.77441
955.50000,7645.85059
956.00000,7657.52783
956.50000,7665.91748
957.00000,7671.13770
957.50000,7676.03711
958.00000,7684.56738
958.50000,7699.52686
959.00000,7719.77100
959.50000,7740.95410
960.00000,7757.43457
960.50000,7766.45898
961.00000,7767.43506
961.50000,7760.91846
962.00000,7749.32324
962.50000,7732.09814
963.00000,7708.51904
963.50000,7678.88721
964.00000,7643.98145
964.50000,7607.86670
965.00000,7573.66455
965.50000,7543.05273
966.00000,7514.28906
966.50000,7484.44580
967.00000,7451.12549
967.50000,7414.48535
968.00000,7376.66406
968.50000,7340.97803
969.00000,7309.33350
969.50000,7281.66797
970.00000,7255.77930
970.50000,7230.64453
971.00000,7207.23242
971.50000,7188.25684
972.00000,7178.83838
972.50000,7178.68213
973.00000,7186.23535
973.50000,7196.85254
974.00000,7205.74854
974.50000,7210.45068
975.00000,7212.47754
975.50000,7214.82471
976.00000,7220.69678
976.50000,7230.05322
977.00000,7241.59863
977.50000,7253.10059
978.00000,7263.37744
978.50000,7272.40088
979.00000,7280.95703
979.50000,7289.21484
980.00000,7296.51367
980.50000,7302.68506
981.00000,7308.59717
981.50000,7316.56787
982.00000,7328.41504
982.50000,7345.27051
983.00000,7364.78955
983.50000,7384.29639
984.00000,7401.89355
984.50000,7418.70410
985.00000,7437.72217
985.50000,7461.95947
986.00000,7491.60449
986.50000,7525.26807
987.00000,7559.20703
987.50000,7591.38477
988.00000,7621.91650
988.50000,7653.27051
989.00000,7688.46826
989.50000,7729.37842
990.00000,7776.09375
990.50000,7829.80713
991.00000,7889.69092
991.50000,7956.14502
992.00000,8029.20459
992.50000,8106.08789
993.00000,8183.92773
993.50000,8259.48633
994.00000,8331.45801
994.50000,8400.18652
995.00000,8469.32031
995.50000,8543.18066
996.00000,8626.84668
996.50000,8721.67285
997.00000,8829.34668
997.50000,8946.56250
998.00000,9068.67480
998.50000,9191.04199
999.00000,9310.22363
999.50000,9424.77637
1000.00000,9534.59766
1000.50000,9640.38281
1001.00000,9740.06641
1001.50000,9831.34961
1002.00000,9911.99219
1002.50000,9977.93945
1003.00000,10031.39063
1003.50000,10071.32227
1004.00000,10096.15137
1004.50000,10105.59180
1005.00000,10095.02637
1005.50000,10066.44531
1006.00000,10023.03320
1006.50000,9966.95996
1007.00000,9902.76758
1007.50000,9828.82324
1008.00000,9741.56445
1008.50000,9639.81934
1009.00000,9522.04102
1009.50000,9394.95215
1010.00000,9265.44141
1010.50000,9140.44922
1011.00000,9022.51758
1011.50000,8912.46484
1012.00000,8808.95508
1012.50000,8710.34082
1013.00000,8617.20215
1013.50000,8528.91797
1014.00000,8445.48340
1014.50000,8367.43652
1015.00000,8294.36621
1015.50000,8227.87402
1016.00000,8168.67285
1016.50000,8115.79980
1017.00000,8068.13379
1017.50000,8022.15723
1018.00000,7975.99414
1018.50000,7929.53467
1019.00000,7884.55957
1019.50000,7844.07080
1020.00000,7810.03369
1020.50000,7782.59619
1021.00000,7762.31543
1021.50000,7746.53955
1022.00000,7733.49316
1022.50000,7720.67871
1023.00000,7705.64160
1023.50000,7686.06934
1024.00000,7661.83740
1024.50000,7634.63574
1025.00000,7607.30273
1025.50000,7582.66113
1026.00000,7562.14307
1026.50000,7545.19678
1027.00000,7529.30859
1027.50000,7512.12158
1028.00000,7492.55225
1028.50000,7471.12500
1029.00000,7449.37695
1029.50000,7429.04883
1030.00000,7411.14502
1030.50000,7395.61768
1031.00000,7381.44336
1031.50000,7368.05518
1032.00000,7355.32568
1032.50000,7343.78516
1033.00000,7334.45801
1033.50000,7327.19043
1034.00000,7321.73926
1034.50000,7317.64453
1035.00000,7314.98389
1035.50000,7315.42432
1036.00000,7320.04443
1036.50000,7328.87256
1037.00000,7339.85547
1037.50000,7348.52783
1038.00000,7350.33398
1038.50000,7343.30127
1039.00000,7329.74463
1039.50000,7313.36914
1040.00000,7298.96338
1040.50000,7288.83447
1041.00000,7283.35938
1041.50000,7280.33154
1042.00000,7278.68408
1042.50000,7278.17969
1043.00000,7279.12842
1043.50000,7281.77051
1044.00000,7284.83203
1044.50000,7286.85303
1045.00000,7286.72949
1045.50000,7285.14990
1046.00000,7283.46680
1046.50000,7283.16113
1047.00000,7284.72363
1047.50000,7288.33398
1048.00000,7293.27100
1048.50000,7299.33984
1049.00000,7306.18115
1049.50000,7312.65479
1050.00000,7316.61816
1050.50000,7316.19482
1051.00000,7311.00977
1051.50000,7301.72168
1052.00000,7292.01465
1052.50000,7284.91064
1053.00000,7282.42236
1053.50000,7283.62939
1054.00000,7286.91943
1054.50000,7289.85400
1055.00000,7291.03516
1055.50000,7289.51514
1056.00000,7286.00830
1056.50000,7281.14990
1057.00000,7276.29492
1057.50000,7273.10547
1058.00000,7273.81396
1058.50000,7278.95752
1059.00000,7287.59375
1059.50000,7297.23682
1060.00000,7304.53271
1060.50000,7307.17139
1061.00000,7305.25195
1061.50000,7301.38965
1062.00000,7298.44238
1062.50000,7297.82129
1063.00000,7298.90625
1063.50000,7299.86865
1064.00000,7299.68457
1064.50000,7299.46045
1065.00000,7302.18262
1065.50000,7309.77197
1066.00000,7322.31738
1066.50000,7335.07178
1067.00000,7342.76025
1067.50000,7340.92773
1068.00000,7332.27783
1068.50000,7322.15332
1069.00000,7317.55762
1069.50000,7321.24072
1070.00000,7332.46777
1070.50000,7344.73486
1071.00000,7353.35010
1071.50000,7356.81104
1072.00000,7358.82715
1072.50000,7363.74219
1073.00000,7373.07568
1073.50000,7384.01709
1074.00000,7390.67676
1074.50000,7389.93994
1075.00000,7382.23242
1075.50000,7372.53955
1076.00000,7367.12988
1076.50000,7370.34570
1077.00000,7380.70996
1077.50000,7393.56641
1078.00000,7403.19727
1078.50000,7407.15674
1079.00000,7405.44043
1079.50000,7400.64746
1080.00000,7396.32324
1080.50000,7395.04785
1081.00000,7397.39990
1081.50000,7402.76465
1082.00000,7410.59180
1082.50000,7419.64014
1083.00000,7429.56836
1083.50000,7440.06836
1084.00000,7450.49561
1084.50000,7459.49609
1085.00000,7465.72363
1085.50000,7468.49561
1086.00000,7468.00098
1086.50000,7466.92969
1087.00000,7467.91895
1087.50000,7472.63379
1088.00000,7480.10205
1088.50000,7488.09229
1089.00000,7494.15674
1089.50000,7497.59082
1090.00000,7499.17627
1090.50000,7500.66650
1091.00000,7502.38721
1091.50000,7503.27148
1092.00000,7502.48779
1092.50000,7501.07080
1093.00000,7502.74561
1093.50000,7511.51709
1094.00000,7530.03662
1094.50000,7553.89648
1095.00000,7576.66943
1095.50000,7591.62256
1096.00000,7597.27588
1096.50000,7595.89160
1097.00000,7595.15332
1097.50000,7600.69873
1098.00000,7615.29199
1098.50000,7635.31299
1099.00000,7656.54590
1099.50000,7674.95166
1100.00000,7689.23584
1100.50000,7698.95605
1101.00000,7705.84473
1101.50000,7710.77979
1102.00000,7714.87793
1102.50000,7719.69434
1103.00000,7726.91602
1103.50000,7736.95752
1104.00000,7748.67139
1104.50000,7759.82080
1105.00000,7768.79346
1105.50000,7775.64746
1106.00000,7782.57227
1106.50000,7792.20947
1107.00000,7806.66992
1107.50000,7825.11328
1108.00000,7845.34473
1108.50000,7864.74316
1109.00000,7881.73779
1109.50000,7895.49902
1110.00000,7905.88721
1110.50000,7913.64063
1111.00000,7919.20215
1111.50000,7924.06641
1112.00000,7929.74072
1112.50000,7937.93604
1113.00000,7948.85791
1113.50000,7962.79053
1114.00000,7979.89404
1114.50000,8000.21436
1115.00000,8024.57568
1115.50000,8051.63867
1116.00000,8078.96777
1116.50000,8102.90430
1117.00000,8122.24951
1117.50000,8138.11768
1118.00000,8155.10254
1118.50000,8177.48730
1119.00000,8208.40137
1119.50000,8244.92090
1120.00000,8282.99805
1120.50000,8318.74609
1121.00000,8351.73438
1121.50000,8383.61816
1122.00000,8416.55859
1122.50000,8450.49121
1123.00000,8482.72949
1123.50000,8510.73438
1124.00000,8534.19727
1124.50000,8556.64063
1125.00000,8583.94434
1125.50000,8621.88672
1126.00000,8670.98242
1126.50000,8726.50586
1127.00000,8781.10254
1127.50000,8828.40820
1128.00000,8866.03223
1128.50000,8896.58887
1129.00000,8927.33496
1129.50000,8964.96582
1130.00000,9011.63867
1130.50000,9064.50488
1131.00000,9118.43555
1131.50000,9168.82324
1132.00000,9214.89160
1132.50000,9259.53125
1133.00000,9306.29199
1133.50000,9356.01758
1134.00000,9405.10254
1134.50000,9449.19727
1135.00000,9485.08203
1135.50000,9517.60938
1136.00000,9553.99707
1136.50000,9601.85059
1137.00000,9661.67773
1137.50000,9730.81836
1138.00000,9802.20313
1138.50000,9872.56836
1139.00000,9944.42773
1139.50000,10023.63867
1140.00000,10116.55273
1140.50000,10225.05859
1141.00000,10344.38672
1141.50000,10470.60840
1142.00000,10599.92285
1142.50000,10733.08594
1143.00000,10875.16309
1143.50000,11029.14258
1144.00000,11199.89355
1144.50000,11390.40527
1145.00000,11600.75195
1145.50000,11836.50293
1146.00000,12095.20117
1146.50000,12375.30859
1147.00000,12675.62695
1147.50000,12989.30762
1148.00000,13315.75098
1148.50000,13655.71191
1149.00000,14010.69922
1149.50000,14386.65625
1150.00000,14780.24805
1150.50000,15186.35352
1151.00000,15594.18848
1151.50000,15990.32715
1152.00000,16359.52930
1152.50000,16692.47656
1153.00000,16987.36133
1153.50000,17233.67969
1154.00000,17435.47070
1154.50000,17584.12109
1155.00000,17663.10547
1155.50000,17671.87695
1156.00000,17595.72266
1156.50000,17441.87500
1157.00000,17225.63867
1157.50000,16949.68359
1158.00000,16634.41211
1158.50000,16282.27148
1159.00000,15892.96582
1159.50000,15474.68945
1160.00000,15033.61328
1160.50000,14586.68359
1161.00000,14149.48926
1161.50000,13738.30664
1162.00000,13352.87793
1162.50000,12992.30957
1163.00000,12651.46094
1163.50000,12323.51270
1164.00000,12009.67773
1164.50000,11711.65039
1165.00000,11432.85449
1165.50000,11181.24902
1166.00000,10954.16016
1166.50000,10753.37891
1167.00000,10577.30078
1167.50000,10419.74316
1168.00000,10278.71973
1168.50000,10148.31836
1169.00000,10025.89063
1169.50000,9912.74414
1170.00000,9809.54492
1170.50000,9719.90332
1171.00000,9644.57227
1171.50000,9579.64258
1172.00000,9521.12793
1172.50000,9463.56250
1173.00000,9405.54492
1173.50000,9349.96387
1174.00000,9301.04297
1174.50000,9263.11133
1175.00000,9235.89551
1175.50000,9214.92480
1176.00000,9195.73926
1176.50000,9175.30176
1177.00000,9154.43652
1177.50000,9136.85840
1178.00000,9125.11914
1178.50000,9120.78711
1179.00000,9122.20996
1179.50000,9126.90625
1180.00000,9134.24707
1180.50000,9144.40430
1181.00000,9158.91211
1181.50000,9179.14355
1182.00000,9203.63672
1182.50000,9230.46289
1183.00000,9256.61719
1183.50000,9280.24805
1184.00000,9300.19238
1184.50000,9317.81836
1185.00000,9334.13672
1185.50000,9349.64453
1186.00000,9363.92578
1186.50000,9375.57715
1187.00000,9384.44727
1187.50000,9392.29199
1188.00000,9403.77832
1188.50000,9422.91113
1189.00000,9452.65820
1189.50000,9491.39355
1190.00000,9531.80469
1190.50000,9564.33496
1191.00000,9582.30566
1191.50000,9584.46875
1192.00000,9572.56934
1192.50000,9555.39746
1193.00000,9537.72266
1193.50000,9520.85645
1194.00000,9501.96289
1194.50000,9475.33105
1195.00000,9438.55566
1195.50000,9392.65527
1196.00000,9341.70117
1196.50000,9292.58887
1197.00000,9249.89063
1197.50000,9214.04688
1198.00000,9180.95020
1198.50000,9144.75586
1199.00000,9101.58301
1199.50000,9050.89160
1200.00000,8995.22559
1200.50000,8940.16406
1201.00000,8890.17090
1201.50000,8847.39648
1202.00000,8811.17578
1202.50000,8781.82520
1203.00000,8758.04688
1203.50000,8739.93066
1204.00000,8727.45313
1204.50000,8717.85254
1205.00000,8708.28320
1205.50000,8696.43262
1206.00000,8682.35059
1206.50000,8667.91504
1207.00000,8655.53711
1207.50000,8646.12793
1208.00000,8638.69531
1208.50000,8631.05176
1209.00000,8622.14844
1209.50000,8612.83301
1210.00000,8604.48535
1210.50000,8597.45313
1211.00000,8589.49121
1211.50000,8577.71289
1212.00000,8560.67383
1212.50000,8541.29980
1213.00000,8524.37988
1213.50000,8513.07715
1214.00000,8505.72754
1214.50000,8495.32910
1215.00000,8474.94922
1215.50000,8440.76270
1216.00000,8396.00098
1216.50000,8350.05664
1217.00000,8311.01465
1217.50000,8279.89844
1218.00000,8252.20605
1218.50000,8221.17285
1219.00000,8184.72461
1219.50000,8146.02002
1220.00000,8112.71631
1220.50000,8089.80322
1221.00000,8079.16113
1221.50000,8074.07080
1222.00000,8067.16260
1222.50000,8052.02686
1223.00000,8029.76123
1223.50000,8004.09277
1224.00000,7980.71826
1224.50000,7962.48975
1225.00000,7949.77393
1225.50000,7939.07031
1226.00000,7927.74561
1226.50000,7915.10254
1227.00000,7903.14600
1227.50000,7894.51855
1228.00000,7889.48535
1228.50000,7884.88721
1229.00000,7875.22607
1229.50000,7858.13672
1230.00000,7835.38232
1230.50000,7814.25684
1231.00000,7802.93262
1231.50000,7807.87402
1232.00000,7827.05078
1232.50000,7852.42236
1233.00000,7874.80176
1233.50000,7889.29688
1234.00000,7895.99707
1234.50000,7898.53271
1235.00000,7901.11475
1235.50000,7904.69189
1236.00000,7907.84082
1236.50000,7909.40527
1237.00000,7909.82178
1237.50000,7911.16260
1238.00000,7914.39648
1238.50000,7918.02686
1239.00000,7919.34375
1239.50000,7916.61768
1240.00000,7911.74951
1240.50000,7908.06055
1241.00000,7908.63281
1241.50000,7911.80908
1242.00000,7914.08594
1242.50000,7911.66211
1243.00000,7904.80908
1243.50000,7896.81348
1244.00000,7892.66504
1244.50000,7894.76172
1245.00000,7903.04492
1245.50000,7912.99072
1246.00000,7921.60156
1246.50000,7928.11670
1247.00000,7934.39063
1247.50000,7942.76904
1248.00000,7953.55176
1248.50000,7965.18115
1249.00000,7975.45264
1249.50000,7984.16943
1250.00000,7993.11279
1250.50000,8005.41211
1251.00000,8022.65234
1251.50000,8045.23975
1252.00000,8069.99219
1252.50000,8093.77734
1253.00000,8113.90527
1253.50000,8130.74609
1254.00000,8145.69287
1254.50000,8161.15479
1255.00000,8178.61279
1255.50000,8198.60645
1256.00000,8219.58008
1256.50000,8239.66211
1257.00000,8256.76270
1257.50000,8270.66504
1258.00000,8282.18750
1258.50000,8293.85938
1259.00000,8307.78516
1259.50000,8324.97656
1260.00000,8342.80859
1260.50000,8357.20801
1261.00000,8363.34180
1261.50000,8361.21191
1262.00000,8353.31445
1262.50000,8346.46191
1263.00000,8346.28906
1263.50000,8357.01855
1264.00000,8374.23047
1264.50000,8391.99219
1265.00000,8402.91992
1265.50000,8404.13965
1266.00000,8394.77148
1266.50000,8379.12988
1267.00000,8362.16016
1267.50000,8348.71777
1268.00000,8340.67871
1268.50000,8338.85352
1269.00000,8341.95996
1269.50000,8346.63770
1270.00000,8349.80273
1270.50000,8350.08398
1271.00000,8348.66699
1271.50000,8349.14941
1272.00000,8354.53418
1272.50000,8366.28418
1273.00000,8382.45605
1273.50000,8398.67383
1274.00000,8410.43066
1274.50000,8415.83496
1275.00000,8414.89551
1275.50000,8407.85156
1276.00000,8397.63379
1276.50000,8386.65234
1277.00000,8378.55664
1277.50000,8376.10938
1278.00000,8381.29492
1278.50000,8390.29297
1279.00000,8397.15625
1279.50000,8394.41602
1280.00000,8381.52539
1280.50000,8362.09961
1281.00000,8345.34082
1281.50000,8338.36719
1282.00000,8344.80469
1282.50000,8357.18164
1283.00000,8366.15137
1283.50000,8362.39941
1284.00000,8346.76758
1284.50000,8325.38574
1285.00000,8308.39063
1285.50000,8301.50781
1286.00000,8306.50977
1286.50000,8315.89160
1287.00000,8322.36328
1287.50000,8319.66504
1288.00000,8308.13867
1288.50000,8289.56641
1289.00000,8267.82422
1289.50000,8245.02246
1290.00000,8220.90430
1290.50000,8194.95215
1291.00000,8167.25879
1291.50000,8139.45752
1292.00000,8113.68848
1292.50000,8091.55029
1293.00000,8072.60352
1293.50000,8055.75537
1294.00000,8040.75439
1294.50000,8027.42920
1295.00000,8016.16064
1295.50000,8006.47119
1296.00000,7996.80518
1296.50000,7985.81494
1297.00000,7973.94141
1297.50000,7963.30322
1298.00000,7957.64063
1298.50000,7957.63379
1299.00000,7962.44043
1299.50000,7968.51758
1300.00000,7972.24023
1300.50000,7971.55127
1301.00000,7967.64941
1301.50000,7962.35059
1302.00000,7956.92529
1302.50000,7951.45947
1303.00000,7945.16602
1303.50000,7937.33740
1304.00000,7928.11621
1304.50000,7917.92773
1305.00000,7907.73779
1305.50000,7898.47852
1306.00000,7891.60010
1306.50000,7887.77637
1307.00000,7887.77490
1307.50000,7890.97021
1308.00000,7895.56934
1308.50000,7900.10205
1309.00000,7903.81885
1309.50000,7906.60205
1310.00000,7907.99756
1310.50000,7907.22754
1311.00000,7902.65869
1311.50000,7893.96680
1312.00000,7882.81348
1312.50000,7872.03906
1313.00000,7864.10742
1313.50000,7859.70508
1314.00000,7857.82910
1314.50000,7856.61377
1315.00000,7856.08008
1315.50000,7857.71387
1316.00000,7862.56006
1316.50000,7870.32715
1317.00000,7877.62842
1317.50000,7881.34131
1318.00000,7880.07373
1318.50000,7876.48828
1319.00000,7874.39941
1319.50000,7876.37793
1320.00000,7881.56689
1320.50000,7886.10400
1321.00000,7885.79834
1321.50000,7878.41992
1322.00000,7865.39404
1322.50000,7851.87695
1323.00000,7842.67236
1323.50000,7839.34619
1324.00000,7840.10449
1324.50000,7840.93018
1325.00000,7838.05322
1325.50000,7830.35107
1326.00000,7820.78320
1326.50000,7814.57910
1327.00000,7817.17578
1327.50000,7828.26270
1328.00000,7843.56836
1328.50000,7855.70068
1329.00000,7859.62598
1329.50000,7854.20752
1330.00000,7843.45703
1330.50000,7832.98047
1331.00000,7826.78564
1331.50000,7824.82910
1332.00000,7825.35840
1332.50000,7826.41504
1333.00000,7826.87744
1333.50000,7826.43115
1334.00000,7824.82031
1334.50000,7821.81055
1335.00000,7817.38086
1335.50000,7813.09473
1336.00000,7810.94678
1336.50000,7812.38867
1337.00000,7815.90430
1337.50000,7818.95264
1338.00000,7819.09619
1338.50000,7816.28076
1339.00000,7812.32568
1339.50000,7810.17725
1340.00000,7811.35254
1340.50000,7815.48193
1341.00000,7820.07178
1341.50000,7822.87500
1342.00000,7822.81787
1342.50000,7820.20850
1343.00000,7815.44287
1343.50000,7809.61475
1344.00000,7803.54736
1344.50000,7798.77148
1345.00000,7796.89014
1345.50000,7800.16211
1346.00000,7809.18359
1346.50000,7823.12988
1347.00000,7841.07568
1347.50000,7860.22803
1348.00000,7878.83301
1348.50000,7895.43018
1349.00000,7909.58984
1349.50000,7920.72070
1350.00000,7928.90723
1350.50000,7934.28418
1351.00000,7936.67285
1351.50000,7937.42041
1352.00000,7937.65674
1352.50000,7938.58057
1353.00000,7940.42285
1353.50000,7942.41846
1354.00000,7943.19141
1354.50000,7941.98926
1355.00000,7938.94336
1355.50000,7935.64697
1356.00000,7932.85352
1356.50000,7929.70801
1357.00000,7924.37061
1357.50000,7914.78516
1358.00000,7902.06104
1358.50000,7889.06787
1359.00000,7879.86572
1359.50000,7875.44336
1360.00000,7874.43799
1360.50000,7872.78613
1361.00000,7867.55176
1361.50000,7858.29346
1362.00000,7849.29785
1362.50000,7844.67822
1363.00000,7847.16797
1363.50000,7854.04297
1364.00000,7861.32617
1364.50000,7864.84375
1365.00000,7863.51563
1365.50000,7858.10254
1366.00000,7851.87939
1366.50000,7846.70703
1367.00000,7842.99512
1367.50000,7839.74854
1368.00000,7836.70947
1368.50000,7835.05566
1369.00000,7836.47900
1369.50000,7842.93652
1370.00000,7852.68311
1370.50000,7862.90967
1371.00000,7869.82520
1371.50000,7872.10791
1372.00000,7870.33252
1372.50000,7867.95703
1373.00000,7867.93213
1373.50000,7871.97998
1374.00000,7877.39307
1374.50000,7881.05908
1375.00000,7880.34912
1375.50000,7875.80078
1376.00000,7869.25195
1376.50000,7863.58887
1377.00000,7860.21143
1377.50000,7859.22070
1378.00000,7858.71924
1378.50000,7857.25977
1379.00000,7854.16846
1379.50000,7850.16602
1380.00000,7846.59424
1380.50000,7844.85791
1381.00000,7846.04150
1381.50000,7851.70996
1382.00000,7861.47070
1382.50000,7875.26074
1383.00000,7891.96289
1383.50000,7909.86621
1384.00000,7927.62939
1384.50000,7944.15234
1385.00000,7958.35400
1385.50000,7968.33545
1386.00000,7973.61914
1386.50000,7973.71924
1387.00000,7970.56396
1387.50000,7967.56006
1388.00000,7968.19629
1388.50000,7972.80957
1389.00000,7979.31396
1389.50000,7983.70605
1390.00000,7983.74316
1390.50000,7979.48779
1391.00000,7974.26807
1391.50000,7970.89404
1392.00000,7969.76563
1392.50000,7968.08203
1393.00000,7963.23389
1393.50000,7954.59521
1394.00000,7945.38525
1394.50000,7939.68506
1395.00000,7939.50391
1395.50000,7943.21582
1396.00000,7947.25684
1396.50000,7948.38232
1397.00000,7946.16895
1397.50000,7942.01611
1398.00000,7937.44824
1398.50000,7931.87842
1399.00000,7923.71289
1399.50000,7912.45410
1400.00000,7899.74854
1400.50000,7889.80713
1401.00000,7886.34277
1401.50000,7890.52441
1402.00000,7898.20654
1402.50000,7903.81201
1403.00000,7903.41211
1403.50000,7896.88135
1404.00000,7886.69922
1404.50000,7878.04883
1405.00000,7874.50830
1405.50000,7877.19287
1406.00000,7883.45117
1406.50000,7889.55859
1407.00000,7891.45605
1407.50000,7887.17188
1408.00000,7876.25000
1408.50000,7862.71729
1409.00000,7851.00244
1409.50000,7845.79150
1410.00000,7848.12061
1410.50000,7856.56006
1411.00000,7864.68457
1411.50000,7866.62695
1412.00000,7858.16260
1412.50000,7843.92480
1413.00000,7831.66895
1413.50000,7829.15625
1414.00000,7837.56396
1414.50000,7853.83643
1415.00000,7869.36670
1415.50000,7878.48291
1416.00000,7879.25244
1416.50000,7876.30127
1417.00000,7873.84375
1417.50000,7874.01514
1418.00000,7875.56641
1418.50000,7876.76514
1419.00000,7877.79102
1419.50000,7880.41211
1420.00000,7886.33545
1420.50000,7894.17041
1421.00000,7900.80078
1421.50000,7903.10107
1422.00000,7900.62012
1422.50000,7894.41504
1423.00000,7887.67871
1423.50000,7882.07666
1424.00000,7878.62793
1424.50000,7877.93115
1425.00000,7881.82031
1425.50000,7890.76709
1426.00000,7903.12207
1426.50000,7915.30322
1427.00000,7923.87695
1427.50000,7928.22070
1428.00000,7932.03174
1428.50000,7940.26465
1429.00000,7955.83350
1429.50000,7975.49121
1430.00000,7993.32178
1430.50000,8002.00732
1431.00000,8001.32861
1431.50000,7993.96533
1432.00000,7986.55127
1432.50000,7985.01660
1433.00000,7993.52148
1433.50000,8009.79297
1434.00000,8030.12451
1434.50000,8050.61084
1435.00000,8068.70068
1435.50000,8083.66357
1436.00000,8096.21777
1436.50000,8107.45117
1437.00000,8117.19727
1437.50000,8125.06836
1438.00000,8131.30469
1438.50000,8138.07324
1439.00000,8148.40430
1439.50000,8164.97949
1440.00000,8187.31787
1440.50000,8211.52148
1441.00000,8232.38770
1441.50000,8246.95313
1442.00000,8255.09180
1442.50000,8258.83496
1443.00000,8262.09277
1443.50000,8266.69629
1444.00000,8272.78809
1444.50000,8279.46191
1445.00000,8285.53906
1445.50000,8290.06543
1446.00000,8292.32031
1446.50000,8292.07129
1447.00000,8290.66895
1447.50000,8289.55371
1448.00000,8288.96777
1448.50000,8287.08398
1449.00000,8279.92773
1449.50000,8266.70215
1450.00000,8249.47363
1450.50000,8234.30664
1451.00000,8226.41309
1451.50000,8227.93750
1452.00000,8233.49023
1452.50000,8235.43848
1453.00000,8227.40430
1453.50000,8212.52637
1454.00000,8196.70508
1454.50000,8187.20947
1455.00000,8185.86572
1455.50000,8190.82422
1456.00000,8195.88574
1456.50000,8196.37109
1457.00000,8189.55859
1457.50000,8179.43066
1458.00000,8170.24854
1458.50000,8166.42871
1459.00000,8168.62061
1459.50000,8174.81641
1460.00000,8179.21240
1460.50000,8177.14990
1461.00000,8166.35986
1461.50000,8153.22314
1462.00000,8145.92236
1462.50000,8149.95361
1463.00000,8162.09668
1463.50000,8174.13135
1464.00000,8177.46240
1464.50000,8170.32715
1465.00000,8158.47021
1465.50000,8152.57031
1466.00000,8159.86768
1466.50000,8177.04248
1467.00000,8194.85449
1467.50000,8204.96680
1468.00000,8207.11133
1468.50000,8205.88281
1469.00000,8207.54980
1469.50000,8213.91895
1470.00000,8223.02734
1470.50000,8231.03906
1471.00000,8237.18066
1471.50000,8244.09277
1472.00000,8254.59082
1472.50000,8268.96680
1473.00000,8284.32910
1473.50000,8296.66211
1474.00000,8303.44238
1474.50000,8305.90918
1475.00000,8307.50391
1475.50000,8311.90234
1476.00000,8320.06348
1476.50000,8331.56836
1477.00000,8344.80176
1477.50000,8357.60352
1478.00000,8368.38281
1478.50000,8376.97070
1479.00000,8384.64746
1479.50000,8394.22461
1480.00000,8407.49707
1480.50000,8425.05664
1481.00000,8445.50488
1481.50000,8465.95508
1482.00000,8484.11133
1482.50000,8499.69141
1483.00000,8514.21191
1483.50000,8530.89941
1484.00000,8552.54980
1484.50000,8581.41504
1485.00000,8618.15625
1485.50000,8659.93457
1486.00000,8702.83203
1486.50000,8741.69629
1487.00000,8773.47461
1487.50000,8796.92090
1488.00000,8817.09473
1488.50000,8839.25684
1489.00000,8867.42188
1489.50000,8901.43750
1490.00000,8940.32617
1490.50000,8982.06836
1491.00000,9026.87500
1491.50000,9077.33496
1492.00000,9133.87793
1492.50000,9195.91602
1493.00000,9259.88086
1493.50000,9322.90234
1494.00000,9384.70996
1494.50000,9448.05859
1495.00000,9516.08105
1495.50000,9591.06738
1496.00000,9670.65039
1496.50000,9752.75879
1497.00000,9837.04297
1497.50000,9926.82031
1498.00000,10030.76270
1498.50000,10152.40234
1499.00000,10292.36133
1499.50000,10446.63672
1500.00000,10605.07422
1500.50000,10761.73633
1501.00000,10916.79395
1501.50000,11076.25488
1502.00000,11250.24219
1502.50000,11441.28809
1503.00000,11649.26855
1503.50000,11870.92188
1504.00000,12100.12891
1504.50000,12336.43262
1505.00000,12581.19141
1505.50000,12834.85547
1506.00000,13097.62695
1506.50000,13364.11426
1507.00000,13630.06152
1507.50000,13891.91211
1508.00000,14148.92285
1508.50000,14399.59375
1509.00000,14642.14063
1509.50000,14874.13379
1510.00000,15089.47754
1510.50000,15289.09375
1511.00000,15471.63574
1511.50000,15637.24805
1512.00000,15789.13574
1512.50000,15925.82129
1513.00000,16047.29297
1513.50000,16151.45801
1514.00000,16228.43457
1514.50000,16275.12012
1515.00000,16282.10547
1515.50000,16245.52148
1516.00000,16174.06445
1516.50000,16072.43457
1517.00000,15953.16211
1517.50000,15822.11328
1518.00000,15677.35547
1518.50000,15518.15723
1519.00000,15341.78223
1519.50000,15150.48242
1520.00000,14950.22656
1520.50000,14743.39453
1521.00000,14530.07813
1521.50000,14306.52148
1522.00000,14067.45313
1522.50000,13815.59082
1523.00000,13555.18848
1523.50000,13295.07324
1524.00000,13042.70996
1524.50000,12805.08203
1525.00000,12581.07715
1525.50000,12366.99512
1526.00000,12156.38867
1526.50000,11941.94434
1527.00000,11717.60645
1527.50000,11482.08691
1528.00000,11239.90430
1528.50000,11000.44531
1529.00000,10774.90918
1529.50000,10571.19531
1530.00000,10391.91895
1530.50000,10228.04883
1531.00000,10071.92676
1531.50000,9916.07520
1532.00000,9759.25293
1532.50000,9607.08887
1533.00000,9466.51660
1533.50000,9342.24121
1534.00000,9234.21484
1534.50000,9135.22949
1535.00000,9039.89453
1535.50000,8944.60449
1536.00000,8850.27637
1536.50000,8762.42090
1537.00000,8684.58008
1537.50000,8618.52539
1538.00000,8563.50684
1538.50000,8516.08008
1539.00000,8476.19141
1539.50000,8443.51855
1540.00000,8417.76855
1540.50000,8397.24512
1541.00000,8375.17383
1541.50000,8345.15430
1542.00000,8303.64453
1542.50000,8253.91699
1543.00000,8201.94727
1543.50000,8155.26904
1544.00000,8117.93701
1544.50000,8092.28369
1545.00000,8073.36816
1545.50000,8058.95703
1546.00000,8046.99121
1546.50000,8035.87598
1547.00000,8024.10938
1547.50000,8010.45557
1548.00000,7994.65088
1548.50000,7978.06250
1549.00000,7962.90039
1549.50000,7950.54004
1550.00000,7940.57959
1550.50000,7931.51807
1551.00000,7922.39893
1551.50000,7913.48682
1552.00000,7905.90576
1552.50000,7900.43604
1553.00000,7895.97705
1553.50000,7890.61621
1554.00000,7882.33691
1554.50000,7870.48096
1555.00000,7854.91357
1555.50000,7837.71484
1556.00000,7820.62354
1556.50000,7804.84473
1557.00000,7790.23730
1557.50000,7776.48096
1558.00000,7763.69434
1558.50000,7753.07373
1559.00000,7747.86475
1559.50000,7748.81396
1560.00000,7754.77588
1560.50000,7762.41064
1561.00000,7768.02490
1561.50000,7769.43066
1562.00000,7767.22070
1562.50000,7762.65430
1563.00000,7755.17090
1563.50000,7744.54492
1564.00000,7730.76465
1564.50000,7716.37793
1565.00000,7705.11182
1565.50000,7700.13672
1566.00000,7700.26855
1566.50000,7702.34570
1567.00000,7703.77393
1567.50000,7705.18408
1568.00000,7708.82031
1568.50000,7715.60400
1569.00000,7722.86621
1569.50000,7725.50146
1570.00000,7720.45117
1570.50000,7709.05908
1571.00000,7696.28271
1571.50000,7687.56348
1572.00000,7686.10742
1572.50000,7691.60156
1573.00000,7700.68994
1573.50000,7709.71582
1574.00000,7715.47266
1574.50000,7717.10254
1575.00000,7715.67090
1575.50000,7714.62939
1576.00000,7716.70215
1576.50000,7722.00635
1577.00000,7727.66016
1577.50000,7729.80273
1578.00000,7728.46924
1578.50000,7726.34277
1579.00000,7727.03076
1579.50000,7730.43018
1580.00000,7732.79492
1580.50000,7728.55371
1581.00000,7715.93115
1581.50000,7696.94580
1582.00000,7677.83496
1582.50000,7662.90723
1583.00000,7654.88135
1583.50000,7652.86523
1584.00000,7656.53076
1584.50000,7662.98828
1585.00000,7667.69971
1585.50000,7664.14160
1586.00000,7650.95313
1586.50000,7630.15723
1587.00000,7608.57520
1587.50000,7592.91846
1588.00000,7585.57178
1588.50000,7581.88135
1589.00000,7577.08496
1589.50000,7568.68213
1590.00000,7558.62305
1590.50000,7548.40771
1591.00000,7537.34473
1591.50000,7523.72266
1592.00000,7508.07178
1592.50000,7495.03760
1593.00000,7489.16357
1593.50000,7492.68994
1594.00000,7498.71143
1594.50000,7498.52197
1595.00000,7486.68408
1595.50000,7466.90527
1596.00000,7445.88477
1596.50000,7430.15771
1597.00000,7421.46387
1597.50000,7418.83252
1598.00000,7418.60303
1598.50000,7419.51953
1599.00000,7420.88037
1599.50000,7421.35254
1600.00000,7418.48535
1600.50000,7411.81201
1601.00000,7403.16260
1601.50000,7396.75977
1602.00000,7394.39893
1602.50000,7394.68652
1603.00000,7393.19678
1603.50000,7387.00586
1604.00000,7376.17236
1604.50000,7365.97168
1605.00000,7361.13623
1605.50000,7362.91846
1606.00000,7366.39063
1606.50000,7365.61621
1607.00000,7357.14697
1607.50000,7342.93164
1608.00000,7328.25684
1608.50000,7318.30859
1609.00000,7314.05615
1609.50000,7313.00977
1610.00000,7311.21582
1610.50000,7307.10791
1611.00000,7302.33838
1611.50000,7299.40576
1612.00000,7299.23291
1612.50000,7299.23242
1613.00000,7296.52441
1613.50000,7289.39111
1614.00000,7279.53711
1614.50000,7269.53516
1615.00000,7261.42334
1615.50000,7255.13086
1616.00000,7249.91309
1616.50000,7244.80518
1617.00000,7239.50342
1617.50000,7233.51172
1618.00000,7226.06738
1618.50000,7216.51074
1619.00000,7205.95313
1619.50000,7196.45361
1620.00000,7190.67041
1620.50000,7188.42773
1621.00000,7188.62256
1621.50000,7189.34863
1622.00000,7190.06641
1622.50000,7191.59033
1623.00000,7194.11963
1623.50000,7196.33203
1624.00000,7195.15723
1624.50000,7189.58984
1625.00000,7181.03369
1625.50000,7172.90479
1626.00000,7167.22559
1626.50000,7163.20264
1627.00000,7157.20313
1627.50000,7146.41064
1628.00000,7131.89893
1628.50000,7119.19189
1629.00000,7113.70166
1629.50000,7117.08008
1630.00000,7125.52051
1630.50000,7132.92969
1631.00000,7134.44336
1631.50000,7129.70166
1632.00000,7120.90967
1632.50000,7111.76367
1633.00000,7104.01709
1633.50000,7098.02686
1634.00000,7093.87598
1634.50000,7092.91992
1635.00000,7095.30322
1635.50000,7099.83252
1636.00000,7102.62109
1636.50000,7099.66504
1637.00000,7087.42725
1637.50000,7068.40332
1638.00000,7047.74170
1638.50000,7031.34131
1639.00000,7021.95410
1639.50000,7020.63232
1640.00000,7026.75977
1640.50000,7036.79346
1641.00000,7047.46924
1641.50000,7055.25635
1642.00000,7058.00684
1642.50000,7054.02734
1643.00000,7046.17529
1643.50000,7037.07129
1644.00000,7028.54834
1644.50000,7020.06055
1645.00000,7009.88428
1645.50000,6997.74219
1646.00000,6985.75684
1646.50000,6979.51953
1647.00000,6981.28418
1647.50000,6991.50293
1648.00000,7006.42188
1648.50000,7019.96680
1649.00000,7026.01221
1649.50000,7022.40479
1650.00000,7011.24072
1650.50000,6996.58496
1651.00000,6983.97119
1651.50000,6976.84766
1652.00000,6975.39844
1652.50000,6976.03125
1653.00000,6974.14258
1653.50000,6967.86572
1654.00000,6958.50684
1654.50000,6949.90039
1655.00000,6945.40039
1655.50000,6946.47412
1656.00000,6950.44141
1656.50000,6953.68262
1657.00000,6953.77197
1657.50000,6951.65137
1658.00000,6949.78613
1658.50000,6951.58984
1659.00000,6957.50000
1659.50000,6965.94922
1660.00000,6973.08740
1660.50000,6975.43164
1661.00000,6969.41602
1661.50000,6956.41846
1662.00000,6939.38916
1662.50000,6922.34863
1663.00000,6907.91650
1663.50000,6897.29785
1664.00000,6890.06592
1664.50000,6885.86816
1665.00000,6885.88574
1665.50000,6889.92236
1666.00000,6897.35107
1666.50000,6905.54688
1667.00000,6910.98682
1667.50000,6909.94238
1668.00000,6902.21143
1668.50000,6889.82520
1669.00000,6875.22168
1669.50000,6862.03125
1670.00000,6853.44775
1670.50000,6852.72363
1671.00000,6859.04834
1671.50000,6870.23779
1672.00000,6881.00000
1672.50000,6887.01221
1673.00000,6885.05469
1673.50000,6878.45801
1674.00000,6871.57666
1674.50000,6868.01172
1675.00000,6867.63281
1675.50000,6868.39160
1676.00000,6867.66650
1676.50000,6864.69336
1677.00000,6860.06934
1677.50000,6854.52783
1678.00000,6847.09131
1678.50000,6836.36768
1679.00000,6822.79199
1679.50000,6809.09668
1680.00000,6799.22168
1680.50000,6795.26074
1681.00000,6797.69727
1681.50000,6803.43164
1682.00000,6810.74902
1682.50000,6818.77979
1683.00000,6827.07910
1683.50000,6833.96289
1684.00000,6836.98291
1684.50000,6834.34961
1685.00000,6826.57568
1685.50000,6818.94092
1686.00000,6816.17188
1686.50000,6819.09326
1687.00000,6823.79395
1687.50000,6823.63965
1688.00000,6815.28369
1688.50000,6800.73877
1689.00000,6786.38086
1689.50000,6777.96045
1690.00000,6778.28467
1690.50000,6784.29248
1691.00000,6790.26367
1691.50000,6790.66016
1692.00000,6785.02441
1692.50000,6775.00000
1693.00000,6764.51855
1693.50000,6757.97900
1694.00000,6759.13965
1694.50000,6767.61768
1695.00000,6780.39600
1695.50000,6792.63867
1696.00000,6799.64746
1696.50000,6798.01074
1697.00000,6788.23145
1697.50000,6774.24902
1698.00000,6759.21045
1698.50000,6745.98682
1699.00000,6736.14697
1699.50000,6731.87354
1700.00000,6732.10547
1700.50000,6735.91797
1701.00000,6740.59326
1701.50000,6743.08936
1702.00000,6740.81543
1702.50000,6734.70020
1703.00000,6727.15967
1703.50000,6720.69434
1704.00000,6716.38135
1704.50000,6714.58301
1705.00000,6715.34375
1705.50000,6718.22559
1706.00000,6722.84180
1706.50000,6727.16064
1707.00000,6728.70947
1707.50000,6724.89258
1708.00000,6717.42676
1708.50000,6709.85059
1709.00000,6705.85986
1709.50000,6706.02539
1710.00000,6708.23438
1710.50000,6708.16162
1711.00000,6704.01611
1711.50000,6697.35547
1712.00000,6692.14502
1712.50000,6691.04004
1713.00000,6692.92090
1713.50000,6693.61914
1714.00000,6688.61621
1714.50000,6678.25244
1715.00000,6665.24854
1715.50000,6654.07422
1716.00000,6647.47900
1716.50000,6646.00049
1717.00000,6647.98096
1717.50000,6651.85059
1718.00000,6656.77441
1718.50000,6661.07373
1719.00000,6662.16553
1719.50000,6657.08252
1720.00000,6646.27051
1720.50000,6632.22461
1721.00000,6620.68359
1721.50000,6616.27783
1722.00000,6621.24512
1722.50000,6630.76807
1723.00000,6640.52002
1723.50000,6647.09814
1724.00000,6650.94043
1724.50000,6654.54980
1725.00000,6659.63623
1725.50000,6664.99365
1726.00000,6666.19922
1726.50000,6660.12451
1727.00000,6645.68359
1727.50000,6627.20410
1728.00000,6611.20459
1728.50000,6603.91748
1729.00000,6606.27197
1729.50000,6615.30859
1730.00000,6625.16064
1730.50000,6631.16113
1731.00000,6631.61084
1731.50000,6627.87793
1732.00000,6623.01123
1732.50000,6619.36426
1733.00000,6617.71582
1733.50000,6618.12744
1734.00000,6620.64600
1734.50000,6624.10449
1735.00000,6626.43604
1735.50000,6624.99658
1736.00000,6618.91455
1736.50000,6608.69189
1737.00000,6598.12988
1737.50000,6591.05859
1738.00000,6590.18896
1738.50000,6594.36230
1739.00000,6602.51416
1739.50000,6612.37891
1740.00000,6621.08350
