280.00000,3436.33643
280.50000,3437.00415
281.00000,3442.18579
281.50000,3451.23755
282.00000,3460.82324
282.50000,3467.65894
283.00000,3468.03906
283.50000,3463.37427
284.00000,3456.41479
284.50000,3450.84937
285.00000,3449.04102
285.50000,3452.40161
286.00000,3458.64111
286.50000,3464.39282
287.00000,3466.67651
287.50000,3465.37451
288.00000,3461.34277
288.50000,3457.02222
289.00000,3454.90698
289.50000,3456.48193
290.00000,3460.48438
290.50000,3465.56958
291.00000,3470.28809
291.50000,3473.91626
292.00000,3476.31177
292.50000,3478.09155
293.00000,3479.60132
293.50000,3480.62402
294.00000,3480.92139
294.50000,3480.34399
295.00000,3479.29736
295.50000,3478.92725
296.00000,3480.37549
296.50000,3483.90991
297.00000,3488.89404
297.50000,3493.97583
298.00000,3497.09326
298.50000,3496.54297
299.00000,3491.80273
299.50000,3484.17773
300.00000,3475.14038
300.50000,3466.99268
301.00000,3461.74902
301.50000,3461.53882
302.00000,3465.01685
302.50000,3471.07080
303.00000,3477.63916
303.50000,3482.71680
304.00000,3484.44336
304.50000,3482.91309
305.00000,3479.78198
305.50000,3476.92969
306.00000,3475.82446
306.50000,3477.21289
307.00000,3480.59546
307.50000,3484.20483
308.00000,3486.29150
308.50000,3486.42456
309.00000,3485.05493
309.50000,3483.25562
310.00000,3482.33350
310.50000,3483.08350
311.00000,3484.89771
311.50000,3486.66895
312.00000,3487.31274
312.50000,3486.54468
313.00000,3484.66382
313.50000,3482.58911
314.00000,3481.31421
314.50000,3481.29565
315.00000,3482.40576
315.50000,3484.15161
316.00000,3486.08252
316.50000,3487.75684
317.00000,3488.93213
317.50000,3489.38599
318.00000,3489.12842
318.50000,3488.15527
319.00000,3486.85596
319.50000,3485.93091
320.00000,3486.52319
320.50000,3488.77490
321.00000,3492.44482
321.50000,3496.62866
322.00000,3500.05249
322.50000,3501.42139
323.00000,3500.31006
323.50000,3497.75439
324.00000,3494.96265
324.50000,3493.18042
325.00000,3493.15015
325.50000,3494.99878
326.00000,3497.75562
326.50000,3500.22681
327.00000,3501.61597
327.50000,3501.83594
328.00000,3501.27417
328.50000,3501.11035
329.00000,3502.76514
329.50000,3507.20947
330.00000,3513.64844
330.50000,3520.61865
331.00000,3525.69775
331.50000,3526.77954
332.00000,3521.21973
332.50000,3510.39771
333.00000,3497.10498
333.50000,3485.06152
334.00000,3477.02417
334.50000,3475.32349
335.00000,3478.90454
335.50000,3485.43286
336.00000,3491.59131
336.50000,3495.59204
337.00000,3496.91162
337.50000,3496.34741
338.00000,3495.26758
338.50000,3494.64844
339.00000,3494.46826
339.50000,3494.15820
340.00000,3493.23486
340.50000,3491.88013
341.00000,3490.67725
341.50000,3490.48047
342.00000,3491.69775
342.50000,3494.22876
343.00000,3497.32373
343.50000,3500.54321
344.00000,3503.73193
344.50000,3507.03516
345.00000,3510.68774
345.50000,3514.50098
346.00000,3518.00732
346.50000,3520.63696
347.00000,3522.43799
347.50000,3523.76074
348.00000,3525.29712
348.50000,3527.38208
349.00000,3529.40479
349.50000,3530.10547
350.00000,3528.51440
350.50000,3523.75977
351.00000,3517.29541
351.50000,3511.52100
352.00000,3509.62256
352.50000,3512.35840
353.00000,3519.57910
353.50000,3528.51147
354.00000,3536.05054
354.50000,3538.43433
355.00000,3535.60693
355.50000,3529.72974
356.00000,3524.36450
356.50000,3522.43311
357.00000,3526.09961
357.50000,3534.23999
358.00000,3543.99097
358.50000,3551.03394
359.00000,3553.55005
359.50000,3550.92871
360.00000,3544.51758
360.50000,3536.97778
361.00000,3530.76636
361.50000,3527.37842
362.00000,3526.67554
362.50000,3528.44385
363.00000,3531.70215
363.50000,3536.12720
364.00000,3541.25708
364.50000,3546.31494
365.00000,3549.90063
365.50000,3551.16602
366.00000,3549.84155
366.50000,3546.29663
367.00000,3542.22778
367.50000,3539.18457
368.00000,3538.12183
368.50000,3538.15015
369.00000,3537.57495
369.50000,3535.06592
370.00000,3530.24951
370.50000,3523.97534
371.00000,3518.51245
371.50000,3516.36011
372.00000,3518.00195
372.50000,3522.19531
373.00000,3527.18701
373.50000,3530.98291
374.00000,3532.58813
374.50000,3532.05103
375.00000,3530.96094
375.50000,3530.48389
376.00000,3530.88330
376.50000,3531.65747
377.00000,3531.90967
377.50000,3531.15942
378.00000,3529.51123
378.50000,3527.96265
379.00000,3527.28979
379.50000,3527.78174
380.00000,3528.77734
380.50000,3529.26636
381.00000,3527.85571
381.50000,3524.44409
382.00000,3519.75708
382.50000,3515.09912
383.00000,3511.48853
383.50000,3509.48779
384.00000,3508.51343
384.50000,3507.50610
385.00000,3505.14233
385.50000,3501.58936
386.00000,3497.63721
386.50000,3494.70825
387.00000,3493.76343
387.50000,3495.45142
388.00000,3498.75977
388.50000,3502.11523
389.00000,3504.15137
389.50000,3505.03442
390.00000,3505.69263
390.50000,3507.69995
391.00000,3511.98901
391.50000,3518.93262
392.00000,3526.48633
392.50000,3532.55713
393.00000,3535.13452
393.50000,3534.32397
394.00000,3530.56128
394.50000,3525.36011
395.00000,3520.21753
395.50000,3515.89478
396.00000,3512.23633
396.50000,3509.09644
397.00000,3506.64307
397.50000,3505.12183
398.00000,3505.00708
398.50000,3506.16821
399.00000,3507.64380
399.50000,3508.28809
400.00000,3507.67432
400.50000,3506.01367
401.00000,3504.25513
401.50000,3503.52393
402.00000,3504.76538
402.50000,3507.34399
403.00000,3510.19214
403.50000,3512.28638
404.00000,3513.44849
404.50000,3514.06763
405.00000,3515.04907
405.50000,3517.00806
406.00000,3519.72168
406.50000,3522.10229
407.00000,3523.12134
407.50000,3521.54688
408.00000,3517.71143
408.50000,3512.02222
409.00000,3505.52588
409.50000,3499.50732
410.00000,3495.06396
410.50000,3492.81299
411.00000,3493.04321
411.50000,3496.26953
412.00000,3501.51831
412.50000,3507.92993
413.00000,3514.07422
413.50000,3519.19165
414.00000,3523.01929
414.50000,3526.20728
415.00000,3529.51978
415.50000,3533.63892
416.00000,3538.34619
416.50000,3542.81323
417.00000,3546.10034
417.50000,3547.93970
418.00000,3548.32788
418.50000,3548.05249
419.00000,3547.74512
419.50000,3547.77393
420.00000,3547.94116
420.50000,3548.02954
421.00000,3548.10547
421.50000,3548.50317
422.00000,3549.75049
422.50000,3551.84204
423.00000,3554.32129
423.50000,3556.13037
424.00000,3556.74292
424.50000,3556.14087
425.00000,3555.13452
425.50000,3554.67310
426.00000,3555.56934
426.50000,3557.44287
427.00000,3559.29883
427.50000,3560.06885
428.00000,3559.83057
428.50000,3559.42554
429.00000,3560.27515
429.50000,3563.25903
430.00000,3568.77393
430.50000,3574.97437
431.00000,3579.77710
431.50000,3581.54102
432.00000,3580.47900
432.50000,3577.20801
433.00000,3573.22412
433.50000,3569.47461
434.00000,3566.03613
434.50000,3562.16553
435.00000,3557.55591
435.50000,3552.86768
436.00000,3549.47656
436.50000,3549.23462
437.00000,3552.56177
437.50000,3558.41089
438.00000,3563.89941
438.50000,3566.39697
439.00000,3564.50659
439.50000,3558.80908
440.00000,3551.87305
440.50000,3546.60840
441.00000,3544.98364
441.50000,3547.10352
442.00000,3551.30762
442.50000,3555.02808
443.00000,3556.64551
443.50000,3555.69604
444.00000,3553.16479
444.50000,3550.41846
445.00000,3548.93457
445.50000,3549.25049
446.00000,3551.23438
446.50000,3553.83301
447.00000,3556.04321
447.50000,3556.78223
448.00000,3555.44751
448.50000,3551.21045
449.00000,3544.74951
449.50000,3537.35815
450.00000,3530.72754
450.50000,3526.14502
451.00000,3524.56616
451.50000,3525.60864
452.00000,3527.88354
452.50000,3529.56177
453.00000,3529.60693
453.50000,3528.15015
454.00000,3526.20386
454.50000,3525.07617
455.00000,3525.69458
455.50000,3527.85791
456.00000,3530.48291
456.50000,3531.90332
457.00000,3531.56665
457.50000,3529.59839
458.00000,3526.76489
458.50000,3524.04175
459.00000,3521.91235
459.50000,3520.13843
460.00000,3518.05054
460.50000,3515.01782
461.00000,3511.43164
461.50000,3508.04419
462.00000,3505.89355
462.50000,3505.40332
463.00000,3506.75562
463.50000,3509.18774
464.00000,3511.84155
464.50000,3514.13696
465.00000,3516.08521
465.50000,3517.75415
466.00000,3519.01660
466.50000,3519.49438
467.00000,3518.31909
467.50000,3515.10547
468.00000,3510.20703
468.50000,3504.68481
469.00000,3499.79932
469.50000,3496.23804
470.00000,3493.77197
470.50000,3491.34131
471.00000,3487.59497
471.50000,3482.08374
472.00000,3475.69751
472.50000,3470.43359
473.00000,3467.81104
473.50000,3468.89282
474.00000,3473.13770
474.50000,3478.68628
475.00000,3483.29419
475.50000,3485.26514
476.00000,3484.36328
476.50000,3481.19653
477.00000,3477.37769
477.50000,3474.13232
478.00000,3472.34204
478.50000,3472.20581
479.00000,3474.00269
479.50000,3477.20898
480.00000,3481.28613
480.50000,3485.57910
481.00000,3489.30444
481.50000,3491.61426
482.00000,3492.07568
482.50000,3490.85010
483.00000,3488.31689
483.50000,3485.80200
484.00000,3484.37817
484.50000,3484.83911
485.00000,3486.94653
485.50000,3490.20728
486.00000,3493.43481
486.50000,3495.57251
487.00000,3495.41431
487.50000,3493.40234
488.00000,3490.44116
488.50000,3487.79321
489.00000,3486.29541
489.50000,3486.24854
490.00000,3486.81201
490.50000,3486.77930
491.00000,3484.48779
491.50000,3479.86304
492.00000,3473.50342
492.50000,3466.64258
493.00000,3460.47729
493.50000,3455.99097
494.00000,3453.40405
494.50000,3452.78271
495.00000,3454.87329
495.50000,3459.65088
496.00000,3467.20361
496.50000,3476.64478
497.00000,3486.09888
497.50000,3493.06909
498.00000,3496.00684
498.50000,3494.48071
499.00000,3489.06592
499.50000,3482.80029
500.00000,3477.98804
500.50000,3475.70020
501.00000,3475.34814
501.50000,3475.75269
502.00000,3475.41309
502.50000,3473.67065
503.00000,3470.77563
503.50000,3468.12939
504.00000,3466.99121
504.50000,3467.81079
505.00000,3470.12427
505.50000,3473.27393
506.00000,3476.31274
506.50000,3478.77441
507.00000,3480.54468
507.50000,3481.92700
508.00000,3482.96240
508.50000,3483.37231
509.00000,3482.77905
509.50000,3480.66138
510.00000,3477.53955
510.50000,3474.37476
511.00000,3472.91797
511.50000,3474.48169
512.00000,3479.63306
512.50000,3486.80493
513.00000,3493.71338
513.50000,3497.35718
514.00000,3496.79175
514.50000,3491.98047
515.00000,3484.69189
515.50000,3478.02319
516.00000,3474.60425
516.50000,3474.73071
517.00000,3477.29077
517.50000,3480.73975
518.00000,3483.49341
518.50000,3484.98462
519.00000,3485.53369
519.50000,3485.95288
520.00000,3486.59473
520.50000,3486.97437
521.00000,3486.33667
521.50000,3483.79883
522.00000,3479.68506
522.50000,3474.52271
523.00000,3469.30542
523.50000,3464.80957
524.00000,3461.60474
524.50000,3459.37622
525.00000,3457.80591
525.50000,3456.71631
526.00000,3455.89478
526.50000,3455.28906
527.00000,3454.83789
527.50000,3454.50610
528.00000,3454.41162
528.50000,3454.69287
529.00000,3455.37061
529.50000,3456.21655
530.00000,3456.72046
530.50000,3456.27832
531.00000,3454.59302
531.50000,3451.90991
532.00000,3448.66943
532.50000,3445.53125
533.00000,3442.60718
533.50000,3439.43970
534.00000,3435.53589
534.50000,3430.67749
535.00000,3425.50513
535.50000,3421.14136
536.00000,3419.23608
536.50000,3420.04590
537.00000,3422.91333
537.50000,3425.73169
538.00000,3426.48706
538.50000,3423.56616
539.00000,3417.23340
539.50000,3409.02466
540.00000,3401.18530
540.50000,3395.72729
541.00000,3394.00317
541.50000,3395.85962
542.00000,3399.35889
542.50000,3402.89478
543.00000,3405.18091
543.50000,3405.89673
544.00000,3405.23657
544.50000,3404.34302
545.00000,3404.08081
545.50000,3404.98462
546.00000,3406.64063
546.50000,3408.36426
547.00000,3409.43774
547.50000,3409.48682
548.00000,3408.24023
548.50000,3406.10229
549.00000,3403.30225
549.50000,3400.15991
550.00000,3397.04761
550.50000,3394.49121
551.00000,3392.95483
551.50000,3392.79346
552.00000,3394.26953
552.50000,3396.66553
553.00000,3399.10840
553.50000,3400.43896
554.00000,3400.00659
554.50000,3397.42896
555.00000,3393.98462
555.50000,3390.97192
556.00000,3389.86694
556.50000,3391.01172
557.00000,3394.42773
557.50000,3399.13428
558.00000,3403.84717
558.50000,3407.23438
559.00000,3408.75073
559.50000,3408.42285
560.00000,3406.40796
560.50000,3403.28760
561.00000,3399.20020
561.50000,3394.41016
562.00000,3389.28271
562.50000,3384.39160
563.00000,3380.36816
563.50000,3377.72583
564.00000,3376.37524
564.50000,3375.48169
565.00000,3374.26001
565.50000,3372.33057
566.00000,3370.04321
566.50000,3368.47583
567.00000,3368.53613
567.50000,3370.69702
568.00000,3374.34473
568.50000,3377.70288
569.00000,3379.24756
569.50000,3378.64551
570.00000,3376.58691
570.50000,3374.19678
571.00000,3372.46484
571.50000,3371.46948
572.00000,3370.32129
572.50000,3367.85400
573.00000,3363.40918
573.50000,3357.89038
574.00000,3352.63916
574.50000,3349.31616
575.00000,3348.34497
575.50000,3349.89526
576.00000,3353.51221
576.50000,3358.42188
577.00000,3364.34424
577.50000,3370.64014
578.00000,3376.51050
578.50000,3380.71338
579.00000,3382.75830
579.50000,3382.38599
580.00000,3380.32104
580.50000,3377.75171
581.00000,3375.45605
581.50000,3373.36841
582.00000,3370.76807
582.50000,3367.05396
583.00000,3362.93457
583.50000,3359.91821
584.00000,3359.58301
584.50000,3362.12939
585.00000,3366.66382
585.50000,3370.46899
586.00000,3371.21436
586.50000,3367.45093
587.00000,3361.37378
587.50000,3356.08228
588.00000,3354.42017
588.50000,3357.16089
589.00000,3364.08350
589.50000,3372.26367
590.00000,3379.23853
590.50000,3382.79517
591.00000,3382.70679
591.50000,3378.92725
592.00000,3373.04712
592.50000,3366.57544
593.00000,3361.16943
593.50000,3357.91431
594.00000,3357.56885
594.50000,3360.08594
595.00000,3364.00122
595.50000,3367.65845
596.00000,3369.42163
596.50000,3368.68994
597.00000,3365.35278
597.50000,3360.52783
598.00000,3354.66870
598.50000,3348.16748
599.00000,3341.55859
599.50000,3335.81543
600.00000,3332.14648
600.50000,3331.46899
601.00000,3334.48926
601.50000,3339.05298
602.00000,3342.90601
602.50000,3344.18066
603.00000,3343.01147
603.50000,3340.82739
604.00000,3340.14209
604.50000,3342.55273
605.00000,3348.51831
605.50000,3355.64331
606.00000,3361.05762
606.50000,3362.63989
607.00000,3360.68286
607.50000,3356.05029
608.00000,3350.68311
608.50000,3345.59448
609.00000,3341.09692
609.50000,3336.91064
610.00000,3333.10742
610.50000,3330.34155
611.00000,3329.52368
611.50000,3331.54858
612.00000,3335.46777
612.50000,3339.91333
613.00000,3342.95190
613.50000,3343.44507
614.00000,3340.54126
614.50000,3334.65747
615.00000,3326.92432
615.50000,3318.51147
616.00000,3311.01270
616.50000,3305.77393
617.00000,3303.95166
617.50000,3305.16309
618.00000,3308.79077
618.50000,3312.92578
619.00000,3315.70313
619.50000,3315.13452
620.00000,3311.49756
620.50000,3305.71948
621.00000,3299.97412
621.50000,3296.38257
622.00000,3296.35181
622.50000,3299.37866
623.00000,3303.99951
623.50000,3308.24658
624.00000,3310.53198
624.50000,3309.98950
625.00000,3306.91870
625.50000,3302.96021
626.00000,3300.00317
626.50000,3299.35938
627.00000,3300.74268
627.50000,3302.79224
628.00000,3303.38086
628.50000,3300.83130
629.00000,3294.78711
629.50000,3286.93164
630.00000,3279.83154
630.50000,3276.02930
631.00000,3276.79468
631.50000,3282.47900
632.00000,3289.99341
632.50000,3296.82129
633.00000,3300.95532
633.50000,3302.17627
634.00000,3300.94678
634.50000,3299.04810
635.00000,3297.68408
635.50000,3297.30273
636.00000,3296.98779
636.50000,3295.12524
637.00000,3290.26367
637.50000,3282.75610
638.00000,3273.92090
638.50000,3266.37573
639.00000,3262.25903
639.50000,3263.00806
640.00000,3267.05054
640.50000,3272.27393
641.00000,3275.96118
641.50000,3276.92163
642.00000,3275.45313
642.50000,3274.42065
643.00000,3276.08105
643.50000,3281.38086
644.00000,3288.36865
644.50000,3294.09155
645.00000,3295.72021
645.50000,3292.48486
646.00000,3284.73242
646.50000,3275.85596
647.00000,3268.50439
647.50000,3264.52002
648.00000,3262.96509
648.50000,3262.45752
649.00000,3261.65186
649.50000,3260.33691
650.00000,3259.25781
650.50000,3259.24756
651.00000,3260.57910
651.50000,3262.48779
652.00000,3263.59790
652.50000,3262.59570
653.00000,3259.67212
653.50000,3256.29053
654.00000,3254.60645
654.50000,3255.48291
655.00000,3258.73413
655.50000,3262.37671
656.00000,3263.77490
656.50000,3259.93286
657.00000,3250.47876
657.50000,3236.74292
658.00000,3221.68994
658.50000,3209.56885
659.00000,3203.73682
659.50000,3205.10718
660.00000,3211.56836
660.50000,3220.52661
661.00000,3228.39209
661.50000,3233.04297
662.00000,3233.44653
662.50000,3231.39551
663.00000,3228.83618
663.50000,3227.87183
664.00000,3229.33325
664.50000,3232.99268
665.00000,3237.02905
665.50000,3239.98804
666.00000,3240.79590
666.50000,3239.96143
667.00000,3238.49512
667.50000,3237.94116
668.00000,3239.22778
668.50000,3242.81519
669.00000,3247.40088
669.50000,3251.40771
670.00000,3252.93750
670.50000,3251.88818
671.00000,3248.76855
671.50000,3245.29028
672.00000,3243.01489
672.50000,3243.46240
673.00000,3246.39917
673.50000,3251.39355
674.00000,3257.54810
674.50000,3263.72803
675.00000,3268.87427
675.50000,3271.95068
676.00000,3272.20459
676.50000,3268.50220
677.00000,3261.87646
677.50000,3253.41626
678.00000,3245.06982
678.50000,3238.43311
679.00000,3234.52295
679.50000,3232.66455
680.00000,3231.66602
680.50000,3230.52441
681.00000,3229.21143
681.50000,3228.77051
682.00000,3230.40405
682.50000,3233.93115
683.00000,3238.14966
683.50000,3240.96338
684.00000,3241.04346
684.50000,3238.03931
685.00000,3234.09985
685.50000,3231.52661
686.00000,3232.02271
686.50000,3235.06128
687.00000,3238.65015
687.50000,3239.84375
688.00000,3237.20068
688.50000,3230.98364
689.00000,3224.03394
689.50000,3219.04443
690.00000,3217.71948
690.50000,3219.54395
691.00000,3223.02759
691.50000,3225.71509
692.00000,3226.21338
692.50000,3224.31689
693.00000,3221.76587
693.50000,3220.66113
694.00000,3222.29688
694.50000,3226.20386
695.00000,3230.93335
695.50000,3234.23853
696.00000,3234.50366
696.50000,3230.95679
697.00000,3225.05444
697.50000,3218.52612
698.00000,3213.36230
698.50000,3210.43945
699.00000,3209.95557
699.50000,3210.37769
700.00000,3210.50488
700.50000,3209.85791
701.00000,3209.16333
701.50000,3209.83130
702.00000,3212.95679
702.50000,3218.64136
703.00000,3226.40332
703.50000,3234.23608
704.00000,3240.34692
704.50000,3243.09692
705.00000,3242.30811
705.50000,3237.70996
706.00000,3230.46362
706.50000,3222.07227
707.00000,3214.31226
707.50000,3208.70825
708.00000,3206.62988
708.50000,3208.54492
709.00000,3213.18677
709.50000,3218.89966
710.00000,3223.42725
710.50000,3225.42627
711.00000,3224.29565
711.50000,3221.69287
712.00000,3219.38721
712.50000,3219.12061
713.00000,3221.03394
713.50000,3224.74268
714.00000,3228.99756
714.50000,3233.00928
715.00000,3236.28149
715.50000,3238.72925
716.00000,3239.84985
716.50000,3238.89697
717.00000,3235.45972
717.50000,3229.15649
718.00000,3221.48706
718.50000,3214.36523
719.00000,3210.16626
719.50000,3209.01904
720.00000,3210.14624
720.50000,3211.45532
721.00000,3211.35864
721.50000,3209.18384
722.00000,3206.29883
722.50000,3204.37891
723.00000,3204.91284
723.50000,3207.45532
724.00000,3210.64868
724.50000,3212.45410
725.00000,3211.83862
725.50000,3208.62134
726.00000,3204.86084
726.50000,3202.13428
727.00000,3201.36841
727.50000,3201.90112
728.00000,3202.59961
728.50000,3202.31299
729.00000,3200.80566
729.50000,3198.60547
730.00000,3196.95923
730.50000,3196.72046
731.00000,3197.93042
731.50000,3199.47168
732.00000,3199.79517
732.50000,3198.00659
733.00000,3194.54004
733.50000,3190.80176
734.00000,3188.60962
734.50000,3189.16797
735.00000,3192.31958
735.50000,3196.29150
736.00000,3198.86743
736.50000,3198.66553
737.00000,3195.76367
737.50000,3191.51123
738.00000,3188.36890
738.50000,3188.24390
739.00000,3191.67651
739.50000,3197.12573
740.00000,3202.60767
740.50000,3206.41333
741.00000,3207.85693
741.50000,3206.86475
742.00000,3204.66602
742.50000,3202.20166
743.00000,3200.37061
743.50000,3199.53931
744.00000,3199.79590
744.50000,3200.39258
745.00000,3200.38184
745.50000,3198.59814
746.00000,3194.97119
746.50000,3190.26563
747.00000,3186.36914
747.50000,3184.78564
748.00000,3186.65039
748.50000,3190.62036
749.00000,3194.91724
749.50000,3197.48608
750.00000,3197.73950
750.50000,3195.90234
751.00000,3193.22363
751.50000,3190.57764
752.00000,3187.95557
752.50000,3184.78394
753.00000,3180.82397
753.50000,3177.06030
754.00000,3175.23120
754.50000,3177.11304
755.00000,3182.39551
755.50000,3189.15625
756.00000,3194.47607
756.50000,3196.61523
757.00000,3195.20679
757.50000,3191.65576
758.00000,3188.20459
758.50000,3186.17310
759.00000,3185.13306
759.50000,3183.72998
760.00000,3180.42212
760.50000,3175.62329
761.00000,3170.96045
761.50000,3168.71875
762.00000,3169.57056
762.50000,3172.98315
763.00000,3176.41406
763.50000,3177.61694
764.00000,3174.84277
764.50000,3169.40015
765.00000,3163.20581
765.50000,3158.74561
766.00000,3157.10132
766.50000,3158.34644
767.00000,3160.58154
767.50000,3162.10278
768.00000,3161.76245
768.50000,3160.33423
769.00000,3159.27002
769.50000,3159.96460
770.00000,3162.62573
770.50000,3166.83569
771.00000,3171.24951
771.50000,3174.99243
772.00000,3177.61938
772.50000,3179.40894
773.00000,3180.28955
773.50000,3179.83423
774.00000,3177.53223
774.50000,3172.74927
775.00000,3166.67920
775.50000,3161.29224
776.00000,3159.64429
776.50000,3162.91284
777.00000,3171.30054
777.50000,3182.43530
778.00000,3193.29053
778.50000,3200.60181
779.00000,3203.42822
779.50000,3201.60205
780.00000,3195.94995
780.50000,3188.51465
781.00000,3180.73657
781.50000,3173.95117
782.00000,3168.91479
782.50000,3166.61914
783.00000,3166.75073
783.50000,3169.28247
784.00000,3173.91431
784.50000,3179.77783
785.00000,3186.18579
785.50000,3192.13403
786.00000,3196.65454
786.50000,3198.26318
787.00000,3196.91895
787.50000,3192.65356
788.00000,3186.50342
788.50000,3180.18970
789.00000,3175.41113
789.50000,3173.10645
790.00000,3173.48267
790.50000,3176.59619
791.00000,3181.18701
791.50000,3186.27124
792.00000,3190.55029
792.50000,3193.10254
793.00000,3193.25049
793.50000,3191.75244
794.00000,3189.75757
794.50000,3188.64307
795.00000,3188.84619
795.50000,3189.98560
796.00000,3190.82178
796.50000,3190.42749
797.00000,3188.59985
797.50000,3186.65527
798.00000,3186.12402
798.50000,3188.32104
799.00000,3192.50317
799.50000,3197.20996
800.00000,3200.48462
800.50000,3201.48389
801.00000,3200.25269
801.50000,3198.54468
802.00000,3197.60645
802.50000,3198.11621
803.00000,3199.56763
803.50000,3201.28174
804.00000,3202.53540
804.50000,3202.95605
805.00000,3202.00635
805.50000,3199.58423
806.00000,3195.47217
806.50000,3189.93726
807.00000,3184.31787
807.50000,3180.67847
808.00000,3180.92163
808.50000,3185.70117
809.00000,3195.15039
809.50000,3206.14819
810.00000,3215.53027
810.50000,3220.09009
811.00000,3219.19995
811.50000,3212.93311
812.00000,3204.14404
812.50000,3195.93604
813.00000,3191.79736
813.50000,3192.41431
814.00000,3197.56567
814.50000,3205.07202
815.00000,3211.88599
815.50000,3215.28467
816.00000,3214.70142
816.50000,3211.24414
817.00000,3207.26660
817.50000,3205.52222
818.00000,3207.92993
818.50000,3214.59692
819.00000,3223.26318
819.50000,3230.75781
820.00000,3234.40820
820.50000,3233.07397
821.00000,3226.88965
821.50000,3219.12183
822.00000,3212.97827
822.50000,3211.22046
823.00000,3214.16577
823.50000,3221.07544
824.00000,3228.77808
824.50000,3234.70337
825.00000,3236.89624
825.50000,3236.10815
826.00000,3233.69775
826.50000,3231.80322
827.00000,3231.75391
827.50000,3234.27734
828.00000,3238.31934
828.50000,3242.62866
829.00000,3245.82666
829.50000,3247.47607
830.00000,3247.68335
830.50000,3247.50122
831.00000,3248.04077
831.50000,3250.13159
832.00000,3252.99561
832.50000,3255.03491
833.00000,3253.98462
833.50000,3249.27612
834.00000,3241.53223
834.50000,3233.87891
835.00000,3229.55444
835.50000,3232.00464
836.00000,3239.88257
836.50000,3250.78198
837.00000,3260.73413
837.50000,3267.13403
838.00000,3269.05908
838.50000,3268.71313
839.00000,3268.66382
839.50000,3270.69531
840.00000,3274.06958
840.50000,3277.14624
841.00000,3277.96655
841.50000,3276.14429
842.00000,3272.31714
842.50000,3268.65723
843.00000,3267.03296
843.50000,3269.11060
844.00000,3274.05054
844.50000,3280.68359
845.00000,3287.08813
845.50000,3291.95142
846.00000,3294.75952
846.50000,3296.77808
847.00000,3299.78784
847.50000,3305.95386
848.00000,3315.33203
848.50000,3326.98462
849.00000,3338.15015
849.50000,3346.34546
850.00000,3349.42627
850.50000,3348.36133
851.00000,3344.94971
851.50000,3341.58691
852.00000,3339.99683
852.50000,3340.90503
853.00000,3343.72144
853.50000,3347.28662
854.00000,3350.62598
854.50000,3353.21069
855.00000,3354.88794
855.50000,3355.67383
856.00000,3355.95044
856.50000,3356.09375
857.00000,3356.64917
857.50000,3358.01416
858.00000,3360.54297
858.50000,3363.81201
859.00000,3367.31494
859.50000,3370.51978
860.00000,3373.38379
860.50000,3376.32153
861.00000,3379.91895
861.50000,3384.39307
862.00000,3389.56494
862.50000,3394.55420
863.00000,3398.53882
863.50000,3400.96680
864.00000,3402.22925
864.50000,3403.03760
865.00000,3404.49951
865.50000,3407.41821
866.00000,3412.66943
866.50000,3419.72998
867.00000,3427.95825
867.50000,3435.96680
868.00000,3442.30151
868.50000,3445.34888
869.00000,3445.06665
869.50000,3442.52490
870.00000,3439.87476
870.50000,3439.60303
871.00000,3443.63672
871.50000,3452.29663
872.00000,3463.59155
872.50000,3475.44238
873.00000,3485.91187
873.50000,3494.26465
874.00000,3500.32178
874.50000,3504.92139
875.00000,3508.16113
875.50000,3509.93652
876.00000,3510.34985
876.50000,3509.64893
877.00000,3508.82739
877.50000,3508.59937
878.00000,3508.97217
878.50000,3508.78394
879.00000,3506.28247
879.50000,3500.37720
880.00000,3491.77271
880.50000,3482.40308
881.00000,3475.14111
881.50000,3471.89722
882.00000,3473.15503
882.50000,3476.26782
883.00000,3478.00391
883.50000,3475.35693
884.00000,3467.61670
884.50000,3455.40479
885.00000,3442.33154
885.50000,3431.52881
886.00000,3425.68677
886.50000,3424.39795
887.00000,3426.27368
887.50000,3428.08179
888.00000,3427.26758
888.50000,3421.89453
889.00000,3413.68481
889.50000,3405.16162
890.00000,3399.73755
890.50000,3398.88232
891.00000,3402.82056
891.50000,3408.73926
892.00000,3413.40015
892.50000,3413.26123
893.00000,3408.28174
893.50000,3399.35962
894.00000,3389.06201
894.50000,3380.05200
895.00000,3374.27051
895.50000,3371.70313
896.00000,3371.44360
896.50000,3372.48096
897.00000,3373.58569
897.50000,3374.20435
898.00000,3374.14307
898.50000,3373.56543
899.00000,3372.73071
899.50000,3372.14111
900.00000,3372.24561
900.50000,3373.36450
901.00000,3374.91748
901.50000,3375.85156
902.00000,3374.85767
902.50000,3371.55469
903.00000,3366.34497
903.50000,3361.37207
904.00000,3358.82080
904.50000,3360.70239
905.00000,3366.07910
905.50000,3373.20093
906.00000,3379.23242
906.50000,3382.47681
907.00000,3382.29199
907.50000,3380.59717
908.00000,3379.28467
908.50000,3379.76465
909.00000,3381.54712
909.50000,3383.30054
910.00000,3383.54297
910.50000,3382.02563
911.00000,3379.67822
911.50000,3378.57202
912.00000,3380.46265
912.50000,3386.16064
913.00000,3394.05273
913.50000,3401.95483
914.00000,3407.33521
914.50000,3408.96509
915.00000,3406.24854
915.50000,3401.63647
916.00000,3397.58716
916.50000,3396.62256
917.00000,3399.06689
917.50000,3403.97241
918.00000,3408.48901
918.50000,3410.24976
919.00000,3407.33203
919.50000,3401.48730
920.00000,3394.96338
920.50000,3390.58643
921.00000,3389.49683
921.50000,3391.87402
922.00000,3396.06812
922.50000,3400.73535
923.00000,3405.36841
923.50000,3410.29102
924.00000,3416.00806
924.50000,3422.46191
925.00000,3428.87061
925.50000,3434.30981
926.00000,3438.75513
926.50000,3443.03540
927.00000,3448.59937
927.50000,3455.85376
928.00000,3464.10376
928.50000,3471.22656
929.00000,3475.42383
929.50000,3475.65186
930.00000,3473.88550
930.50000,3472.90479
931.00000,3476.04663
931.50000,3483.86279
932.00000,3495.65186
932.50000,3508.42480
933.00000,3519.12866
933.50000,3525.04150
934.00000,3526.60767
934.50000,3525.30469
935.00000,3523.58203
935.50000,3523.65991
936.00000,3526.87427
936.50000,3532.90405
937.00000,3540.38013
937.50000,3547.88013
938.00000,3554.47900
938.50000,3560.17139
939.00000,3565.72363
939.50000,3572.05078
940.00000,3579.72437
940.50000,3588.46509
941.00000,3597.69238
941.50000,3607.34937
942.00000,3618.12573
942.50000,3631.60498
943.00000,3649.71411
943.50000,3672.43140
944.00000,3699.36914
944.50000,3728.15210
945.00000,3756.58350
945.50000,3782.84351
946.00000,3807.04761
946.50000,3829.64307
947.00000,3851.28857
947.50000,3872.28955
948.00000,3892.00049
948.50000,3909.64600
949.00000,3924.57788
949.50000,3935.64941
950.00000,3943.39502
950.50000,3947.98315
951.00000,3950.52563
951.50000,3952.96899
952.00000,3957.73096
952.50000,3966.46924
953.00000,3979.81079
953.50000,3997.73975
954.00000,4017.59717
954.50000,4036.83130
955.00000,4052.59131
955.50000,4063.42285
956.00000,4067.80322
956.50000,4067.41919
957.00000,4064.66797
957.50000,4063.08667
958.00000,4065.43213
958.50000,4073.29468
959.00000,4085.21997
959.50000,4097.59082
960.00000,4105.88623
960.50000,4108.07568
961.00000,4104.17383
961.50000,4095.94238
962.00000,4086.60815
962.50000,4077.34106
963.00000,4067.31934
963.50000,4054.68896
964.00000,4036.94263
964.50000,4014.77808
965.00000,3989.85205
965.50000,3964.90845
966.00000,3942.05908
966.50000,3922.32251
967.00000,3904.95850
967.50000,3888.65625
968.00000,3872.39844
968.50000,3855.72510
969.00000,3838.74219
969.50000,3821.93652
970.00000,3805.87207
970.50000,3791.36694
971.00000,3778.94067
971.50000,3768.77441
972.00000,3761.35156
972.50000,3755.93677
973.00000,3752.44751
973.50000,3751.11206
974.00000,3752.08301
974.50000,3756.14648
975.00000,3762.88525
975.50000,3771.16211
976.00000,3779.12207
976.50000,3785.10034
977.00000,3788.24316
977.50000,3789.26831
978.00000,3790.22559
978.50000,3793.32861
979.00000,3799.25928
979.50000,3807.16016
980.00000,3815.02588
980.50000,3821.11987
981.00000,3825.15894
981.50000,3828.96069
982.00000,3835.00732
982.50000,3845.53955
983.00000,3859.46802
983.50000,3874.19775
984.00000,3886.27246
984.50000,3894.79272
985.00000,3901.23804
985.50000,3909.85352
986.00000,3924.26880
986.50000,3947.52075
987.00000,3976.99829
987.50000,4009.09277
988.00000,4039.67603
988.50000,4067.03076
989.00000,4091.63916
989.50000,4116.21289
990.00000,4143.20264
990.50000,4174.50146
991.00000,4209.01221
991.50000,4245.34766
992.00000,4282.17725
992.50000,4319.17871
993.00000,4357.62012
993.50000,4399.52002
994.00000,4446.39941
994.50000,4500.53857
995.00000,4560.70898
995.50000,4626.21582
996.00000,4695.94092
996.50000,4767.94189
997.00000,4840.77246
997.50000,4912.08740
998.00000,4979.32178
998.50000,5038.10107
999.00000,5088.60938
999.50000,5132.22070
1000.00000,5174.24170
1000.50000,5221.07227
1001.00000,5277.85791
1001.50000,5342.45068
1002.00000,5407.65332
1002.50000,5460.83789
1003.00000,5495.16357
1003.50000,5506.31494
1004.00000,5497.56348
1004.50000,5478.74170
1005.00000,5456.35010
1005.50000,5433.83008
1006.00000,5409.69727
1006.50000,5379.23242
1007.00000,5340.81006
1007.50000,5293.77832
1008.00000,5239.87061
1008.50000,5181.27979
1009.00000,5117.20605
1009.50000,5047.65088
1010.00000,4973.55762
1010.50000,4898.69531
1011.00000,4828.72656
1011.50000,4768.55127
1012.00000,4718.31543
1012.50000,4672.87793
1013.00000,4625.52441
1013.50000,4571.93848
1014.00000,4512.45264
1014.50000,4451.96191
1015.00000,4396.90332
1015.50000,4352.35156
1016.00000,4318.54199
1016.50000,4291.89990
1017.00000,4269.37598
1017.50000,4247.73877
1018.00000,4226.17432
1018.50000,4204.88184
1019.00000,4184.22461
1019.50000,4164.86426
1020.00000,4147.85986
1020.50000,4134.49170
1021.00000,4126.95264
1021.50000,4123.82520
1022.00000,4122.38867
1022.50000,4117.80371
1023.00000,4106.88770
1023.50000,4088.10986
1024.00000,4064.74463
1024.50000,4041.33765
1025.00000,4022.38330
1025.50000,4008.11157
1026.00000,3997.07080
1026.50000,3986.53345
1027.00000,3974.89502
1027.50000,3962.46899
1028.00000,3950.91479
1028.50000,3941.33838
1029.00000,3934.02563
1029.50000,3927.53784
1030.00000,3921.05103
1030.50000,3914.67090
1031.00000,3909.21899
1031.50000,3905.43213
1032.00000,3902.37207
1032.50000,3898.17261
1033.00000,3890.46313
1033.50000,3879.63501
1034.00000,3867.58521
1034.50000,3857.80469
1035.00000,3852.36011
1035.50000,3851.77808
1036.00000,3852.91895
1036.50000,3852.62329
1037.00000,3848.66870
1037.50000,3842.56226
1038.00000,3837.14893
1038.50000,3835.29419
1039.00000,3837.14990
1039.50000,3840.89575
1040.00000,3843.12939
1040.50000,3842.03101
1041.00000,3837.89990
1041.50000,3833.66260
1042.00000,3831.89819
1042.50000,3833.22729
1043.00000,3835.95483
1043.50000,3837.52197
1044.00000,3836.66724
1044.50000,3833.84619
1045.00000,3830.87573
1045.50000,3829.32373
1046.00000,3829.61621
1046.50000,3830.82617
1047.00000,3832.10962
1047.50000,3833.69800
1048.00000,3836.51416
1048.50000,3841.19019
1049.00000,3846.92407
1049.50000,3851.43188
1050.00000,3852.13916
1050.50000,3848.65601
1051.00000,3842.83789
1051.50000,3837.88721
1052.00000,3836.06860
1052.50000,3837.76611
1053.00000,3841.16333
1053.50000,3843.67285
1054.00000,3843.84302
1054.50000,3842.63086
1055.00000,3842.01514
1055.50000,3844.09302
1056.00000,3848.27808
1056.50000,3852.58203
1057.00000,3853.84741
1057.50000,3850.55127
1058.00000,3842.46777
1058.50000,3832.86865
1059.00000,3825.60181
1059.50000,3825.16650
1060.00000,3831.64307
1060.50000,3843.70288
1061.00000,3856.92700
1061.50000,3866.62476
1062.00000,3868.62134
1062.50000,3863.56567
1063.00000,3854.34570
1063.50000,3845.59912
1064.00000,3841.14331
1064.50000,3842.99902
1065.00000,3850.07056
1065.50000,3859.25537
1066.00000,3867.66187
1066.50000,3873.70044
1067.00000,3877.23169
1067.50000,3878.86133
1068.00000,3879.80103
1068.50000,3880.51196
1069.00000,3881.07764
1069.50000,3881.41626
1070.00000,3881.49805
1070.50000,3881.56665
1071.00000,3881.91577
1071.50000,3882.83130
1072.00000,3884.24463
1072.50000,3885.93872
1073.00000,3887.45996
1073.50000,3888.47705
1074.00000,3888.87500
1074.50000,3889.22119
1075.00000,3890.27222
1075.50000,3892.70728
1076.00000,3896.14917
1076.50000,3899.49854
1077.00000,3901.24854
1077.50000,3900.75781
1078.00000,3898.35718
1078.50000,3896.30688
1079.00000,3896.68872
1079.50000,3900.58716
1080.00000,3906.49023
1080.50000,3911.91528
1081.00000,3914.73535
1081.50000,3914.98071
1082.00000,3914.91992
1082.50000,3917.93359
1083.00000,3926.35352
1083.50000,3939.65259
1084.00000,3953.90771
1084.50000,3964.10498
1085.00000,3967.36182
1085.50000,3963.97998
1086.00000,3956.69312
1086.50000,3950.86304
1087.00000,3950.49634
1087.50000,3957.16431
1088.00000,3968.72778
1088.50000,3982.28174
1089.00000,3994.20313
1089.50000,4002.51587
1090.00000,4006.26025
1090.50000,4007.28296
1091.00000,4007.33521
1091.50000,4008.44849
1092.00000,4011.58960
1092.50000,4016.90112
1093.00000,4022.67236
1093.50000,4026.87939
1094.00000,4027.33740
1094.50000,4024.35034
1095.00000,4019.39575
1095.50000,4015.73730
1096.00000,4015.96851
1096.50000,4021.99634
1097.00000,4031.54102
1097.50000,4041.49438
1098.00000,4048.23608
1098.50000,4050.89893
1099.00000,4050.52612
1099.50000,4050.57373
1100.00000,4053.92456
1100.50000,4062.56836
1101.00000,4074.28149
1101.50000,4086.16284
1102.00000,4094.99097
1102.50000,4100.15088
1103.00000,4102.76123
1103.50000,4106.04785
1104.00000,4112.60693
1104.50000,4124.46240
1105.00000,4139.60889
1105.50000,4155.53369
1106.00000,4169.02344
1106.50000,4178.59180
1107.00000,4183.58252
1107.50000,4185.55859
1108.00000,4186.24023
1108.50000,4186.88086
1109.00000,4188.05176
1109.50000,4189.91064
1110.00000,4192.71191
1110.50000,4196.86621
1111.00000,4203.44971
1111.50000,4212.80762
1112.00000,4224.70313
1112.50000,4238.47070
1113.00000,4252.38086
1113.50000,4265.08643
1114.00000,4275.77686
1114.50000,4284.85547
1115.00000,4293.25146
1115.50000,4302.46143
1116.00000,4313.55664
1116.50000,4327.35889
1117.00000,4343.14941
1117.50000,4360.35693
1118.00000,4378.19238
1118.50000,4396.08447
1119.00000,4413.48779
1119.50000,4429.72168
1120.00000,4443.85986
1120.50000,4454.81738
1121.00000,4463.38379
1121.50000,4471.17627
1122.00000,4481.05225
1122.50000,4495.06055
1123.00000,4514.89551
1123.50000,4538.73047
1124.00000,4564.64209
1124.50000,4590.95557
1125.00000,4617.23047
1125.50000,4644.31592
1126.00000,4673.07275
1126.50000,4703.25586
1127.00000,4733.48682
1127.50000,4761.86084
1128.00000,4787.04150
1128.50000,4808.62549
1129.00000,4828.07910
1129.50000,4846.87988
1130.00000,4866.85254
1130.50000,4889.36133
1131.00000,4916.40820
1131.50000,4947.72070
1132.00000,4982.72363
1132.50000,5019.13037
1133.00000,5053.73438
1133.50000,5083.39111
1134.00000,5107.61865
1134.50000,5128.27832
1135.00000,5148.99805
1135.50000,5173.74072
1136.00000,5205.47070
1136.50000,5245.10791
1137.00000,5290.18896
1137.50000,5338.43066
1138.00000,5386.99854
1138.50000,5434.90332
1139.00000,5483.08008
1139.50000,5533.54443
1140.00000,5588.38428
1140.50000,5648.23486
1141.00000,5711.55420
1141.50000,5777.55566
1142.00000,5846.55859
1142.50000,5921.58936
1143.00000,6009.37451
1143.50000,6111.72754
1144.00000,6230.44434
1144.50000,6362.31104
1145.00000,6501.63770
1145.50000,6646.59814
1146.00000,6797.37793
1146.50000,6957.45508
1147.00000,7132.43848
1147.50000,7321.43799
1148.00000,7524.27979
1148.50000,7737.73926
1149.00000,7958.61377
1149.50000,8187.19385
1150.00000,8421.75195
1150.50000,8660.15723
1151.00000,8897.12988
1151.50000,9125.94629
1152.00000,9337.60938
1152.50000,9525.91113
1153.00000,9688.82324
1153.50000,9818.34863
1154.00000,9917.83301
1154.50000,9984.59961
1155.00000,10013.01367
1155.50000,10005.22266
1156.00000,9952.38281
1156.50000,9853.53223
1157.00000,9712.28809
1157.50000,9525.79395
1158.00000,9310.62402
1158.50000,9075.43848
1159.00000,8828.25977
1159.50000,8575.01172
1160.00000,8316.06836
1160.50000,8052.91846
1161.00000,7789.40723
1161.50000,7534.14355
1162.00000,7293.44678
1162.50000,7073.34961
1163.00000,6875.77637
1163.50000,6695.65332
1164.00000,6532.15332
1164.50000,6382.08545
1165.00000,6244.43652
1165.50000,6120.89111
1166.00000,6007.37451
1166.50000,5902.10986
1167.00000,5803.22510
1167.50000,5709.86377
1168.00000,5624.70215
1168.50000,5548.50488
1169.00000,5480.94580
1169.50000,5420.95313
1170.00000,5364.52197
1170.50000,5310.20068
1171.00000,5258.10596
1171.50000,5209.36377
1172.00000,5166.29150
1172.50000,5128.83643
1173.00000,5096.58252
1173.50000,5069.36816
1174.00000,5045.81494
1174.50000,5025.76367
1175.00000,5008.21338
1175.50000,4991.53955
1176.00000,4974.10352
1176.50000,4955.40723
1177.00000,4936.64551
1177.50000,4921.16748
1178.00000,4911.77637
1178.50000,4911.35596
1179.00000,4919.24805
1179.50000,4932.01611
1180.00000,4945.51807
1180.50000,4956.00439
1181.00000,4962.25537
1181.50000,4965.74756
1182.00000,4970.12598
1182.50000,4978.66406
1183.00000,4991.97070
1183.50000,5008.09912
1184.00000,5024.21484
1184.50000,5038.53955
1185.00000,5051.65186
1185.50000,5066.18506
1186.00000,5084.10986
1186.50000,5105.69531
1187.00000,5127.78027
1187.50000,5146.72949
1188.00000,5159.05566
1188.50000,5166.70313
1189.00000,5172.79541
1189.50000,5181.39697
1190.00000,5193.87354
1190.50000,5209.15771
1191.00000,5223.38623
1191.50000,5233.20898
1192.00000,5235.45996
1192.50000,5231.22021
1193.00000,5220.91455
1193.50000,5205.83936
1194.00000,5188.01807
1194.50000,5168.95703
1195.00000,5150.36621
1195.50000,5132.82080
1196.00000,5115.28125
1196.50000,5095.31738
1197.00000,5069.92090
1197.50000,5037.55518
1198.00000,4999.78320
1198.50000,4959.05420
1199.00000,4919.32373
1199.50000,4883.27393
1200.00000,4853.12646
1200.50000,4828.30615
1201.00000,4808.99609
1201.50000,4794.26563
1202.00000,4782.33301
1202.50000,4771.35254
1203.00000,4759.13477
1203.50000,4744.54590
1204.00000,4727.62646
1204.50000,4710.17920
1205.00000,4694.00635
1205.50000,4680.19482
1206.00000,4668.73975
1206.50000,4659.91406
1207.00000,4653.38477
1207.50000,4649.51025
1208.00000,4648.52295
1208.50000,4649.23877
1209.00000,4650.25781
1209.50000,4650.18604
1210.00000,4648.83398
1210.50000,4647.11084
1211.00000,4646.41992
1211.50000,4647.15820
1212.00000,4647.84766
1212.50000,4645.71240
1213.00000,4637.04199
1213.50000,4620.56348
1214.00000,4597.42139
1214.50000,4569.63525
1215.00000,4541.70410
1215.50000,4516.62939
1216.00000,4496.21973
1216.50000,4479.64014
1217.00000,4465.64111
1217.50000,4452.20605
1218.00000,4438.24463
1218.50000,4423.44531
1219.00000,4408.45068
1219.50000,4393.88623
1220.00000,4380.03662
1220.50000,4366.52686
1221.00000,4352.63379
1221.50000,4337.74707
1222.00000,4321.67529
1222.50000,4304.57129
1223.00000,4287.30615
1223.50000,4270.85547
1224.00000,4256.36182
1224.50000,4244.53320
1225.00000,4236.55029
1225.50000,4232.00439
1226.00000,4230.08691
1226.50000,4229.36523
1227.00000,4227.92822
1227.50000,4224.53125
1228.00000,4219.40576
1228.50000,4214.10107
1229.00000,4210.75830
1229.50000,4210.17432
1230.00000,4211.75928
1230.50000,4213.40771
1231.00000,4212.92334
1231.50000,4209.26367
1232.00000,4203.94580
1232.50000,4199.76709
1233.00000,4199.93701
1233.50000,4204.37891
1234.00000,4211.36035
1234.50000,4217.62891
1235.00000,4220.96875
1235.50000,4220.85156
1236.00000,4219.27344
1236.50000,4218.52344
1237.00000,4220.25635
1237.50000,4223.55273
1238.00000,4226.64111
1238.50000,4227.20996
1239.00000,4224.47266
1239.50000,4218.26367
1240.00000,4210.52148
1240.50000,4203.96875
1241.00000,4202.90479
1241.50000,4208.71924
1242.00000,4221.56299
1242.50000,4237.91846
1243.00000,4252.00342
1243.50000,4258.32861
1244.00000,4256.49316
1244.50000,4250.06787
1245.00000,4244.87549
1245.50000,4244.66016
1246.00000,4249.42139
1246.50000,4255.18945
1247.00000,4257.92529
1247.50000,4256.19385
1248.00000,4253.42578
1248.50000,4253.75781
1249.00000,4259.92627
1249.50000,4269.20752
1250.00000,4278.01807
1250.50000,4283.77197
1251.00000,4287.67676
1251.50000,4293.65674
1252.00000,4304.97363
1252.50000,4322.08643
1253.00000,4342.55078
1253.50000,4361.62061
1254.00000,4375.93262
1254.50000,4384.98145
1255.00000,4391.05566
1255.50000,4396.90918
1256.00000,4404.75879
1256.50000,4415.22217
1257.00000,4427.59668
1257.50000,4439.74902
1258.00000,4449.47314
1258.50000,4455.57227
1259.00000,4458.61133
1259.50000,4460.08887
1260.00000,4462.57617
1260.50000,4467.67676
1261.00000,4475.74121
1261.50000,4485.00391
1262.00000,4493.39697
1262.50000,4499.10107
1263.00000,4501.38818
1263.50000,4499.30957
1264.00000,4494.09082
1264.50000,4487.05420
1265.00000,4480.86377
1265.50000,4478.13525
1266.00000,4480.97510
1266.50000,4487.83789
1267.00000,4494.77441
1267.50000,4496.22510
1268.00000,4491.03418
1268.50000,4480.72266
1269.00000,4470.26514
1269.50000,4464.13965
1270.00000,4464.57324
1270.50000,4468.93604
1271.00000,4473.65918
1271.50000,4476.32520
1272.00000,4478.19092
1272.50000,4482.11572
1273.00000,4490.41602
1273.50000,4501.80957
1274.00000,4512.60742
1274.50000,4518.74121
1275.00000,4518.81055
1275.50000,4514.08447
1276.00000,4509.58496
1276.50000,4508.92285
1277.00000,4513.25684
1277.50000,4520.57275
1278.00000,4528.09131
1278.50000,4533.23389
1279.00000,4534.76855
1279.50000,4531.88330
1280.00000,4525.70508
1280.50000,4516.99365
1281.00000,4507.61328
1281.50000,4499.73389
1282.00000,4495.78809
1282.50000,4495.64307
1283.00000,4497.62549
1283.50000,4498.34326
1284.00000,4495.21045
1284.50000,4487.57471
1285.00000,4478.11328
1285.50000,4470.47656
1286.00000,4468.20068
1286.50000,4470.58252
1287.00000,4475.05469
1287.50000,4477.23779
1288.00000,4474.22266
1288.50000,4464.39648
1289.00000,4449.71436
1289.50000,4433.65527
1290.00000,4420.26123
1290.50000,4411.58057
1291.00000,4408.11670
1291.50000,4408.09277
1292.00000,4407.50635
1292.50000,4402.13916
1293.00000,4390.10010
1293.50000,4372.42773
1294.00000,4351.98193
1294.50000,4333.70898
1295.00000,4321.05615
1295.50000,4315.01758
1296.00000,4312.38672
1296.50000,4308.87061
1297.00000,4300.72510
1297.50000,4287.21484
1298.00000,4270.06348
1298.50000,4254.11328
1299.00000,4243.20508
1299.50000,4238.94629
1300.00000,4238.95459
1300.50000,4240.14648
1301.00000,4240.07422
1301.50000,4238.71680
1302.00000,4237.77686
1302.50000,4238.65332
1303.00000,4241.17480
1303.50000,4243.17480
1304.00000,4242.51855
1304.50000,4238.02539
1305.00000,4231.63477
1305.50000,4225.80225
1306.00000,4222.50098
1306.50000,4220.94971
1307.00000,4219.34521
1307.50000,4216.03174
1308.00000,4211.49561
1308.50000,4207.82275
1309.00000,4206.82275
1309.50000,4208.79102
1310.00000,4212.37158
1310.50000,4215.19580
1311.00000,4215.77979
1311.50000,4214.27783
1312.00000,4211.92920
1312.50000,4209.99365
1313.00000,4209.11719
1313.50000,4209.56055
1314.00000,4211.62158
1314.50000,4215.12842
1315.00000,4219.72852
1315.50000,4224.01563
1316.00000,4226.50537
1316.50000,4225.64209
1317.00000,4222.28711
1317.50000,4217.92090
1318.00000,4214.64063
1318.50000,4213.46875
1319.00000,4214.50488
1319.50000,4216.42969
1320.00000,4217.84668
1320.50000,4217.24854
1321.00000,4214.24316
1321.50000,4208.28711
1322.00000,4199.20020
1322.50000,4188.26025
1323.00000,4177.30127
1323.50000,4168.80566
1324.00000,4164.45166
1324.50000,4165.60645
1325.00000,4170.07080
1325.50000,4175.76514
1326.00000,4180.38818
1326.50000,4183.08789
1327.00000,4183.94043
1327.50000,4184.02051
1328.00000,4183.86865
1328.50000,4183.12842
1329.00000,4181.21338
1329.50000,4177.89551
1330.00000,4174.12500
1330.50000,4171.49561
1331.00000,4171.82568
1331.50000,4175.16260
1332.00000,4180.55469
1332.50000,4186.38477
1333.00000,4191.18213
1333.50000,4194.22900
1334.00000,4195.48730
1334.50000,4195.06641
1335.00000,4191.98291
1335.50000,4185.77148
1336.00000,4176.51807
1336.50000,4165.88916
1337.00000,4156.92480
1337.50000,4152.62158
1338.00000,4153.99414
1338.50000,4159.46631
1339.00000,4166.73535
1339.50000,4173.01221
1340.00000,4177.09619
1340.50000,4178.94482
1341.00000,4179.71143
1341.50000,4180.11426
1342.00000,4180.77002
1342.50000,4182.25977
1343.00000,4185.65088
1343.50000,4190.97266
1344.00000,4197.48438
1344.50000,4203.08887
1345.00000,4205.91357
1345.50000,4204.93066
1346.00000,4201.79541
1346.50000,4199.10156
1347.00000,4199.50879
1347.50000,4202.81250
1348.00000,4207.86816
1348.50000,4213.15869
1349.00000,4218.41895
1349.50000,4224.90137
1350.00000,4233.57129
1350.50000,4244.02051
1351.00000,4254.49805
1351.50000,4262.99268
1352.00000,4268.28906
1352.50000,4270.22803
1353.00000,4269.50049
1353.50000,4265.55176
1354.00000,4258.37793
1354.50000,4248.61230
1355.00000,4238.26563
1355.50000,4230.22510
1356.00000,4226.07324
1356.50000,4224.83154
1357.00000,4223.66699
1357.50000,4220.03369
1358.00000,4213.96240
1358.50000,4207.15869
1359.00000,4201.88867
1359.50000,4198.58496
1360.00000,4196.45752
1360.50000,4194.26709
1361.00000,4191.98193
1361.50000,4191.14844
1362.00000,4192.67188
1362.50000,4196.09521
1363.00000,4199.68408
1363.50000,4202.02930
1364.00000,4203.33447
1364.50000,4205.30908
1365.00000,4208.99219
1365.50000,4213.44629
1366.00000,4215.53809
1366.50000,4212.50635
1367.00000,4203.66699
1367.50000,4193.09229
1368.00000,4185.83789
1368.50000,4184.85059
1369.00000,4188.96045
1369.50000,4194.75635
1370.00000,4198.00879
1370.50000,4197.06201
1371.00000,4193.13672
1371.50000,4189.70508
1372.00000,4189.69189
1372.50000,4193.43701
1373.00000,4199.02734
1373.50000,4203.31396
1374.00000,4204.52148
1374.50000,4202.54443
1375.00000,4199.03320
1375.50000,4196.27295
1376.00000,4195.83301
1376.50000,4197.47900
1377.00000,4199.98926
1377.50000,4201.85352
1378.00000,4202.41602
1378.50000,4201.71973
1379.00000,4200.42871
1379.50000,4199.34473
1380.00000,4199.31396
1380.50000,4201.16895
1381.00000,4205.84277
1381.50000,4214.66797
1382.00000,4226.47363
1382.50000,4239.35352
1383.00000,4250.06445
1383.50000,4256.50732
1384.00000,4257.56152
1384.50000,4255.62354
1385.00000,4253.52393
1385.50000,4253.73096
1386.00000,4256.23047
1386.50000,4260.44287
1387.00000,4265.75391
1387.50000,4272.23730
1388.00000,4280.46973
1388.50000,4289.30615
1389.00000,4296.06738
1389.50000,4296.40967
1390.00000,4289.49023
1390.50000,4276.74121
1391.00000,4264.43213
1391.50000,4258.33740
1392.00000,4262.51123
1392.50000,4273.00879
1393.00000,4284.06836
1393.50000,4289.14502
1394.00000,4286.90527
1394.50000,4279.08594
1395.00000,4270.82422
1395.50000,4265.74902
1396.00000,4265.26904
1396.50000,4266.61475
1397.00000,4267.50537
1397.50000,4267.40723
1398.00000,4267.77197
1398.50000,4270.19482
1399.00000,4274.08252
1399.50000,4276.72705
1400.00000,4273.28223
1400.50000,4262.49219
1401.00000,4245.07178
1401.50000,4225.47998
1402.00000,4209.64990
1402.50000,4202.41357
1403.00000,4203.84033
1403.50000,4211.13721
1404.00000,4220.64893
1404.50000,4228.41309
1405.00000,4232.47803
1405.50000,4232.56445
1406.00000,4230.13867
1406.50000,4226.36621
1407.00000,4222.66260
1407.50000,4219.91650
1408.00000,4218.81885
1408.50000,4218.89990
1409.00000,4219.35107
1409.50000,4218.93555
1410.00000,4217.08545
1410.50000,4213.98926
1411.00000,4210.99561
1411.50000,4209.22021
1412.00000,4209.17334
1412.50000,4209.84668
1413.00000,4210.37842
1413.50000,4210.75537
1414.00000,4211.81689
1414.50000,4214.63330
1415.00000,4218.77246
1415.50000,4222.94629
1416.00000,4225.56299
1416.50000,4226.64307
1417.00000,4227.29639
1417.50000,4228.97998
1418.00000,4231.50732
1418.50000,4232.73975
1419.00000,4230.75488
1419.50000,4225.24316
1420.00000,4218.23828
1420.50000,4213.05225
1421.00000,4211.88086
1421.50000,4213.97314
1422.00000,4216.92920
1422.50000,4218.90527
1423.00000,4220.64307
1423.50000,4224.33203
1424.00000,4231.57373
1424.50000,4240.55566
1425.00000,4247.50830
1425.50000,4249.07568
1426.00000,4245.30615
1426.50000,4239.24707
1427.00000,4236.33838
1427.50000,4240.07422
1428.00000,4250.43311
1428.50000,4262.79688
1429.00000,4273.39941
1429.50000,4280.99316
1430.00000,4286.91309
1430.50000,4293.04736
1431.00000,4299.48535
1431.50000,4303.95947
1432.00000,4303.30225
1432.50000,4297.45752
1433.00000,4289.58691
1433.50000,4285.93018
1434.00000,4290.60254
1434.50000,4305.76709
1435.00000,4326.13086
1435.50000,4346.60693
1436.00000,4362.57324
1436.50000,4373.20703
1437.00000,4379.02393
1437.50000,4382.42188
1438.00000,4384.57617
1438.50000,4385.76465
1439.00000,4386.68555
1439.50000,4388.71875
1440.00000,4393.68115
1440.50000,4402.21924
1441.00000,4414.41504
1441.50000,4428.20996
1442.00000,4441.78857
1442.50000,4453.43945
1443.00000,4462.74805
1443.50000,4469.20410
1444.00000,4472.75537
1444.50000,4473.92188
1445.00000,4473.07813
1445.50000,4471.32373
1446.00000,4469.04883
1446.50000,4465.98779
1447.00000,4461.95215
1447.50000,4457.41748
1448.00000,4454.22607
1448.50000,4454.09766
1449.00000,4458.41455
1449.50000,4465.01416
1450.00000,4470.85596
1450.50000,4472.31396
1451.00000,4468.60791
1451.50000,4460.22949
1452.00000,4450.07275
1452.50000,4440.69043
1453.00000,4433.77539
1453.50000,4429.03662
1454.00000,4426.14014
1454.50000,4424.58691
1455.00000,4423.69531
1455.50000,4423.17578
1456.00000,4423.09082
1456.50000,4424.05908
1457.00000,4427.40723
1457.50000,4432.58447
1458.00000,4437.93848
1458.50000,4440.33936
1459.00000,4437.93994
1459.50000,4430.12646
1460.00000,4419.99268
1460.50000,4411.01367
1461.00000,4406.22266
1461.50000,4404.84668
1462.00000,4405.09326
1462.50000,4405.29443
1463.00000,4405.36182
1463.50000,4406.41895
1464.00000,4409.09814
1464.50000,4412.95654
1465.00000,4416.79688
1465.50000,4419.85645
1466.00000,4422.58691
1466.50000,4426.39697
1467.00000,4432.00293
1467.50000,4439.22363
1468.00000,4446.27246
1468.50000,4451.19727
1469.00000,4451.77539
1469.50000,4448.12207
1470.00000,4441.07324
1470.50000,4434.02295
1471.00000,4430.90039
1471.50000,4435.68213
1472.00000,4447.07178
1472.50000,4461.60303
1473.00000,4473.77100
1473.50000,4480.43018
1474.00000,4481.29980
1474.50000,4480.20703
1475.00000,4481.25781
1475.50000,4486.69482
1476.00000,4494.53809
1476.50000,4502.60938
1477.00000,4509.50244
1477.50000,4515.76611
1478.00000,4522.70947
1478.50000,4531.32080
1479.00000,4541.75879
1479.50000,4554.42969
1480.00000,4568.66797
1480.50000,4583.63135
1481.00000,4597.18652
1481.50000,4607.39600
1482.00000,4613.12646
1482.50000,4616.76611
1483.00000,4622.12158
1483.50000,4633.83984
1484.00000,4651.35791
1484.50000,4672.02539
1485.00000,4692.27539
1485.50000,4710.60693
1486.00000,4727.76855
1486.50000,4745.68018
1487.00000,4764.96484
1487.50000,4784.65967
1488.00000,4803.30420
1488.50000,4821.18311
1489.00000,4840.68604
1489.50000,4863.89746
1490.00000,4891.92188
1490.50000,4922.41064
1491.00000,4952.74219
1491.50000,4981.40674
1492.00000,5009.88428
1492.50000,5040.98193
1493.00000,5076.07764
1493.50000,5113.38916
1494.00000,5149.76660
1494.50000,5183.50977
1495.00000,5216.34766
1495.50000,5253.99756
1496.00000,5300.87695
1496.50000,5360.03418
1497.00000,5427.83545
1497.50000,5498.55029
1498.00000,5569.77930
1498.50000,5643.35107
1499.00000,5723.89453
1499.50000,5816.33203
1500.00000,5918.22998
1500.50000,6025.09766
1501.00000,6129.98047
1501.50000,6230.02881
1502.00000,6326.38184
1502.50000,6424.75537
1503.00000,6531.35596
1503.50000,6653.02783
1504.00000,6790.30029
1504.50000,6943.29395
1505.00000,7104.33936
1505.50000,7263.26025
1506.00000,7410.64111
1506.50000,7547.82373
1507.00000,7681.69141
1507.50000,7823.69629
1508.00000,7978.50830
1508.50000,8142.58301
1509.00000,8300.91895
1509.50000,8440.85352
1510.00000,8553.51563
1510.50000,8650.00391
1511.00000,8740.26855
1511.50000,8832.32324
1512.00000,8925.14355
1512.50000,9009.17480
1513.00000,9073.91602
1513.50000,9114.81055
1514.00000,9128.86719
1514.50000,9124.98145
1515.00000,9106.07324
1515.50000,9074.08008
1516.00000,9030.41992
1516.50000,8971.57617
1517.00000,8897.51172
1517.50000,8809.49609
1518.00000,8709.30176
1518.50000,8602.99707
1519.00000,8493.25879
1519.50000,8380.69434
1520.00000,8263.54395
1520.50000,8137.07178
1521.00000,8000.04150
1521.50000,7854.23633
1522.00000,7704.60938
1522.50000,7557.81885
1523.00000,7418.96729
1523.50000,7289.40283
1524.00000,7165.69482
1524.50000,7041.78809
1525.00000,6910.25439
1525.50000,6766.82715
1526.00000,6612.04883
1526.50000,6454.57568
1527.00000,6304.67578
1527.50000,6170.63135
1528.00000,6053.19580
1528.50000,5950.22803
1529.00000,5851.35107
1529.50000,5749.73193
1530.00000,5642.68115
1530.50000,5533.30371
1531.00000,5426.52637
1531.50000,5327.03809
1532.00000,5236.88428
1532.50000,5158.92090
1533.00000,5090.53906
1533.50000,5029.80029
1534.00000,4974.09131
1534.50000,4920.01318
1535.00000,4865.74756
1535.50000,4811.18896
1536.00000,4758.06543
1536.50000,4710.64648
1537.00000,4670.87988
1537.50000,4639.16504
1538.00000,4613.15918
1538.50000,4588.32178
1539.00000,4561.44824
1539.50000,4532.49268
1540.00000,4504.25391
1540.50000,4482.14111
1541.00000,4467.47119
1541.50000,4459.07275
1542.00000,4452.63770
1542.50000,4443.91992
1543.00000,4430.66357
1543.50000,4414.51025
1544.00000,4398.05127
1544.50000,4383.59424
1545.00000,4370.73682
1545.50000,4358.53760
1546.00000,4346.41211
1546.50000,4334.83057
1547.00000,4324.83691
1547.50000,4316.07373
1548.00000,4306.83691
1548.50000,4294.62256
1549.00000,4279.86182
1549.50000,4265.47607
1550.00000,4256.43115
1550.50000,4255.33301
1551.00000,4262.20801
1551.50000,4270.02246
1552.00000,4270.97217
1552.50000,4259.67236
1553.00000,4240.46777
1553.50000,4220.78271
1554.00000,4209.14014
1554.50000,4208.04834
1555.00000,4215.41748
1555.50000,4222.29346
1556.00000,4222.48584
1556.50000,4214.32764
1557.00000,4202.26025
1557.50000,4190.30859
1558.00000,4180.51611
1558.50000,4172.07910
1559.00000,4163.82129
1559.50000,4156.47119
1560.00000,4152.69434
1560.50000,4154.87012
1561.00000,4161.10596
1561.50000,4167.08545
1562.00000,4167.58984
1562.50000,4160.71338
1563.00000,4147.25146
1563.50000,4133.85303
1564.00000,4124.83838
1564.50000,4122.01074
1565.00000,4123.00146
1565.50000,4125.08398
1566.00000,4126.13477
1566.50000,4126.20654
1567.00000,4126.83936
1567.50000,4128.97900
1568.00000,4132.52344
1568.50000,4136.33789
1569.00000,4139.33789
1569.50000,4140.98975
1570.00000,4141.81348
1570.50000,4142.54590
1571.00000,4143.83936
1571.50000,4145.84131
1572.00000,4148.56250
1572.50000,4151.64063
1573.00000,4154.40771
1573.50000,4155.79980
1574.00000,4155.33789
1574.50000,4153.23535
1575.00000,4150.22412
1575.50000,4147.57031
1576.00000,4146.34033
1576.50000,4147.17188
1577.00000,4149.98975
1577.50000,4154.42871
1578.00000,4158.85400
1578.50000,4161.51709
1579.00000,4160.35742
1579.50000,4155.34668
1580.00000,4146.86865
1580.50000,4136.68408
1581.00000,4126.53076
1581.50000,4117.92383
1582.00000,4111.93799
1582.50000,4110.21875
1583.00000,4114.61475
1583.50000,4123.67090
1584.00000,4133.91113
1584.50000,4139.06201
1585.00000,4135.58643
1585.50000,4121.82861
1586.00000,4103.58643
1586.50000,4086.28320
1587.00000,4074.51587
1587.50000,4068.33472
1588.00000,4066.00903
1588.50000,4064.46631
1589.00000,4062.08691
1589.50000,4057.69556
1590.00000,4051.24072
1590.50000,4042.78320
1591.00000,4033.64380
1591.50000,4026.05615
1592.00000,4021.81909
1592.50000,4020.15942
1593.00000,4018.92236
1593.50000,4015.72192
1594.00000,4010.64648
1594.50000,4005.27661
1595.00000,4001.32178
1595.50000,3998.20923
1596.00000,3993.84912
1596.50000,3987.08618
1597.00000,3979.18018
1597.50000,3973.96069
1598.00000,3973.92578
1598.50000,3978.36499
1599.00000,3982.47729
1599.50000,3981.32959
1600.00000,3971.04126
1600.50000,3954.04956
1601.00000,3935.04077
1601.50000,3920.71753
1602.00000,3913.84302
1602.50000,3915.20386
1603.00000,3921.82422
1603.50000,3929.14795
1604.00000,3932.85767
1604.50000,3931.47095
1605.00000,3926.11670
1605.50000,3919.93726
1606.00000,3915.76807
1606.50000,3914.60474
1607.00000,3914.74097
1607.50000,3913.39771
1608.00000,3907.51782
1608.50000,3898.10693
1609.00000,3887.73169
1609.50000,3880.24683
1610.00000,3877.63818
1610.50000,3880.54639
1611.00000,3886.56860
1611.50000,3892.54565
1612.00000,3895.90625
1612.50000,3896.61890
1613.00000,3895.29810
1613.50000,3892.92676
1614.00000,3890.47803
1614.50000,3888.85352
1615.00000,3888.85474
1615.50000,3890.51514
1616.00000,3892.56836
1616.50000,3892.22266
1617.00000,3886.74146
1617.50000,3875.31885
1618.00000,3861.49780
1618.50000,3850.24438
1619.00000,3844.41626
1619.50000,3843.32861
1620.00000,3844.34033
1620.50000,3844.30664
1621.00000,3842.70337
1621.50000,3841.12305
1622.00000,3840.53955
1622.50000,3839.98120
1623.00000,3837.47900
1623.50000,3832.37451
1624.00000,3826.06226
1624.50000,3821.35229
1625.00000,3819.02930
1625.50000,3817.02686
1626.00000,3812.69189
1626.50000,3804.93262
1627.00000,3796.76099
1627.50000,3792.63940
1628.00000,3795.99292
1628.50000,3804.14819
1629.00000,3813.12451
1629.50000,3818.50757
1630.00000,3819.10083
1630.50000,3815.75732
1631.00000,3811.97705
1631.50000,3809.66113
1632.00000,3808.81250
1632.50000,3807.58911
1633.00000,3803.98193
1633.50000,3797.15845
1634.00000,3788.29102
1634.50000,3779.97974
1635.00000,3774.59790
1635.50000,3773.30176
1636.00000,3775.76172
1636.50000,3779.49976
1637.00000,3782.32202
1637.50000,3783.21899
1638.00000,3782.69922
1638.50000,3781.53809
1639.00000,3780.37891
1639.50000,3779.15430
1640.00000,3777.60498
1640.50000,3775.92407
1641.00000,3774.62720
1641.50000,3773.84351
1642.00000,3772.97290
1642.50000,3770.60400
1643.00000,3766.16821
1643.50000,3760.06567
1644.00000,3754.10620
1644.50000,3749.82568
1645.00000,3747.83276
1645.50000,3746.83228
1646.00000,3745.21411
1646.50000,3742.05054
1647.00000,3739.12939
1647.50000,3739.16797
1648.00000,3744.55762
1648.50000,3754.52563
1649.00000,3766.40015
1649.50000,3775.15356
1650.00000,3777.43506
1650.50000,3771.15039
1651.00000,3759.56982
1651.50000,3745.84351
1652.00000,3733.86914
1652.50000,3726.08521
1653.00000,3723.83203
1653.50000,3725.49927
1654.00000,3729.01685
1654.50000,3731.51001
1655.00000,3730.74292
1655.50000,3725.13086
1656.00000,3716.00513
1656.50000,3706.34570
1657.00000,3699.22778
1657.50000,3695.67358
1658.00000,3695.05005
1658.50000,3695.76880
1659.00000,3696.51904
1659.50000,3697.93359
1660.00000,3701.33130
1660.50000,3706.85840
1661.00000,3712.99463
1661.50000,3716.72900
1662.00000,3716.37964
1662.50000,3712.79785
1663.00000,3709.31567
1663.50000,3708.72876
1664.00000,3711.36523
1664.50000,3715.05054
1665.00000,3716.69092
1665.50000,3715.55444
1666.00000,3712.46143
1666.50000,3709.00610
1667.00000,3705.96313
1667.50000,3702.62207
1668.00000,3697.84155
1668.50000,3691.47046
1669.00000,3684.07373
1669.50000,3676.89063
1670.00000,3670.63550
1670.50000,3665.84961
1671.00000,3662.80103
1671.50000,3662.56860
1672.00000,3665.49316
1672.50000,3670.95728
1673.00000,3677.34082
1673.50000,3681.95068
1674.00000,3682.86279
1674.50000,3679.61328
1675.00000,3673.77808
1675.50000,3667.18091
1676.00000,3661.81519
1676.50000,3658.50366
1677.00000,3656.80200
1677.50000,3655.13525
1678.00000,3652.76367
1678.50000,3650.41724
1679.00000,3650.01099
1679.50000,3654.07153
1680.00000,3661.73853
1680.50000,3670.66479
1681.00000,3677.62427
1681.50000,3681.42847
1682.00000,3682.55322
1682.50000,3682.95483
1683.00000,3683.41577
1683.50000,3682.41748
1684.00000,3678.06348
1684.50000,3669.42334
1685.00000,3657.08472
1685.50000,3644.11743
1686.00000,3632.78320
1686.50000,3624.28687
1687.00000,3618.70337
1687.50000,3616.49414
1688.00000,3616.64722
1688.50000,3617.74023
1689.00000,3617.95825
1689.50000,3616.63599
1690.00000,3614.48413
1690.50000,3613.49780
1691.00000,3614.85767
1691.50000,3618.02734
1692.00000,3620.68701
1692.50000,3621.29834
1693.00000,3619.73291
1693.50000,3617.61890
1694.00000,3616.19287
1694.50000,3615.21851
1695.00000,3613.61548
1695.50000,3610.19653
1696.00000,3605.46021
1696.50000,3600.66699
1697.00000,3597.72510
1697.50000,3597.60181
1698.00000,3601.03809
1698.50000,3606.85474
1699.00000,3612.91553
1699.50000,3615.96899
1700.00000,3615.54858
1700.50000,3612.90356
1701.00000,3611.16333
1701.50000,3612.27539
1702.00000,3615.66333
1702.50000,3617.52148
1703.00000,3615.45508
1703.50000,3609.76392
1704.00000,3604.61792
1704.50000,3603.26025
1705.00000,3605.37158
1705.50000,3606.44727
1706.00000,3602.19141
1706.50000,3593.39111
1707.00000,3584.21240
1707.50000,3580.70581
1708.00000,3583.59253
1708.50000,3589.22681
1709.00000,3591.65942
1709.50000,3587.88892
1710.00000,3578.13696
1710.50000,3568.10669
1711.00000,3562.89990
1711.50000,3565.53589
1712.00000,3573.22217
1712.50000,3582.00464
1713.00000,3586.72583
1713.50000,3584.78833
1714.00000,3575.46118
1714.50000,3562.34448
1715.00000,3549.07153
1715.50000,3540.03687
1716.00000,3537.64526
1716.50000,3543.22632
1717.00000,3554.85742
1717.50000,3568.88989
1718.00000,3580.48047
1718.50000,3585.61548
1719.00000,3582.26367
1719.50000,3571.52881
1720.00000,3557.92090
1720.50000,3545.51904
1721.00000,3537.50220
1721.50000,3534.82715
1722.00000,3537.67407
1722.50000,3543.84082
1723.00000,3552.22510
1723.50000,3561.43115
1724.00000,3569.60010
1724.50000,3574.17847
1725.00000,3573.36523
1725.50000,3566.53735
1726.00000,3553.52222
1726.50000,3538.47559
1727.00000,3525.94312
1727.50000,3520.00977
1728.00000,3520.73535
1728.50000,3526.78052
1729.00000,3534.13647
1729.50000,3539.95825
1730.00000,3542.98120
1730.50000,3544.00244
1731.00000,3542.90967
1731.50000,3539.13867
1732.00000,3532.91992
1732.50000,3526.15283
1733.00000,3522.17700
1733.50000,3523.06763
1734.00000,3529.04370
1734.50000,3536.19263
1735.00000,3540.67651
1735.50000,3540.87964
1736.00000,3538.17114
1736.50000,3534.15479
1737.00000,3529.90381
1737.50000,3525.07593
1738.00000,3519.55371
1738.50000,3514.81445
1739.00000,3513.22266
1739.50000,3515.73315
1740.00000,3520.19678
