280.00000,7839.67578
280.50000,7845.30371
281.00000,7849.22363
281.50000,7853.55127
282.00000,7860.18994
282.50000,7869.76416
283.00000,7880.96582
283.50000,7891.20850
284.00000,7898.94971
284.50000,7904.29980
285.00000,7908.08252
285.50000,7910.95410
286.00000,7913.34961
286.50000,7914.91260
287.00000,7915.24512
287.50000,7914.44287
288.00000,7912.55029
288.50000,7909.90918
289.00000,7906.68750
289.50000,7903.22461
290.00000,7900.33936
290.50000,7899.23389
291.00000,7901.10938
291.50000,7905.98633
292.00000,7913.24121
292.50000,7920.02100
293.00000,7924.22412
293.50000,7924.29883
294.00000,7921.44922
294.50000,7917.28564
295.00000,7914.28223
295.50000,7913.55127
296.00000,7914.87158
296.50000,7916.82617
297.00000,7918.41943
297.50000,7919.25244
298.00000,7920.06641
298.50000,7921.88477
299.00000,7924.94189
299.50000,7928.57520
300.00000,7931.68262
300.50000,7933.41748
301.00000,7933.45361
301.50000,7932.33594
302.00000,7931.11133
302.50000,7930.22266
303.00000,7929.66016
303.50000,7929.16895
304.00000,7928.68506
304.50000,7928.71973
305.00000,7930.03906
305.50000,7933.33398
306.00000,7938.27197
306.50000,7944.32617
307.00000,7950.37793
307.50000,7955.61816
308.00000,7959.83105
308.50000,7963.58008
309.00000,7967.24512
309.50000,7970.96094
310.00000,7974.47412
310.50000,7977.26270
311.00000,7979.46924
311.50000,7981.75879
312.00000,7985.36377
312.50000,7990.85400
313.00000,7998.38770
313.50000,8006.73145
314.00000,8013.53223
314.50000,8016.35449
315.00000,8014.42676
315.50000,8008.22119
316.00000,7998.77588
316.50000,7989.04443
317.00000,7981.16650
317.50000,7976.06934
318.00000,7973.24072
318.50000,7972.26807
319.00000,7972.42871
319.50000,7973.84814
320.00000,7977.65332
320.50000,7983.82813
321.00000,7992.02246
321.50000,8000.59717
322.00000,8007.53906
322.50000,8010.55762
323.00000,8009.81152
323.50000,8007.63135
324.00000,8007.06738
324.50000,8010.02637
325.00000,8017.35107
325.50000,8027.39063
326.00000,8036.71582
326.50000,8041.73535
327.00000,8042.05273
327.50000,8038.48975
328.00000,8032.80273
328.50000,8027.20117
329.00000,8022.66943
329.50000,8018.63086
330.00000,8014.25830
330.50000,8009.52490
331.00000,8005.58936
331.50000,8004.23145
332.00000,8007.65479
332.50000,8015.46094
333.00000,8025.71533
333.50000,8035.44092
334.00000,8042.47168
334.50000,8044.98730
335.00000,8044.24756
335.50000,8042.13574
336.00000,8041.30078
336.50000,8042.88916
337.00000,8047.37354
337.50000,8053.73242
338.00000,8060.52588
338.50000,8065.77197
339.00000,8068.44385
339.50000,8068.23828
340.00000,8065.76172
340.50000,8062.74756
341.00000,8061.32813
341.50000,8063.38818
342.00000,8069.56494
342.50000,8078.79150
343.00000,8087.92432
343.50000,8094.20654
344.00000,8095.64746
344.50000,8092.94629
345.00000,8088.39404
345.50000,8086.35889
346.00000,8089.22998
346.50000,8098.13916
347.00000,8110.03857
347.50000,8121.43848
348.00000,8128.08057
348.50000,8128.38330
349.00000,8123.23584
349.50000,8116.54395
350.00000,8111.68848
350.50000,8111.81641
351.00000,8116.72461
351.50000,8125.33594
352.00000,8134.36084
352.50000,8141.68311
353.00000,8146.08447
353.50000,8148.33789
354.00000,8149.50586
354.50000,8150.72754
355.00000,8152.44238
355.50000,8154.24756
356.00000,8155.58154
356.50000,8156.30469
357.00000,8156.72510
357.50000,8157.62256
358.00000,8159.76660
358.50000,8163.22168
359.00000,8167.06641
359.50000,8170.30371
360.00000,8172.20361
360.50000,8172.76318
361.00000,8172.43359
361.50000,8172.40332
362.00000,8173.32227
362.50000,8175.18555
363.00000,8177.29834
363.50000,8178.87500
364.00000,8179.41406
364.50000,8178.93799
365.00000,8177.86377
365.50000,8176.74707
366.00000,8175.61865
366.50000,8174.15479
367.00000,8172.03125
367.50000,8169.04297
368.00000,8165.78223
368.50000,8163.27051
369.00000,8162.78564
369.50000,8164.41064
370.00000,8168.00684
370.50000,8172.63574
371.00000,8176.91406
371.50000,8179.39844
372.00000,8179.88477
372.50000,8178.78662
373.00000,8176.94824
373.50000,8175.73145
374.00000,8176.44922
374.50000,8180.19238
375.00000,8186.58252
375.50000,8194.53027
376.00000,8201.86914
376.50000,8206.46680
377.00000,8205.67285
377.50000,8199.42285
378.00000,8187.70703
378.50000,8173.79590
379.00000,8161.12500
379.50000,8153.34277
380.00000,8151.57861
380.50000,8155.67676
381.00000,8163.89502
381.50000,8171.77979
382.00000,8175.36426
382.50000,8172.74561
383.00000,8164.74854
383.50000,8153.21094
384.00000,8142.28955
384.50000,8135.62402
385.00000,8135.95850
385.50000,8140.98730
386.00000,8148.18213
386.50000,8154.08154
387.00000,8156.69580
387.50000,8155.03613
388.00000,8151.48291
388.50000,8148.78516
389.00000,8148.99707
389.50000,8151.74951
390.00000,8155.84766
390.50000,8159.30225
391.00000,8160.98633
391.50000,8160.67090
392.00000,8160.28418
392.50000,8161.25781
393.00000,8164.17822
393.50000,8168.14502
394.00000,8171.69727
394.50000,8173.38525
395.00000,8172.59473
395.50000,8169.80469
396.00000,8166.68945
396.50000,8164.47998
397.00000,8164.26221
397.50000,8166.37061
398.00000,8171.52881
398.50000,8179.55127
399.00000,8189.44922
399.50000,8199.42676
400.00000,8207.17480
400.50000,8210.35352
401.00000,8207.81738
401.50000,8201.07910
402.00000,8193.25781
402.50000,8188.76807
403.00000,8189.84229
403.50000,8197.28711
404.00000,8207.79980
404.50000,8217.93945
405.00000,8224.09570
405.50000,8225.07910
406.00000,8221.78809
406.50000,8217.36621
407.00000,8213.96484
407.50000,8213.01270
408.00000,8213.99609
408.50000,8216.07910
409.00000,8218.18066
409.50000,8220.02148
410.00000,8221.97168
410.50000,8224.42090
411.00000,8227.46875
411.50000,8230.86328
412.00000,8234.12305
412.50000,8236.94434
413.00000,8239.57520
413.50000,8242.41797
414.00000,8245.86719
414.50000,8249.83691
415.00000,8254.05078
415.50000,8258.00977
416.00000,8261.29492
416.50000,8263.62598
417.00000,8265.10254
417.50000,8265.97559
418.00000,8266.58594
418.50000,8267.52441
419.00000,8269.42773
419.50000,8272.98145
420.00000,8277.92285
420.50000,8283.63086
421.00000,8289.02637
421.50000,8293.32227
422.00000,8295.91895
422.50000,8297.50586
423.00000,8298.96680
423.50000,8301.26270
424.00000,8304.35742
424.50000,8307.67188
425.00000,8310.37402
425.50000,8312.13379
426.00000,8313.33789
426.50000,8315.43066
427.00000,8320.13965
427.50000,8328.20703
428.00000,8338.79395
428.50000,8350.69043
429.00000,8361.95117
429.50000,8371.12598
430.00000,8376.66016
430.50000,8378.54297
431.00000,8376.53809
431.50000,8370.79688
432.00000,8362.22754
432.50000,8351.83496
433.00000,8341.90918
433.50000,8334.75488
434.00000,8333.31152
434.50000,8336.68750
435.00000,8343.31348
435.50000,8350.10156
436.00000,8354.52832
436.50000,8354.75293
437.00000,8352.13867
437.50000,8349.30469
438.00000,8350.07617
438.50000,8355.49219
439.00000,8365.26660
439.50000,8376.39648
440.00000,8385.28809
440.50000,8387.48535
441.00000,8382.03125
441.50000,8369.41406
442.00000,8353.14551
442.50000,8337.82520
443.00000,8327.57129
443.50000,8324.50000
444.00000,8328.29688
444.50000,8338.22266
445.00000,8350.07813
445.50000,8360.71777
446.00000,8368.06250
446.50000,8372.22461
447.00000,8373.50781
447.50000,8373.00098
448.00000,8371.20020
448.50000,8367.33789
449.00000,8360.98730
449.50000,8352.12109
450.00000,8341.79492
450.50000,8331.89063
451.00000,8324.36523
451.50000,8319.87891
452.00000,8317.92285
452.50000,8317.41602
453.00000,8316.99707
453.50000,8316.93750
454.00000,8318.44043
454.50000,8322.26563
455.00000,8328.45215
455.50000,8334.72070
456.00000,8337.81934
456.50000,8333.60742
457.00000,8323.29883
457.50000,8309.10840
458.00000,8295.47168
458.50000,8285.97461
459.00000,8283.31543
459.50000,8285.76660
460.00000,8290.34961
460.50000,8293.57617
461.00000,8294.62695
461.50000,8294.47070
462.00000,8295.33203
462.50000,8298.64844
463.00000,8304.73145
463.50000,8311.02441
464.00000,8313.91895
464.50000,8309.79980
465.00000,8298.80859
465.50000,8281.52344
466.00000,8261.23145
466.50000,8241.76953
467.00000,8227.75488
467.50000,8221.58203
468.00000,8224.29102
468.50000,8234.59473
469.00000,8248.25391
469.50000,8261.23926
470.00000,8269.63965
470.50000,8271.71582
471.00000,8266.28223
471.50000,8256.95801
472.00000,8247.41406
472.50000,8240.92188
473.00000,8238.20996
473.50000,8239.01074
474.00000,8241.23633
474.50000,8243.07422
475.00000,8243.43164
475.50000,8243.34473
476.00000,8244.79297
476.50000,8249.73340
477.00000,8258.24219
477.50000,8269.48438
478.00000,8280.51660
478.50000,8288.31250
479.00000,8288.94629
479.50000,8282.64453
480.00000,8271.29590
480.50000,8258.60449
481.00000,8248.31543
481.50000,8243.76465
482.00000,8245.14551
482.50000,8251.11816
483.00000,8259.45215
483.50000,8267.07227
484.00000,8272.48145
484.50000,8275.37207
485.00000,8276.29590
485.50000,8275.29199
486.00000,8272.68457
486.50000,8268.51172
487.00000,8262.94336
487.50000,8257.18262
488.00000,8252.48145
488.50000,8249.64941
489.00000,8248.55078
489.50000,8248.79785
490.00000,8249.46387
490.50000,8250.24414
491.00000,8251.62695
491.50000,8254.31836
492.00000,8258.71582
492.50000,8264.11426
493.00000,8269.13867
493.50000,8271.82324
494.00000,8271.32324
494.50000,8267.25195
495.00000,8259.88574
495.50000,8250.99121
496.00000,8242.07910
496.50000,8234.65625
497.00000,8229.78223
497.50000,8228.95898
498.00000,8231.55469
498.50000,8236.67578
499.00000,8242.12207
499.50000,8245.43750
500.00000,8245.18945
500.50000,8242.28027
501.00000,8238.74805
501.50000,8237.24121
502.00000,8238.65430
502.50000,8242.49902
503.00000,8246.16992
503.50000,8246.67871
504.00000,8242.24219
504.50000,8234.32617
505.00000,8225.74512
505.50000,8220.50000
506.00000,8220.68848
506.50000,8227.63477
507.00000,8240.50293
507.50000,8256.08691
508.00000,8271.13574
508.50000,8283.25977
509.00000,8291.39355
509.50000,8294.96680
510.00000,8295.90918
510.50000,8295.88184
511.00000,8296.80566
511.50000,8299.51465
512.00000,8303.49805
512.50000,8306.97070
513.00000,8308.41211
513.50000,8306.61035
514.00000,8302.45215
514.50000,8297.18262
515.00000,8292.68555
515.50000,8290.35449
516.00000,8291.18262
516.50000,8294.59570
517.00000,8300.18262
517.50000,8307.35156
518.00000,8314.70313
518.50000,8320.41406
519.00000,8322.45703
519.50000,8319.73047
520.00000,8311.69336
520.50000,8301.74609
521.00000,8293.02148
521.50000,8288.61621
522.00000,8288.69336
522.50000,8292.13867
523.00000,8295.64844
523.50000,8296.30664
524.00000,8291.18945
524.50000,8281.97461
525.00000,8270.47363
525.50000,8259.01855
526.00000,8249.37500
526.50000,8243.04980
527.00000,8240.53516
527.50000,8241.76758
528.00000,8247.17383
528.50000,8254.66309
529.00000,8261.96484
529.50000,8266.32617
530.00000,8266.29688
530.50000,8260.59180
531.00000,8250.43750
531.50000,8237.74805
532.00000,8224.73438
532.50000,8213.74805
533.00000,8206.67871
533.50000,8204.79395
534.00000,8207.60156
534.50000,8214.29785
535.00000,8221.58594
535.50000,8225.89746
536.00000,8222.83594
536.50000,8212.38477
537.00000,8196.74902
537.50000,8182.11816
538.00000,8173.64502
538.50000,8175.57520
539.00000,8185.73535
539.50000,8199.72949
540.00000,8211.24219
540.50000,8216.06055
541.00000,8212.05762
541.50000,8202.34375
542.00000,8191.93799
542.50000,8184.92432
543.00000,8182.35693
543.50000,8183.36670
544.00000,8185.71045
544.50000,8186.85498
545.00000,8185.45166
545.50000,8182.09424
546.00000,8178.82568
546.50000,8177.93115
547.00000,8180.00879
547.50000,8184.60938
548.00000,8189.96143
548.50000,8193.70020
549.00000,8193.72168
549.50000,8189.73291
550.00000,8183.40479
550.50000,8177.69580
551.00000,8174.91162
551.50000,8176.14355
552.00000,8181.08398
552.50000,8187.63574
553.00000,8194.02734
553.50000,8199.00000
554.00000,8202.28320
554.50000,8203.40332
555.00000,8202.44434
555.50000,8198.46777
556.00000,8190.68506
556.50000,8180.07275
557.00000,8168.46582
557.50000,8158.98584
558.00000,8154.00977
558.50000,8155.69434
559.00000,8161.54590
559.50000,8168.50049
560.00000,8173.62158
560.50000,8176.07715
561.00000,8176.39697
561.50000,8176.54590
562.00000,8177.72412
562.50000,8179.74365
563.00000,8180.59033
563.50000,8177.72412
564.00000,8170.58496
564.50000,8161.39844
565.00000,8153.77490
565.50000,8150.93652
566.00000,8154.21826
566.50000,8163.17676
567.00000,8173.65234
567.50000,8181.67578
568.00000,8184.07080
568.50000,8181.43408
569.00000,8175.15479
569.50000,8168.05518
570.00000,8161.65771
570.50000,8156.52832
571.00000,8152.13184
571.50000,8148.28955
572.00000,8145.55127
572.50000,8145.17480
573.00000,8148.88721
573.50000,8155.93848
574.00000,8164.82324
574.50000,8172.91748
575.00000,8178.07617
575.50000,8178.68750
576.00000,8175.10205
576.50000,8168.79785
577.00000,8161.00049
577.50000,8153.05664
578.00000,8145.47412
578.50000,8138.79834
579.00000,8133.60840
579.50000,8131.07422
580.00000,8131.64209
580.50000,8134.78516
581.00000,8139.19824
581.50000,8142.29541
582.00000,8141.66943
582.50000,8136.27832
583.00000,8127.68799
583.50000,8118.13232
584.00000,8110.76611
584.50000,8107.84229
585.00000,8111.84131
585.50000,8121.25977
586.00000,8134.55859
586.50000,8148.43896
587.00000,8159.47510
587.50000,8164.79590
588.00000,8164.42285
588.50000,8159.87939
589.00000,8153.64063
589.50000,8148.90967
590.00000,8147.81348
590.50000,8150.78711
591.00000,8156.06055
591.50000,8161.05518
592.00000,8163.54932
592.50000,8162.79834
593.00000,8158.83252
593.50000,8153.36719
594.00000,8147.59570
594.50000,8142.47852
595.00000,8138.30762
595.50000,8135.32227
596.00000,8133.50586
596.50000,8133.10938
597.00000,8134.50049
597.50000,8137.25879
598.00000,8140.88232
598.50000,8144.40283
599.00000,8147.05029
599.50000,8148.25146
600.00000,8148.50049
600.50000,8148.59033
601.00000,8149.61523
601.50000,8151.82617
602.00000,8154.59521
602.50000,8156.27979
603.00000,8155.23828
603.50000,8149.34180
604.00000,8139.23535
604.50000,8126.27979
605.00000,8113.44385
605.50000,8103.86230
606.00000,8100.70020
606.50000,8103.39941
607.00000,8109.25195
607.50000,8114.55762
608.00000,8116.21484
608.50000,8112.81055
609.00000,8105.44287
609.50000,8097.89648
610.00000,8094.68506
610.50000,8098.62402
611.00000,8109.76172
611.50000,8125.51709
612.00000,8140.37451
612.50000,8150.12305
613.00000,8152.02930
613.50000,8147.22119
614.00000,8137.16504
614.50000,8125.23047
615.00000,8113.57324
615.50000,8103.31006
616.00000,8094.12842
616.50000,8086.00928
617.00000,8079.77979
617.50000,8076.54834
618.00000,8078.04590
618.50000,8083.60986
619.00000,8091.35986
619.50000,8098.04492
620.00000,8100.95947
620.50000,8098.47363
621.00000,8091.67529
621.50000,8083.98242
622.00000,8078.81494
622.50000,8077.39063
623.00000,8079.22070
623.50000,8082.57422
624.00000,8085.12695
624.50000,8085.38721
625.00000,8083.04883
625.50000,8078.74219
626.00000,8072.69482
626.50000,8065.48877
627.00000,8057.72266
627.50000,8050.82129
628.00000,8046.54004
628.50000,8046.98779
629.00000,8052.35547
629.50000,8060.55420
630.00000,8067.72119
630.50000,8069.90527
631.00000,8064.59033
631.50000,8051.81055
632.00000,8036.75391
632.50000,8024.45996
633.00000,8018.37158
633.50000,8018.69971
634.00000,8024.50488
634.50000,8031.88867
635.00000,8038.54883
635.50000,8043.33398
636.00000,8046.82617
636.50000,8049.73389
637.00000,8052.42383
637.50000,8054.65869
638.00000,8056.19678
638.50000,8057.77051
639.00000,8060.58496
639.50000,8065.72070
640.00000,8072.63623
640.50000,8079.47119
641.00000,8083.45410
641.50000,8082.82129
642.00000,8076.86816
642.50000,8069.40576
643.00000,8064.18066
643.50000,8064.07715
644.00000,8068.72314
644.50000,8076.27197
645.00000,8082.89258
645.50000,8085.71191
646.00000,8082.32080
646.50000,8073.89844
647.00000,8061.41602
647.50000,8046.93311
648.00000,8032.90869
648.50000,8022.39893
649.00000,8017.72266
649.50000,8020.63916
650.00000,8032.06201
650.50000,8047.91699
651.00000,8063.27490
651.50000,8072.18506
652.00000,8071.83496
652.50000,8061.01367
653.00000,8045.68604
653.50000,8032.32080
654.00000,8026.64746
654.50000,8028.70898
655.00000,8036.61768
655.50000,8045.46875
656.00000,8051.28809
656.50000,8051.22559
657.00000,8046.78906
657.50000,8040.14844
658.00000,8033.98291
658.50000,8029.78955
659.00000,8027.75293
659.50000,8026.85400
660.00000,8026.12988
660.50000,8024.90479
661.00000,8023.05859
661.50000,8020.64697
662.00000,8017.93848
662.50000,8015.43311
663.00000,8013.95605
663.50000,8014.36621
664.00000,8017.36670
664.50000,8023.84619
665.00000,8032.69922
665.50000,8042.99023
666.00000,8053.14551
666.50000,8061.72559
667.00000,8067.21436
667.50000,8069.24170
668.00000,8067.99170
668.50000,8063.39307
669.00000,8056.60156
669.50000,8047.87109
670.00000,8037.41504
670.50000,8025.92627
671.00000,8014.44678
671.50000,8004.81982
672.00000,7999.03516
672.50000,7999.75342
673.00000,8006.32715
673.50000,8017.83643
674.00000,8031.30615
674.50000,8043.44385
675.00000,8051.24609
675.50000,8054.21533
676.00000,8053.12256
676.50000,8048.98682
677.00000,8043.21631
677.50000,8036.06299
678.00000,8027.84521
678.50000,8019.28418
679.00000,8011.74463
679.50000,8006.48486
680.00000,8004.29980
680.50000,8005.25439
681.00000,8007.67236
681.50000,8010.00635
682.00000,8011.15381
682.50000,8011.10156
683.00000,8010.15479
683.50000,8009.01367
684.00000,8008.20703
684.50000,8008.63916
685.00000,8011.30078
685.50000,8017.99854
686.00000,8029.37402
686.50000,8044.20752
687.00000,8059.15674
687.50000,8068.96777
688.00000,8069.26709
688.50000,8058.28223
689.00000,8040.30859
689.50000,8020.80273
690.00000,8006.26221
690.50000,8000.01025
691.00000,8004.07861
691.50000,8013.69678
692.00000,8024.94189
692.50000,8033.87061
693.00000,8039.10840
693.50000,8040.33838
694.00000,8039.13770
694.50000,8036.38770
695.00000,8031.97607
695.50000,8026.17725
696.00000,8019.28516
696.50000,8012.32568
697.00000,8006.49170
697.50000,8002.96826
698.00000,8001.68799
698.50000,8001.99268
699.00000,8003.00439
699.50000,8003.85791
700.00000,8004.49365
700.50000,8005.60400
701.00000,8008.10156
701.50000,8013.36279
702.00000,8021.64502
702.50000,8032.61914
703.00000,8045.04980
703.50000,8056.42285
704.00000,8063.89746
704.50000,8065.43457
705.00000,8061.40332
705.50000,8053.17334
706.00000,8045.02539
706.50000,8040.38428
707.00000,8041.33301
707.50000,8045.95313
708.00000,8051.42334
708.50000,8054.31250
709.00000,8053.20117
709.50000,8048.10156
710.00000,8041.99658
710.50000,8037.43799
711.00000,8036.13965
711.50000,8037.12549
712.00000,8038.60400
712.50000,8038.68652
713.00000,8037.36865
713.50000,8036.19531
714.00000,8037.12793
714.50000,8041.25928
715.00000,8048.10742
715.50000,8055.30273
716.00000,8060.27197
716.50000,8061.60791
717.00000,8059.67383
717.50000,8055.67236
718.00000,8052.02930
718.50000,8050.37549
719.00000,8051.70459
719.50000,8055.49268
720.00000,8061.61816
720.50000,8069.28320
721.00000,8077.55518
721.50000,8084.86084
722.00000,8089.67725
722.50000,8090.43799
723.00000,8086.60059
723.50000,8079.67676
724.00000,8071.51709
724.50000,8064.31787
725.00000,8058.86816
725.50000,8054.41455
726.00000,8048.79639
726.50000,8040.52295
727.00000,8029.93994
727.50000,8019.44678
728.00000,8012.77197
728.50000,8012.10742
729.00000,8017.80127
729.50000,8028.49316
730.00000,8039.92773
730.50000,8048.60010
731.00000,8052.41309
731.50000,8051.97754
732.00000,8048.68066
732.50000,8045.20801
733.00000,8042.88428
733.50000,8042.05127
734.00000,8041.97412
734.50000,8042.19141
735.00000,8042.62061
735.50000,8043.58057
736.00000,8045.74365
736.50000,8049.25732
737.00000,8054.26270
737.50000,8061.06689
738.00000,8069.67822
738.50000,8080.51270
739.00000,8092.95410
739.50000,8105.18506
740.00000,8113.81250
740.50000,8116.77637
741.00000,8112.85840
741.50000,8102.99854
742.00000,8091.21338
742.50000,8081.35303
743.00000,8075.74463
743.50000,8073.89209
744.00000,8073.51318
744.50000,8071.30469
745.00000,8065.73682
745.50000,8057.86768
746.00000,8051.11377
746.50000,8048.98828
747.00000,8051.65674
747.50000,8056.69189
748.00000,8060.03223
748.50000,8059.16357
749.00000,8053.82080
749.50000,8046.96436
750.00000,8042.82568
750.50000,8045.42334
751.00000,8054.68799
751.50000,8068.05371
752.00000,8081.31006
752.50000,8090.74902
753.00000,8094.37549
753.50000,8092.82520
754.00000,8089.07324
754.50000,8085.24072
755.00000,8082.37891
755.50000,8080.15039
756.00000,8077.34180
756.50000,8073.03320
757.00000,8066.87891
757.50000,8059.71484
758.00000,8053.02832
758.50000,8048.64014
759.00000,8047.15088
759.50000,8048.38770
760.00000,8051.39844
760.50000,8054.36133
761.00000,8055.95215
761.50000,8055.86084
762.00000,8054.75537
762.50000,8053.55713
763.00000,8053.01123
763.50000,8053.25537
764.00000,8053.97705
764.50000,8054.71826
765.00000,8055.53662
765.50000,8057.05762
766.00000,8059.98389
766.50000,8065.01514
767.00000,8071.19482
767.50000,8076.89941
768.00000,8079.58984
768.50000,8078.00146
769.00000,8071.75781
769.50000,8063.08398
770.00000,8055.05518
770.50000,8051.76221
771.00000,8054.57715
771.50000,8063.98340
772.00000,8078.21240
772.50000,8093.23633
773.00000,8104.75098
773.50000,8109.70996
774.00000,8107.28418
774.50000,8097.28613
775.00000,8084.08057
775.50000,8071.46045
776.00000,8063.52734
776.50000,8061.44775
777.00000,8065.06787
777.50000,8071.16699
778.00000,8076.68701
778.50000,8079.05957
779.00000,8078.72217
779.50000,8077.37109
780.00000,8077.86133
780.50000,8081.89063
781.00000,8090.21533
781.50000,8100.74756
782.00000,8111.03809
782.50000,8118.46338
783.00000,8122.41748
783.50000,8122.70752
784.00000,8120.00684
784.50000,8115.32617
785.00000,8109.19580
785.50000,8103.00830
786.00000,8098.62158
786.50000,8098.91455
787.00000,8104.75977
787.50000,8116.55322
788.00000,8131.90869
788.50000,8147.20605
789.00000,8158.36670
789.50000,8163.71094
790.00000,8162.72900
790.50000,8155.72998
791.00000,8144.98877
791.50000,8131.61963
792.00000,8117.41553
792.50000,8104.55029
793.00000,8096.74805
793.50000,8096.03760
794.00000,8104.07520
794.50000,8120.70752
795.00000,8141.68506
795.50000,8162.56445
796.00000,8178.73438
796.50000,8187.99512
797.00000,8188.70215
797.50000,8184.38232
798.00000,8178.15918
798.50000,8173.80518
799.00000,8173.42041
799.50000,8178.15527
800.00000,8186.45166
800.50000,8195.98633
801.00000,8204.13281
801.50000,8209.79980
802.00000,8212.80371
802.50000,8213.86719
803.00000,8214.02734
803.50000,8213.44336
804.00000,8211.87500
804.50000,8209.01758
805.00000,8204.90430
805.50000,8200.80469
806.00000,8198.35840
806.50000,8199.15234
807.00000,8203.36914
807.50000,8210.99414
808.00000,8220.55664
808.50000,8231.00586
809.00000,8241.86523
809.50000,8253.03027
810.00000,8264.44043
810.50000,8275.33301
811.00000,8284.36523
811.50000,8289.02051
812.00000,8288.25879
812.50000,8281.87012
813.00000,8270.89648
813.50000,8259.21582
814.00000,8250.99805
814.50000,8249.86035
815.00000,8256.42969
815.50000,8270.21191
816.00000,8286.12695
816.50000,8299.39648
817.00000,8305.39746
817.50000,8304.21387
818.00000,8297.45996
818.50000,8289.73340
819.00000,8284.99219
819.50000,8285.91504
820.00000,8290.86914
820.50000,8297.64258
821.00000,8303.67285
821.50000,8307.83984
822.00000,8310.25293
822.50000,8312.26953
823.00000,8315.10840
823.50000,8319.76953
824.00000,8326.01953
824.50000,8333.67578
825.00000,8342.49023
825.50000,8351.93555
826.00000,8361.22949
826.50000,8368.93848
827.00000,8373.53125
827.50000,8372.60352
828.00000,8366.87012
828.50000,8357.65137
829.00000,8348.28223
829.50000,8341.98535
830.00000,8341.49609
830.50000,8346.26953
831.00000,8354.03027
831.50000,8361.40527
832.00000,8365.60254
832.50000,8365.22461
833.00000,8361.08301
833.50000,8355.88477
834.00000,8352.62500
834.50000,8353.24121
835.00000,8358.31348
835.50000,8367.85547
836.00000,8379.69238
836.50000,8392.16895
837.00000,8403.35156
837.50000,8411.94336
838.00000,8416.41699
838.50000,8417.23340
839.00000,8415.63086
839.50000,8413.67773
840.00000,8413.62891
840.50000,8417.19727
841.00000,8424.50391
841.50000,8434.09863
842.00000,8444.26660
842.50000,8453.37402
843.00000,8460.83301
843.50000,8466.92285
844.00000,8472.85449
844.50000,8479.81152
845.00000,8488.70898
845.50000,8499.85449
846.00000,8513.73340
846.50000,8529.37500
847.00000,8545.46387
847.50000,8559.59082
848.00000,8569.75586
848.50000,8573.88965
849.00000,8572.79590
849.50000,8569.25000
850.00000,8566.81738
850.50000,8567.94629
851.00000,8573.33789
851.50000,8581.62402
852.00000,8590.01367
852.50000,8596.52637
853.00000,8601.11523
853.50000,8605.20117
854.00000,8610.94434
854.50000,8619.04102
855.00000,8629.12695
855.50000,8639.66797
856.00000,8649.25293
856.50000,8657.32813
857.00000,8664.65527
857.50000,8672.10938
858.00000,8680.00195
858.50000,8687.60156
859.00000,8693.90234
859.50000,8698.52246
860.00000,8702.48926
860.50000,8707.33691
861.00000,8713.71289
861.50000,8720.81543
862.00000,8726.46582
862.50000,8729.34375
863.00000,8729.73633
863.50000,8730.71484
864.00000,8735.95996
864.50000,8749.02344
865.00000,8768.16895
865.50000,8789.34375
866.00000,8806.84668
866.50000,8818.40723
867.00000,8825.26563
867.50000,8833.20020
868.00000,8847.64258
868.50000,8872.20508
869.00000,8902.06934
869.50000,8929.81836
870.00000,8946.39648
870.50000,8950.30859
871.00000,8943.93164
871.50000,8936.18848
872.00000,8934.82324
872.50000,8945.01465
873.00000,8962.96680
873.50000,8983.33496
874.00000,8999.85742
874.50000,9009.96289
875.00000,9012.97266
875.50000,9011.13867
876.00000,9006.73535
876.50000,9000.69727
877.00000,8993.96777
877.50000,8987.33496
878.00000,8982.23926
878.50000,8979.70996
879.00000,8980.54590
879.50000,8983.70898
880.00000,8987.38770
880.50000,8989.16504
881.00000,8987.62109
881.50000,8981.36523
882.00000,8969.40918
882.50000,8952.53027
883.00000,8931.44043
883.50000,8909.30371
884.00000,8889.77637
884.50000,8877.56543
885.00000,8873.08594
885.50000,8875.93359
886.00000,8883.02734
886.50000,8890.21973
887.00000,8894.06543
887.50000,8893.19434
888.00000,8887.52051
888.50000,8876.91895
889.00000,8863.21582
889.50000,8847.56836
890.00000,8831.85156
890.50000,8817.77441
891.00000,8806.90625
891.50000,8798.87305
892.00000,8792.57227
892.50000,8786.60254
893.00000,8780.16797
893.50000,8773.68262
894.00000,8768.33789
894.50000,8764.80273
895.00000,8763.02930
895.50000,8761.48145
896.00000,8758.87012
896.50000,8754.76758
897.00000,8750.60254
897.50000,8748.64746
898.00000,8750.58789
898.50000,8756.21680
899.00000,8764.41406
899.50000,8772.38770
900.00000,8778.00879
900.50000,8779.68457
901.00000,8778.01367
901.50000,8773.72266
902.00000,8768.49707
902.50000,8763.78613
903.00000,8760.93555
903.50000,8760.06738
904.00000,8761.03516
904.50000,8763.28809
905.00000,8766.05469
905.50000,8769.17773
906.00000,8772.90039
906.50000,8777.58301
907.00000,8783.49414
907.50000,8789.73047
908.00000,8794.94336
908.50000,8797.48145
909.00000,8797.00391
909.50000,8793.78613
910.00000,8789.81836
910.50000,8787.05566
911.00000,8787.37402
911.50000,8790.36914
912.00000,8795.28516
912.50000,8800.90625
913.00000,8806.69238
913.50000,8813.27734
914.00000,8821.54980
914.50000,8831.81348
915.00000,8843.36816
915.50000,8854.05469
916.00000,8861.64941
916.50000,8864.87500
917.00000,8864.60449
917.50000,8862.15625
918.00000,8859.59668
918.50000,8857.87012
919.00000,8857.04199
919.50000,8856.47559
920.00000,8856.12891
920.50000,8856.84180
921.00000,8859.79883
921.50000,8866.84082
922.00000,8878.03223
922.50000,8893.15723
923.00000,8911.88086
923.50000,8932.63086
924.00000,8953.98828
924.50000,8973.53613
925.00000,8988.94824
925.50000,8997.22949
926.00000,8999.62891
926.50000,8998.99707
927.00000,9000.40039
927.50000,9007.35547
928.00000,9020.79883
928.50000,9036.37109
929.00000,9047.98438
929.50000,9049.18652
930.00000,9041.36035
930.50000,9028.90918
931.00000,9019.74219
931.50000,9019.50781
932.00000,9031.57324
932.50000,9052.76563
933.00000,9077.60742
933.50000,9100.47070
934.00000,9118.40820
934.50000,9130.65137
935.00000,9138.65527
935.50000,9145.65820
936.00000,9154.86523
936.50000,9168.68945
937.00000,9188.03418
937.50000,9213.42285
938.00000,9241.70508
938.50000,9270.11133
939.00000,9295.80762
939.50000,9318.07520
940.00000,9337.38867
940.50000,9356.15723
941.00000,9376.44531
941.50000,9400.07422
942.00000,9426.80566
942.50000,9456.74902
943.00000,9490.10254
943.50000,9527.14648
944.00000,9569.79297
944.50000,9618.54785
945.00000,9673.71289
945.50000,9735.66797
946.00000,9801.71973
946.50000,9869.37012
947.00000,9934.68652
947.50000,9994.20703
948.00000,10043.08203
948.50000,10080.85742
949.00000,10107.87207
949.50000,10125.02246
950.00000,10136.80371
950.50000,10146.19434
951.00000,10156.63867
951.50000,10170.48047
952.00000,10190.12207
952.50000,10214.81543
953.00000,10243.09668
953.50000,10272.18457
954.00000,10299.10645
954.50000,10321.64648
955.00000,10339.67285
955.50000,10354.51855
956.00000,10367.13281
956.50000,10378.56836
957.00000,10388.68066
957.50000,10397.03027
958.00000,10404.07422
958.50000,10410.64355
959.00000,10417.69043
959.50000,10425.07910
960.00000,10430.70605
960.50000,10431.87695
961.00000,10425.44238
961.50000,10409.13672
962.00000,10384.62500
962.50000,10353.21191
963.00000,10318.48145
963.50000,10283.24121
964.00000,10249.63184
964.50000,10217.97656
965.00000,10187.65234
965.50000,10156.68359
966.00000,10122.88281
966.50000,10083.78906
967.00000,10039.66309
967.50000,9992.64355
968.00000,9946.86230
968.50000,9906.22852
969.00000,9873.61328
969.50000,9848.87598
970.00000,9828.57031
970.50000,9809.71875
971.00000,9790.51172
971.50000,9772.05078
972.00000,9758.33105
972.50000,9751.86621
973.00000,9754.15137
973.50000,9762.76074
974.00000,9772.89063
974.50000,9780.11035
975.00000,9783.08496
975.50000,9783.24805
976.00000,9784.16992
976.50000,9788.89258
977.00000,9799.00293
977.50000,9813.17188
978.00000,9828.59961
978.50000,9842.81055
979.00000,9855.08301
979.50000,9866.17383
980.00000,9877.99414
980.50000,9892.18750
981.00000,9910.12402
981.50000,9931.78027
982.00000,9956.18359
982.50000,9982.59668
983.00000,10009.84863
983.50000,10037.90039
984.00000,10067.98730
984.50000,10101.71094
985.00000,10141.73730
985.50000,10188.72363
986.00000,10241.09961
986.50000,10295.98340
987.00000,10348.77344
987.50000,10396.41992
988.00000,10438.45898
988.50000,10478.84570
989.00000,10523.80078
989.50000,10579.07031
990.00000,10646.95996
990.50000,10728.68457
991.00000,10816.95801
991.50000,10906.15137
992.00000,10991.81348
992.50000,11074.65723
993.00000,11159.97754
993.50000,11254.72949
994.00000,11363.05762
994.50000,11487.08105
995.00000,11618.95410
995.50000,11752.31445
996.00000,11882.56250
996.50000,12010.76367
997.00000,12142.06348
997.50000,12280.69141
998.00000,12426.40234
998.50000,12573.54785
999.00000,12713.49121
999.50000,12838.93652
1000.00000,12948.13770
1000.50000,13045.63672
1001.00000,13133.99023
1001.50000,13215.57422
1002.00000,13288.17676
1002.50000,13345.86816
1003.00000,13388.05664
1003.50000,13412.35938
1004.00000,13418.91016
1004.50000,13408.38086
1005.00000,13374.57715
1005.50000,13318.72559
1006.00000,13242.35156
1006.50000,13150.02930
1007.00000,13051.37988
1007.50000,12949.92871
1008.00000,12844.01660
1008.50000,12728.81152
1009.00000,12597.29883
1009.50000,12453.21582
1010.00000,12303.63477
1010.50000,12159.11230
1011.00000,12025.35254
1011.50000,11903.83301
1012.00000,11789.76270
1012.50000,11678.67773
1013.00000,11570.18652
1013.50000,11466.03516
1014.00000,11368.82910
1014.50000,11279.33105
1015.00000,11194.76367
1015.50000,11114.19922
1016.00000,11038.35938
1016.50000,10969.61328
1017.00000,10912.00098
1017.50000,10862.22070
1018.00000,10815.98828
1018.50000,10767.74805
1019.00000,10715.82910
1019.50000,10663.11914
1020.00000,10615.62012
1020.50000,10577.36621
1021.00000,10550.40723
1021.50000,10529.03809
1022.00000,10508.46777
1022.50000,10484.90527
1023.00000,10458.12500
1023.50000,10429.29199
1024.00000,10400.14063
1024.50000,10371.08008
1025.00000,10341.72363
1025.50000,10312.07031
1026.00000,10282.98047
1026.50000,10255.85352
1027.00000,10231.25781
1027.50000,10209.34668
1028.00000,10188.94336
1028.50000,10169.45801
1029.00000,10151.37207
1029.50000,10135.49023
1030.00000,10123.06836
1030.50000,10114.16992
1031.00000,10107.31445
1031.50000,10100.18359
1032.00000,10090.24512
1032.50000,10075.79102
1033.00000,10056.13574
1033.50000,10033.74316
1034.00000,10011.64258
1034.50000,9993.29883
1035.00000,9980.34375
1035.50000,9973.86328
1036.00000,9971.28809
1036.50000,9970.53516
1037.00000,9969.68555
1037.50000,9967.72070
1038.00000,9963.99219
1038.50000,9958.33398
1039.00000,9951.06738
1039.50000,9943.31738
1040.00000,9937.47168
1040.50000,9936.05664
1041.00000,9940.43457
1041.50000,9947.98145
1042.00000,9954.03809
1042.50000,9953.47266
1043.00000,9944.33203
1043.50000,9926.96289
1044.00000,9908.21094
1044.50000,9894.31348
1045.00000,9890.41602
1045.50000,9895.97266
1046.00000,9909.08105
1046.50000,9924.38184
1047.00000,9937.79785
1047.50000,9946.15527
1048.00000,9950.17188
1048.50000,9951.08594
1049.00000,9951.06543
1049.50000,9951.69629
1050.00000,9953.42871
1050.50000,9955.58105
1051.00000,9957.64844
1051.50000,9960.17188
1052.00000,9964.41309
1052.50000,9971.49121
1053.00000,9980.38184
1053.50000,9987.81250
1054.00000,9989.09961
1054.50000,9983.31152
1055.00000,9973.06543
1055.50000,9964.63086
1056.00000,9963.17090
1056.50000,9970.28809
1057.00000,9981.03809
1057.50000,9988.12793
1058.00000,9985.35156
1058.50000,9975.31934
1059.00000,9964.72168
1059.50000,9962.58203
1060.00000,9971.16504
1060.50000,9988.01270
1061.00000,10004.79395
1061.50000,10014.80762
1062.00000,10014.19336
1062.50000,10007.50684
1063.00000,9999.84277
1063.50000,9995.64258
1064.00000,9995.25098
1064.50000,9997.43066
1065.00000,10000.33203
1065.50000,10003.49609
1066.00000,10007.56836
1066.50000,10012.38965
1067.00000,10016.67773
1067.50000,10018.31934
1068.00000,10016.94922
1068.50000,10013.97852
1069.00000,10013.00000
1069.50000,10016.83398
1070.00000,10027.61816
1070.50000,10042.22266
1071.00000,10057.22461
1071.50000,10068.89063
1072.00000,10076.25098
1072.50000,10079.90918
1073.00000,10082.76172
1073.50000,10087.14355
1074.00000,10094.59766
1074.50000,10103.90918
1075.00000,10113.36621
1075.50000,10120.98730
1076.00000,10126.16309
1076.50000,10128.96680
1077.00000,10130.61523
1077.50000,10131.75391
1078.00000,10132.06934
1078.50000,10131.21191
1079.00000,10129.54395
1079.50000,10129.39258
1080.00000,10133.73926
1080.50000,10145.91113
1081.00000,10164.05664
1081.50000,10183.48145
1082.00000,10196.70703
1082.50000,10200.27930
1083.00000,10194.26367
1083.50000,10185.07422
1084.00000,10180.27148
1084.50000,10185.69824
1085.00000,10198.67871
1085.50000,10213.59668
1086.00000,10224.07520
1086.50000,10229.29883
1087.00000,10232.78418
1087.50000,10240.56543
1088.00000,10255.03613
1088.50000,10274.33203
1089.00000,10291.49902
1089.50000,10301.50781
1090.00000,10303.51563
1090.50000,10303.61523
1091.00000,10308.61523
1091.50000,10321.60840
1092.00000,10339.57715
1092.50000,10355.70020
1093.00000,10364.55566
1093.50000,10365.10352
1094.00000,10361.60547
1094.50000,10361.05762
1095.00000,10368.90039
1095.50000,10385.09277
1096.00000,10405.94434
1096.50000,10426.88184
1097.00000,10444.62598
1097.50000,10458.07031
1098.00000,10467.53613
1098.50000,10474.33301
1099.00000,10478.57715
1099.50000,10480.83301
1100.00000,10482.07422
1100.50000,10484.36426
1101.00000,10489.89355
1101.50000,10500.75781
1102.00000,10517.52441
1102.50000,10537.91016
1103.00000,10558.94922
1103.50000,10577.56152
1104.00000,10592.99121
1104.50000,10607.36230
1105.00000,10625.23730
1105.50000,10650.78711
1106.00000,10684.27734
1106.50000,10720.18164
1107.00000,10749.46777
1107.50000,10765.71191
1108.00000,10767.91016
1108.50000,10760.61230
1109.00000,10754.86328
1109.50000,10759.26074
1110.00000,10776.61426
1110.50000,10802.36328
1111.00000,10830.73438
1111.50000,10856.92578
1112.00000,10880.74902
1112.50000,10905.01270
1113.00000,10931.91699
1113.50000,10960.97070
1114.00000,10988.77930
1114.50000,11012.66797
1115.00000,11032.08887
1115.50000,11051.19824
1116.00000,11074.50977
1116.50000,11105.55371
1117.00000,11142.49414
1117.50000,11182.44922
1118.00000,11221.90234
1118.50000,11259.81250
1119.00000,11297.09570
1119.50000,11335.22461
1120.00000,11374.24023
1120.50000,11412.63770
1121.00000,11449.17578
1121.50000,11484.26855
1122.00000,11520.91895
1122.50000,11562.20410
1123.00000,11610.80762
1123.50000,11663.48145
1124.00000,11716.00098
1124.50000,11764.06152
1125.00000,11807.97656
1125.50000,11852.06738
1126.00000,11902.93164
1126.50000,11964.07324
1127.00000,12035.76367
1127.50000,12109.43066
1128.00000,12176.88086
1128.50000,12232.31152
1129.00000,12278.19434
1129.50000,12320.54980
1130.00000,12367.80176
1130.50000,12424.38574
1131.00000,12491.93262
1131.50000,12565.16797
1132.00000,12640.62988
1132.50000,12716.14063
1133.00000,12791.61133
1133.50000,12867.54492
1134.00000,12943.50781
1134.50000,13018.51367
1135.00000,13092.19727
1135.50000,13166.59277
1136.00000,13245.47461
1136.50000,13332.29102
1137.00000,13426.88281
1137.50000,13527.67578
1138.00000,13630.11621
1138.50000,13732.32813
1139.00000,13836.72754
1139.50000,13948.76758
1140.00000,14076.88770
1140.50000,14226.49121
1141.00000,14396.74512
1141.50000,14588.46582
1142.00000,14794.55859
1142.50000,15012.68262
1143.00000,15244.72168
1143.50000,15491.89355
1144.00000,15761.18066
1144.50000,16056.71777
1145.00000,16379.11426
1145.50000,16734.96094
1146.00000,17118.56055
1146.50000,17528.92773
1147.00000,17964.83594
1147.50000,18419.03516
1148.00000,18890.07031
1148.50000,19374.63477
1149.00000,19870.78125
1149.50000,20380.24219
1150.00000,20898.55469
1150.50000,21420.06836
1151.00000,21932.56445
1151.50000,22422.72656
1152.00000,22869.38477
1152.50000,23260.09375
1153.00000,23587.99609
1153.50000,23830.51953
1154.00000,23996.32813
1154.50000,24073.80469
1155.00000,24053.12500
1155.50000,23944.00195
1156.00000,23735.90430
1156.50000,23445.00586
1157.00000,23085.75195
1157.50000,22660.55664
1158.00000,22191.25586
1158.50000,21682.13477
1159.00000,21139.22656
1159.50000,20573.07422
1160.00000,19990.37109
1160.50000,19404.50391
1161.00000,18827.25000
1161.50000,18273.12891
1162.00000,17747.05078
1162.50000,17257.25586
1163.00000,16806.34961
1163.50000,16389.23828
1164.00000,16007.63477
1164.50000,15652.94434
1165.00000,15321.95313
1165.50000,15017.26172
1166.00000,14736.77148
1166.50000,14486.02539
1167.00000,14265.81836
1167.50000,14070.87500
1168.00000,13898.97559
1168.50000,13740.28711
1169.00000,13590.63770
1169.50000,13450.21191
1170.00000,13320.01758
1170.50000,13204.85645
1171.00000,13106.17871
1171.50000,13021.50000
1172.00000,12949.06348
1172.50000,12882.43359
1173.00000,12818.51953
1173.50000,12756.44043
1174.00000,12697.28027
1174.50000,12644.37500
1175.00000,12599.75488
1175.50000,12562.96289
1176.00000,12532.73340
1176.50000,12504.34570
1177.00000,12475.49023
1177.50000,12446.98340
1178.00000,12422.67578
1178.50000,12409.03906
1179.00000,12409.11523
1179.50000,12421.83984
1180.00000,12445.21387
1180.50000,12472.43652
1181.00000,12500.61426
1181.50000,12529.24805
1182.00000,12559.51758
1182.50000,12592.70703
1183.00000,12627.71387
1183.50000,12662.33984
1184.00000,12694.29980
1184.50000,12724.25586
1185.00000,12754.60645
1185.50000,12788.72949
1186.00000,12827.63379
1186.50000,12870.30469
1187.00000,12912.42480
1187.50000,12950.02148
1188.00000,12979.32520
1188.50000,13001.40332
1189.00000,13016.94629
1189.50000,13027.48340
1190.00000,13034.44336
1190.50000,13037.96777
1191.00000,13039.54785
1191.50000,13040.58984
1192.00000,13041.46875
1192.50000,13040.02148
1193.00000,13030.59668
1193.50000,13007.12207
1194.00000,12968.19824
1194.50000,12914.19336
1195.00000,12854.44727
1195.50000,12796.61621
1196.00000,12745.72070
1196.50000,12699.32227
1197.00000,12652.29199
1197.50000,12599.85547
1198.00000,12542.02344
1198.50000,12482.31836
1199.00000,12425.91895
1199.50000,12375.31152
1200.00000,12330.16309
1200.50000,12287.58398
1201.00000,12246.93652
1201.50000,12209.17188
1202.00000,12175.16504
1202.50000,12144.27148
1203.00000,12112.22266
1203.50000,12075.24023
1204.00000,12032.56152
1204.50000,11989.25000
1205.00000,11952.81934
1205.50000,11927.67090
1206.00000,11912.74023
1206.50000,11904.52051
1207.00000,11896.79492
1207.50000,11888.04297
1208.00000,11880.72461
1208.50000,11878.20801
1209.00000,11882.54980
1209.50000,11890.06445
1210.00000,11894.83398
1210.50000,11889.27246
1211.00000,11872.69727
1211.50000,11846.41895
1212.00000,11815.40137
1212.50000,11784.65234
1213.00000,11756.27539
1213.50000,11728.71875
1214.00000,11699.15527
1214.50000,11664.64551
1215.00000,11626.13672
1215.50000,11585.81250
1216.00000,11546.85059
1216.50000,11510.50098
1217.00000,11475.85742
1217.50000,11440.25586
1218.00000,11402.10938
1218.50000,11361.58008
1219.00000,11321.15527
1219.50000,11283.00781
1220.00000,11247.52246
1220.50000,11213.02734
1221.00000,11177.38574
1221.50000,11140.10059
1222.00000,11102.60059
1222.50000,11068.04883
1223.00000,11038.49902
1223.50000,11015.81836
1224.00000,10999.94141
1224.50000,10989.74707
1225.00000,10985.03906
1225.50000,10982.89258
1226.00000,10979.99219
1226.50000,10971.81836
1227.00000,10956.86328
1227.50000,10935.86035
1228.00000,10914.34473
1228.50000,10897.63086
1229.00000,10889.81250
1229.50000,10887.59766
1230.00000,10886.50293
1230.50000,10882.13867
1231.00000,10874.70410
1231.50000,10868.07813
1232.00000,10867.23633
1232.50000,10873.70801
1233.00000,10885.67578
1233.50000,10896.28125
1234.00000,10900.33203
1234.50000,10896.17480
1235.00000,10888.26074
1235.50000,10882.97461
1236.00000,10885.35547
1236.50000,10896.07324
1237.00000,10912.59375
1237.50000,10928.00000
1238.00000,10936.70898
1238.50000,10936.05762
1239.00000,10929.02246
1239.50000,10920.00879
1240.00000,10914.25977
1240.50000,10914.10059
1241.00000,10919.41309
1241.50000,10926.16309
1242.00000,10931.65332
1242.50000,10935.72168
1243.00000,10941.04297
1243.50000,10951.41504
1244.00000,10966.68164
1244.50000,10983.18359
1245.00000,10994.21387
1245.50000,10996.91504
1246.00000,10992.67871
1246.50000,10989.18457
1247.00000,10993.87207
1247.50000,11011.68848
1248.00000,11037.00879
1248.50000,11061.88379
1249.00000,11079.19336
1249.50000,11089.99902
1250.00000,11099.25488
1250.50000,11113.17285
1251.00000,11133.29590
1251.50000,11157.53711
1252.00000,11181.03125
1252.50000,11201.98438
1253.00000,11222.01660
1253.50000,11243.98828
1254.00000,11268.45605
1254.50000,11291.98633
1255.00000,11310.57813
1255.50000,11321.51465
1256.00000,11329.34277
1256.50000,11340.16504
1257.00000,11359.85449
1257.50000,11387.71191
1258.00000,11419.69727
1258.50000,11449.12305
1259.00000,11472.03711
1259.50000,11485.06250
1260.00000,11490.16992
1260.50000,11488.11328
1261.00000,11481.24609
1261.50000,11474.31543
1262.00000,11473.39160
1262.50000,11482.09668
1263.00000,11499.30859
1263.50000,11519.10742
1264.00000,11532.27832
1264.50000,11532.36230
1265.00000,11519.38770
1265.50000,11501.22559
1266.00000,11486.71094
1266.50000,11481.08691
1267.00000,11483.87891
1267.50000,11491.67969
1268.00000,11499.88770
1268.50000,11507.17676
1269.00000,11513.96094
1269.50000,11520.82520
1270.00000,11527.62305
1270.50000,11534.36914
1271.00000,11542.21387
1271.50000,11553.68262
1272.00000,11569.00879
1272.50000,11586.06445
1273.00000,11599.59473
1273.50000,11605.69727
1274.00000,11602.45313
1274.50000,11594.99219
1275.00000,11588.83789
1275.50000,11588.33984
1276.00000,11592.01367
1276.50000,11597.23828
1277.00000,11602.43164
1277.50000,11609.00879
1278.00000,11620.72949
1278.50000,11637.92773
1279.00000,11658.04004
1279.50000,11675.68164
1280.00000,11687.41504
1280.50000,11692.34570
1281.00000,11693.41992
1281.50000,11693.43945
1282.00000,11692.75000
1282.50000,11690.37891
1283.00000,11686.04492
1283.50000,11682.03320
1284.00000,11681.61523
1284.50000,11686.40820
1285.00000,11693.24902
1285.50000,11697.41211
1286.00000,11694.18164
1286.50000,11685.18164
1287.00000,11673.14551
1287.50000,11660.32422
1288.00000,11645.63086
1288.50000,11624.26465
1289.00000,11593.53027
1289.50000,11555.12402
1290.00000,11514.59082
1290.50000,11479.16699
1291.00000,11452.88477
1291.50000,11435.15527
1292.00000,11421.25586
1292.50000,11407.54395
1293.00000,11392.08008
1293.50000,11374.19238
1294.00000,11352.12695
1294.50000,11325.28906
1295.00000,11293.50977
1295.50000,11259.91113
1296.00000,11229.32031
1296.50000,11206.43262
1297.00000,11190.28516
1297.50000,11176.79688
1298.00000,11160.35547
1298.50000,11139.16504
1299.00000,11115.49707
1299.50000,11095.35645
1300.00000,11083.00098
1300.50000,11079.95605
1301.00000,11081.08691
1301.50000,11081.14941
1302.00000,11075.65234
1302.50000,11065.07520
1303.00000,11051.99805
1303.50000,11041.09277
1304.00000,11035.66895
1304.50000,11038.27051
1305.00000,11046.07324
1305.50000,11055.06738
1306.00000,11059.83398
1306.50000,11058.05859
1307.00000,11050.15332
1307.50000,11041.49805
1308.00000,11037.74121
1308.50000,11043.08887
1309.00000,11053.91211
1309.50000,11064.53906
1310.00000,11068.33789
1310.50000,11064.09473
1311.00000,11053.73340
1311.50000,11042.74512
1312.00000,11034.61914
1312.50000,11030.15918
1313.00000,11026.61230
1313.50000,11022.63379
1314.00000,11019.68066
1314.50000,11020.87012
1315.00000,11028.96387
1315.50000,11040.99707
1316.00000,11051.37598
1316.50000,11053.08008
1317.00000,11046.13184
1317.50000,11033.61914
1318.00000,11021.76074
1318.50000,11014.27051
1319.00000,11010.72852
1319.50000,11006.17188
1320.00000,10996.51953
1320.50000,10980.17676
1321.00000,10962.01758
1321.50000,10947.64844
1322.00000,10941.30859
1322.50000,10941.40820
1323.00000,10944.52051
1323.50000,10946.50781
1324.00000,10946.41797
1324.50000,10946.37305
1325.00000,10949.47266
1325.50000,10957.39453
1326.00000,10968.17773
1326.50000,10977.46289
1327.00000,10980.16211
1327.50000,10975.53613
1328.00000,10965.60156
1328.50000,10954.41309
1329.00000,10945.57422
1329.50000,10939.68750
1330.00000,10934.51270
1330.50000,10927.76074
1331.00000,10918.61426
1331.50000,10909.13379
1332.00000,10901.66699
1332.50000,10897.74902
1333.00000,10896.03906
1333.50000,10894.79199
1334.00000,10892.82813
1334.50000,10890.68359
1335.00000,10890.12012
1335.50000,10891.88184
1336.00000,10895.50586
1336.50000,10899.52832
1337.00000,10902.90918
1337.50000,10905.56934
1338.00000,10908.02734
1338.50000,10910.49512
1339.00000,10912.81738
1339.50000,10915.25000
1340.00000,10918.90820
1340.50000,10925.41895
1341.00000,10934.68750
1341.50000,10945.04883
1342.00000,10953.25977
1342.50000,10957.51074
1343.00000,10958.39551
1343.50000,10959.84180
1344.00000,10964.64453
1344.50000,10972.67090
1345.00000,10980.09277
1345.50000,10981.66309
1346.00000,10975.54102
1346.50000,10963.95605
1347.00000,10952.79004
1347.50000,10948.62109
1348.00000,10956.55469
1348.50000,10977.65430
1349.00000,11007.01270
1349.50000,11038.08691
1350.00000,11063.49219
1350.50000,11078.81738
1351.00000,11081.71582
1351.50000,11077.89160
1352.00000,11073.37500
1352.50000,11074.49902
1353.00000,11083.09668
1353.50000,11098.06934
1354.00000,11113.55957
1354.50000,11124.32617
1355.00000,11125.26172
1355.50000,11116.80859
1356.00000,11100.09961
1356.50000,11079.16016
1357.00000,11058.92773
1357.50000,11044.74609
1358.00000,11038.00098
1358.50000,11037.21875
1359.00000,11037.61914
1359.50000,11033.96484
1360.00000,11023.76270
1360.50000,11010.01953
1361.00000,10998.32422
1361.50000,10994.78223
1362.00000,10997.98242
1362.50000,11003.96289
1363.00000,11007.44727
1363.50000,11006.71289
1364.00000,11003.38281
1364.50000,11001.63574
1365.00000,11003.94043
1365.50000,11010.63867
1366.00000,11017.96973
1366.50000,11022.22852
1367.00000,11020.00781
1367.50000,11010.91992
1368.00000,10995.08008
1368.50000,10975.72070
1369.00000,10957.02637
1369.50000,10945.33691
1370.00000,10943.33789
1370.50000,10952.21094
1371.00000,10968.79395
1371.50000,10986.54297
1372.00000,10999.67188
1372.50000,11005.93066
1373.00000,11006.37305
1373.50000,11003.28125
1374.00000,11000.27441
1374.50000,10999.10449
1375.00000,11000.50488
1375.50000,11003.86816
1376.00000,11008.18457
1376.50000,11011.80762
1377.00000,11013.90527
1377.50000,11015.10547
1378.00000,11017.78125
1378.50000,11024.26758
1379.00000,11034.60254
1379.50000,11045.69629
1380.00000,11053.72168
1380.50000,11058.34668
1381.00000,11062.57617
1381.50000,11071.61719
1382.00000,11086.65234
1382.50000,11104.91113
1383.00000,11119.62012
1383.50000,11126.45117
1384.00000,11124.79199
1384.50000,11121.56250
1385.00000,11123.34277
1385.50000,11133.27930
1386.00000,11147.06348
1386.50000,11159.69531
1387.00000,11168.26855
1387.50000,11174.25098
1388.00000,11181.23242
1388.50000,11191.25098
1389.00000,11203.23828
1389.50000,11213.21094
1390.00000,11217.67383
1390.50000,11213.55957
1391.00000,11201.11328
1391.50000,11182.43945
1392.00000,11159.03906
1392.50000,11135.00195
1393.00000,11114.36035
1393.50000,11101.62207
1394.00000,11097.49707
1394.50000,11101.54102
1395.00000,11109.04492
1395.50000,11115.26758
1396.00000,11115.61816
1396.50000,11110.28027
1397.00000,11101.17090
1397.50000,11091.83008
1398.00000,11085.11328
1398.50000,11082.27441
1399.00000,11081.27930
1399.50000,11079.17676
1400.00000,11073.23828
1400.50000,11064.84570
1401.00000,11057.38184
1401.50000,11054.92090
1402.00000,11057.32227
1402.50000,11060.34277
1403.00000,11058.12793
1403.50000,11048.35547
1404.00000,11033.61914
1404.50000,11022.18652
1405.00000,11021.49219
1405.50000,11033.63965
1406.00000,11052.86816
1406.50000,11070.67285
1407.00000,11079.55957
1407.50000,11077.27930
1408.00000,11064.95410
1408.50000,11048.07813
1409.00000,11029.76953
1409.50000,11012.52930
1410.00000,10997.91406
1410.50000,10988.50391
1411.00000,10985.23145
1411.50000,10988.46973
1412.00000,10997.18848
1412.50000,11007.32324
1413.00000,11015.12305
1413.50000,11018.12207
1414.00000,11016.29004
1414.50000,11010.23828
1415.00000,11002.77734
1415.50000,10996.00977
1416.00000,10991.90234
1416.50000,10991.02148
1417.00000,10994.02539
1417.50000,11000.40625
1418.00000,11008.98730
1418.50000,11018.85352
1419.00000,11029.18652
1419.50000,11040.28125
1420.00000,11053.08691
1420.50000,11067.65918
1421.00000,11082.63477
1421.50000,11094.67773
1422.00000,11100.75586
1422.50000,11097.68359
1423.00000,11088.93848
1423.50000,11078.69336
1424.00000,11071.09473
1424.50000,11067.01465
1425.00000,11065.26367
1425.50000,11063.56250
1426.00000,11061.65332
1426.50000,11062.28223
1427.00000,11068.22559
1427.50000,11081.48926
1428.00000,11100.62988
1428.50000,11120.90527
1429.00000,11138.09863
1429.50000,11150.50977
1430.00000,11158.84375
1430.50000,11165.18652
1431.00000,11172.62207
1431.50000,11183.27637
1432.00000,11197.76367
1432.50000,11214.55566
1433.00000,11231.16113
1433.50000,11245.37109
1434.00000,11256.87305
1434.50000,11267.45410
1435.00000,11280.27734
1435.50000,11297.92969
1436.00000,11320.44824
1436.50000,11345.23828
1437.00000,11369.09473
1437.50000,11389.92773
1438.00000,11407.58887
1438.50000,11423.18066
1439.00000,11438.31641
1439.50000,11453.73438
1440.00000,11469.81641
1440.50000,11486.81738
1441.00000,11505.21289
1441.50000,11524.45313
1442.00000,11543.16504
1442.50000,11558.69238
1443.00000,11569.77930
1443.50000,11576.11426
1444.00000,11579.97656
1444.50000,11584.15918
1445.00000,11590.72070
1445.50000,11598.50098
1446.00000,11604.23828
1446.50000,11602.90137
1447.00000,11592.54492
1447.50000,11572.99414
1448.00000,11550.62109
1448.50000,11532.51270
1449.00000,11527.04688
1449.50000,11533.99219
1450.00000,11550.50098
1450.50000,11568.72852
1451.00000,11580.49219
1451.50000,11579.33398
1452.00000,11566.17090
1452.50000,11546.32520
1453.00000,11525.88086
1453.50000,11508.52930
1454.00000,11494.44629
1454.50000,11481.63086
1455.00000,11468.86133
1455.50000,11458.44238
1456.00000,11454.70801
1456.50000,11461.15625
1457.00000,11478.91016
1457.50000,11499.58398
1458.00000,11514.31348
1458.50000,11515.18359
1459.00000,11501.69629
1459.50000,11475.98926
1460.00000,11446.97559
1460.50000,11422.12207
1461.00000,11408.66895
1461.50000,11407.26563
1462.00000,11417.08203
1462.50000,11433.45801
1463.00000,11450.49805
1463.50000,11462.97754
1464.00000,11469.76563
1464.50000,11472.79688
1465.00000,11476.17871
1465.50000,11482.67480
1466.00000,11491.80371
1466.50000,11499.70703
1467.00000,11504.08691
1467.50000,11505.95313
1468.00000,11510.29980
1468.50000,11521.21582
1469.00000,11539.32813
1469.50000,11558.94434
1470.00000,11573.59473
1470.50000,11580.39648
1471.00000,11582.98730
1471.50000,11587.82520
1472.00000,11598.72266
1472.50000,11615.54297
1473.00000,11634.92480
1473.50000,11653.38574
1474.00000,11670.30566
1474.50000,11687.42188
1475.00000,11706.03809
1475.50000,11725.70215
1476.00000,11744.83691
1476.50000,11763.23828
1477.00000,11782.34766
1477.50000,11803.30176
1478.00000,11825.40625
1478.50000,11845.76758
1479.00000,11862.46582
1479.50000,11876.45020
1480.00000,11892.94531
1480.50000,11915.99707
1481.00000,11945.64453
1481.50000,11976.83105
1482.00000,12003.85254
1482.50000,12025.08496
1483.00000,12043.33984
1483.50000,12064.03418
1484.00000,12089.82520
1484.50000,12119.97070
1485.00000,12152.29980
1485.50000,12186.49512
1486.00000,12226.43457
1486.50000,12275.37305
1487.00000,12334.07422
1487.50000,12400.25684
1488.00000,12467.17480
1488.50000,12530.60254
1489.00000,12589.87012
1489.50000,12647.13867
1490.00000,12704.82520
1490.50000,12765.07910
1491.00000,12830.42578
1491.50000,12905.96777
1492.00000,12994.12012
1492.50000,13097.31738
1493.00000,13210.24219
1493.50000,13324.57910
1494.00000,13432.46484
1494.50000,13532.79980
1495.00000,13629.65820
1495.50000,13731.78320
1496.00000,13845.77148
1496.50000,13977.72852
1497.00000,14126.84473
1497.50000,14289.86719
1498.00000,14468.10742
1498.50000,14658.85352
1499.00000,14862.35840
1499.50000,15079.06055
1500.00000,15306.55566
1500.50000,15546.92676
1501.00000,15801.50000
1501.50000,16069.84180
1502.00000,16353.27051
1502.50000,16645.44727
1503.00000,16943.09766
1503.50000,17246.49805
1504.00000,17560.35352
1504.50000,17896.70117
1505.00000,18261.22070
1505.50000,18647.02930
1506.00000,19038.51758
1506.50000,19415.06445
1507.00000,19763.88086
1507.50000,20086.08203
1508.00000,20397.89258
1508.50000,20713.14648
1509.00000,21033.34375
1509.50000,21344.49023
1510.00000,21619.72461
1510.50000,21850.62305
1511.00000,22032.96484
1511.50000,22175.50000
1512.00000,22291.91406
1512.50000,22378.95508
1513.00000,22430.96094
1513.50000,22441.41992
1514.00000,22405.23438
1514.50000,22338.18750
1515.00000,22247.08984
1515.50000,22135.26563
1516.00000,22000.53516
1516.50000,21830.01563
1517.00000,21624.11914
1517.50000,21389.44922
1518.00000,21136.51172
1518.50000,20877.13281
1519.00000,20612.05469
1519.50000,20335.75000
1520.00000,20042.60352
1520.50000,19726.08984
1521.00000,19393.25391
1521.50000,19054.20313
1522.00000,18721.50000
1522.50000,18401.61719
1523.00000,18096.95703
1523.50000,17801.42578
1524.00000,17505.78516
1524.50000,17200.03125
1525.00000,16881.95508
1525.50000,16555.72070
1526.00000,16232.25586
1526.50000,15921.83203
1527.00000,15633.45801
1527.50000,15366.31934
1528.00000,15113.34375
1528.50000,14866.95996
1529.00000,14619.06055
1529.50000,14368.60742
1530.00000,14121.12109
1530.50000,13884.45410
1531.00000,13669.00293
1531.50000,13477.66016
1532.00000,13307.42969
1532.50000,13155.20117
1533.00000,13010.57813
1533.50000,12869.77051
1534.00000,12733.55078
1534.50000,12604.72363
1535.00000,12488.06738
1535.50000,12383.23340
1536.00000,12287.51074
1536.50000,12198.49414
1537.00000,12112.82910
1537.50000,12030.80371
1538.00000,11954.21680
1538.50000,11883.95703
1539.00000,11821.79297
1539.50000,11766.46875
1540.00000,11716.25977
1540.50000,11668.62793
1541.00000,11619.63574
1541.50000,11567.19336
1542.00000,11512.83496
1542.50000,11461.66602
1543.00000,11422.04395
1543.50000,11396.85840
1544.00000,11384.16016
1544.50000,11376.13574
1545.00000,11362.08984
1545.50000,11336.33496
1546.00000,11301.05469
1546.50000,11263.99805
1547.00000,11234.49316
1547.50000,11216.58496
1548.00000,11210.30371
1548.50000,11210.98047
1549.00000,11210.70508
1549.50000,11203.34473
1550.00000,11186.26172
1550.50000,11161.63867
1551.00000,11134.34570
1551.50000,11111.57520
1552.00000,11097.96191
1552.50000,11093.09180
1553.00000,11090.76660
1553.50000,11085.08398
1554.00000,11073.00391
1554.50000,11055.73438
1555.00000,11035.95996
1555.50000,11016.87598
1556.00000,10999.41016
1556.50000,10983.71191
1557.00000,10970.13184
1557.50000,10960.51172
1558.00000,10955.82910
1558.50000,10955.79688
1559.00000,10960.24023
1559.50000,10967.13965
1560.00000,10974.97949
1560.50000,10980.55762
1561.00000,10979.57910
1561.50000,10965.69043
1562.00000,10938.50781
1562.50000,10903.10059
1563.00000,10870.76367
1563.50000,10850.97754
1564.00000,10847.69043
1564.50000,10856.43164
1565.00000,10867.51563
1565.50000,10873.74023
1566.00000,10874.59668
1566.50000,10874.58984
1567.00000,10880.12402
1567.50000,10891.93652
1568.00000,10907.16113
1568.50000,10919.27148
1569.00000,10923.08594
1569.50000,10914.24219
1570.00000,10895.99219
1570.50000,10874.78809
1571.00000,10859.78516
1571.50000,10855.80078
1572.00000,10864.33203
1572.50000,10879.64648
1573.00000,10893.35742
1573.50000,10898.05273
1574.00000,10895.10938
1574.50000,10890.15723
1575.00000,10889.04102
1575.50000,10891.89355
1576.00000,10894.34570
1576.50000,10890.84668
1577.00000,10880.96680
1577.50000,10870.90527
1578.00000,10869.14160
1578.50000,10879.46973
1579.00000,10898.56836
1579.50000,10915.90332
1580.00000,10921.18359
1580.50000,10910.63184
1581.00000,10888.78711
1581.50000,10863.45117
1582.00000,10842.02637
1582.50000,10827.34277
1583.00000,10818.51074
1583.50000,10811.38965
1584.00000,10802.49805
1584.50000,10790.38867
1585.00000,10776.30566
1585.50000,10762.43848
1586.00000,10750.10156
1586.50000,10738.54785
1587.00000,10725.08203
1587.50000,10708.01074
1588.00000,10688.79785
1588.50000,10672.88281
1589.00000,10664.54004
1589.50000,10665.43652
1590.00000,10668.62598
1590.50000,10666.58594
1591.00000,10654.69141
1591.50000,10637.74707
1592.00000,10624.89844
1592.50000,10621.57129
1593.00000,10625.66016
1593.50000,10628.54297
1594.00000,10622.34180
1594.50000,10604.93457
1595.00000,10584.00586
1595.50000,10567.93359
1596.00000,10560.25879
1596.50000,10555.35938
1597.00000,10546.14355
1597.50000,10527.69629
1598.00000,10504.62793
1598.50000,10484.52832
1599.00000,10472.81934
1599.50000,10468.37305
1600.00000,10467.25195
1600.50000,10464.49219
1601.00000,10458.60742
1601.50000,10450.65430
1602.00000,10442.55859
1602.50000,10434.22363
1603.00000,10424.68945
1603.50000,10413.83301
1604.00000,10402.80762
1604.50000,10393.21289
1605.00000,10385.04492
1605.50000,10376.20801
1606.00000,10364.78809
1606.50000,10350.55371
1607.00000,10336.52734
1607.50000,10326.47559
1608.00000,10324.55566
1608.50000,10327.95215
1609.00000,10332.65234
1609.50000,10333.99512
1610.00000,10330.71094
1610.50000,10323.88867
1611.00000,10316.81738
1611.50000,10311.13867
1612.00000,10305.76367
1612.50000,10298.55664
1613.00000,10289.08789
1613.50000,10279.93555
1614.00000,10274.57617
1614.50000,10275.25391
1615.00000,10278.29297
1615.50000,10278.65625
1616.00000,10272.46875
1616.50000,10262.83984
1617.00000,10254.84180
1617.50000,10252.66797
1618.00000,10253.91602
1618.50000,10251.43652
1619.00000,10240.39355
1619.50000,10222.05957
1620.00000,10203.28809
1620.50000,10191.46973
1621.00000,10189.43750
1621.50000,10191.88086
1622.00000,10191.67480
1622.50000,10185.06738
1623.00000,10175.01074
1623.50000,10166.02246
1624.00000,10161.83301
1624.50000,10161.35742
1625.00000,10162.33887
1625.50000,10162.83105
1626.00000,10161.64063
1626.50000,10155.88867
1627.00000,10143.07715
1627.50000,10121.84961
1628.00000,10096.99805
1628.50000,10078.13086
1629.00000,10074.14258
1629.50000,10085.53906
1630.00000,10103.75684
1630.50000,10116.41406
1631.00000,10117.09277
1631.50000,10108.54785
1632.00000,10098.47949
1632.50000,10092.89258
1633.00000,10092.15234
1633.50000,10091.51758
1634.00000,10087.27637
1634.50000,10079.46484
1635.00000,10071.59375
1635.50000,10065.24512
1636.00000,10059.43945
1636.50000,10052.37500
1637.00000,10044.44727
1637.50000,10038.99023
1638.00000,10038.21582
1638.50000,10042.14453
1639.00000,10046.37695
1639.50000,10047.59277
1640.00000,10044.87891
1640.50000,10040.71094
1641.00000,10036.82813
1641.50000,10032.85938
1642.00000,10027.61914
1642.50000,10020.80273
1643.00000,10014.30371
1643.50000,10009.23242
1644.00000,10003.64844
1644.50000,9994.27051
1645.00000,9978.88184
1645.50000,9961.11914
1646.00000,9947.06934
1646.50000,9943.84570
1647.00000,9948.38477
1647.50000,9955.80859
1648.00000,9960.65723
1648.50000,9961.93652
1649.00000,9961.64160
1649.50000,9961.86426
1650.00000,9960.93359
1650.50000,9954.20605
1651.00000,9940.87500
1651.50000,9923.61230
1652.00000,9909.46289
1652.50000,9904.02051
1653.00000,9908.85059
1653.50000,9917.63379
1654.00000,9924.13867
1654.50000,9923.08496
1655.00000,9915.40137
1655.50000,9904.36914
1656.00000,9895.70703
1656.50000,9892.13184
1657.00000,9893.47363
1657.50000,9894.66406
1658.00000,9890.83008
1658.50000,9879.32910
1659.00000,9865.58691
1659.50000,9857.93652
1660.00000,9862.24805
1660.50000,9877.02734
1661.00000,9895.25293
1661.50000,9906.00488
1662.00000,9903.79883
1662.50000,9890.50098
1663.00000,9874.42383
1663.50000,9862.13184
1664.00000,9855.71484
1664.50000,9852.94434
1665.00000,9850.56543
1665.50000,9847.36914
1666.00000,9844.15332
1666.50000,9841.48633
1667.00000,9837.93750
1667.50000,9829.91895
1668.00000,9816.46094
1668.50000,9800.47266
1669.00000,9788.54883
1669.50000,9785.28711
1670.00000,9791.86523
1670.50000,9802.82715
1671.00000,9809.49414
1671.50000,9806.13379
1672.00000,9795.32031
1672.50000,9783.07813
1673.00000,9775.50781
1673.50000,9771.96680
1674.00000,9767.20020
1674.50000,9756.06738
1675.00000,9739.76758
1675.50000,9724.87207
1676.00000,9719.46875
1676.50000,9727.10449
1677.00000,9744.22070
1677.50000,9760.58984
1678.00000,9767.82227
1678.50000,9761.70117
1679.00000,9744.75879
1679.50000,9722.05469
1680.00000,9702.47266
1680.50000,9692.31641
1681.00000,9696.47949
1681.50000,9710.79297
1682.00000,9728.38867
1682.50000,9738.69043
1683.00000,9737.02148
1683.50000,9722.99219
1684.00000,9705.53809
1684.50000,9692.80273
1685.00000,9691.13672
1685.50000,9697.55371
1686.00000,9706.81738
1686.50000,9713.19336
1687.00000,9714.20020
1687.50000,9708.81543
1688.00000,9699.84180
1688.50000,9689.94043
1689.00000,9682.03711
1689.50000,9677.71777
1690.00000,9677.54590
1690.50000,9678.91602
1691.00000,9677.84961
1691.50000,9670.33887
1692.00000,9657.94141
1692.50000,9644.19922
1693.00000,9634.34961
1693.50000,9630.75781
1694.00000,9632.82324
1694.50000,9636.49707
1695.00000,9639.24219
1695.50000,9640.19238
1696.00000,9640.08008
1696.50000,9638.18359
1697.00000,9632.72949
1697.50000,9623.75684
1698.00000,9613.90527
1698.50000,9608.35059
1699.00000,9610.23926
1699.50000,9618.43945
1700.00000,9624.50098
1700.50000,9622.35938
1701.00000,9612.17871
1701.50000,9601.45898
1702.00000,9600.01270
1702.50000,9608.88770
1703.00000,9620.84375
1703.50000,9624.69531
1704.00000,9616.76270
1704.50000,9600.54688
1705.00000,9587.51953
1705.50000,9584.83691
1706.00000,9592.17676
1706.50000,9599.55273
1707.00000,9598.35938
1707.50000,9584.22168
1708.00000,9564.76660
1708.50000,9549.27441
1709.00000,9543.41504
1709.50000,9545.54590
1710.00000,9550.65527
1710.50000,9552.61816
1711.00000,9550.50488
1711.50000,9548.15625
1712.00000,9550.54199
1712.50000,9560.64063
1713.00000,9575.38574
1713.50000,9587.53906
1714.00000,9588.36816
1714.50000,9577.34180
1715.00000,9558.06152
1715.50000,9539.12207
1716.00000,9528.68457
1716.50000,9530.12500
1717.00000,9538.84277
1717.50000,9548.08398
1718.00000,9551.55273
1718.50000,9548.76953
1719.00000,9542.31152
1719.50000,9536.12988
1720.00000,9531.82324
1720.50000,9528.84375
1721.00000,9525.66309
1721.50000,9522.28809
1722.00000,9521.26367
1722.50000,9524.32129
1723.00000,9531.34277
1723.50000,9538.26172
1724.00000,9538.88184
1724.50000,9527.85254
1725.00000,9507.81055
1725.50000,9485.34277
1726.00000,9470.20020
1726.50000,9467.43359
1727.00000,9478.17578
1727.50000,9496.38672
1728.00000,9514.42285
1728.50000,9526.18945
1729.00000,9529.87402
1729.50000,9525.86230
1730.00000,9515.74414
1730.50000,9502.86914
1731.00000,9489.18945
1731.50000,9476.94727
1732.00000,9468.08301
1732.50000,9464.96094
1733.00000,9467.22266
1733.50000,9473.68164
1734.00000,9481.91895
1734.50000,9488.85254
1735.00000,9493.27539
1735.50000,9497.03027
1736.00000,9502.47949
1736.50000,9510.03809
1737.00000,9515.62305
1737.50000,9513.05957
1738.00000,9498.69629
1738.50000,9478.00000
1739.00000,9458.91992
1739.50000,9448.71777
1740.00000,9447.95898
