280.00000,5510.96387
280.50000,5515.14600
281.00000,5518.08643
281.50000,5520.91699
282.00000,5525.25244
282.50000,5532.21191
283.00000,5541.64990
283.50000,5551.08936
284.00000,5557.80566
284.50000,5560.33789
285.00000,5558.78809
285.50000,5553.94385
286.00000,5548.88965
286.50000,5545.95361
287.00000,5546.20361
287.50000,5548.97119
288.00000,5553.51660
288.50000,5558.60449
289.00000,5563.60840
289.50000,5568.44043
290.00000,5573.02637
290.50000,5576.68066
291.00000,5578.12842
291.50000,5576.46777
292.00000,5570.50537
292.50000,5562.32910
293.00000,5554.80420
293.50000,5551.55762
294.00000,5553.87256
294.50000,5562.27441
295.00000,5574.38135
295.50000,5585.78760
296.00000,5592.74512
296.50000,5594.63867
297.00000,5592.45459
297.50000,5588.50732
298.00000,5586.07129
298.50000,5586.87305
299.00000,5590.14209
299.50000,5593.98584
300.00000,5596.35938
300.50000,5596.42188
301.00000,5594.49463
301.50000,5592.52344
302.00000,5592.33691
302.50000,5594.97705
303.00000,5599.96631
303.50000,5605.77100
304.00000,5610.05469
304.50000,5611.09277
305.00000,5608.52930
305.50000,5602.79102
306.00000,5595.67139
306.50000,5588.72949
307.00000,5583.38037
307.50000,5580.00049
308.00000,5578.15234
308.50000,5576.60693
309.00000,5574.63525
309.50000,5572.02734
310.00000,5569.48877
310.50000,5568.69531
311.00000,5570.64453
311.50000,5575.25293
312.00000,5581.88525
312.50000,5588.48975
313.00000,5593.37500
313.50000,5595.47021
314.00000,5596.29150
314.50000,5598.18164
315.00000,5603.24219
315.50000,5612.26855
316.00000,5625.02588
316.50000,5637.97949
317.00000,5647.20068
317.50000,5649.93311
318.00000,5646.55762
318.50000,5638.07910
319.00000,5628.11914
319.50000,5620.01074
320.00000,5616.55078
320.50000,5616.64600
321.00000,5619.07910
321.50000,5622.01953
322.00000,5624.31299
322.50000,5625.84082
323.00000,5627.76270
323.50000,5631.00684
324.00000,5635.72168
324.50000,5640.63818
325.00000,5643.99170
325.50000,5644.06250
326.00000,5640.55176
326.50000,5634.76758
327.00000,5629.51660
327.50000,5626.94287
328.00000,5628.64258
328.50000,5633.48193
329.00000,5639.31934
329.50000,5642.69092
330.00000,5641.96387
330.50000,5636.11182
331.00000,5627.22217
331.50000,5617.45605
332.00000,5609.49805
332.50000,5604.64990
333.00000,5602.94873
333.50000,5603.40381
334.00000,5605.15137
334.50000,5608.29346
335.00000,5613.17969
335.50000,5620.94385
336.00000,5631.78369
336.50000,5644.22314
337.00000,5656.27344
337.50000,5665.58594
338.00000,5670.71582
338.50000,5669.93213
339.00000,5665.57813
339.50000,5659.80127
340.00000,5654.85938
340.50000,5652.12256
341.00000,5652.62109
341.50000,5656.04395
342.00000,5661.69580
342.50000,5668.97266
343.00000,5676.97510
343.50000,5685.17090
344.00000,5692.86426
344.50000,5699.48535
345.00000,5704.16357
345.50000,5707.08398
346.00000,5708.75781
346.50000,5709.70557
347.00000,5710.56055
347.50000,5711.50830
348.00000,5712.38184
348.50000,5712.91162
349.00000,5713.14990
349.50000,5713.67871
350.00000,5715.23975
350.50000,5718.76709
351.00000,5724.14844
351.50000,5731.02490
352.00000,5738.00000
352.50000,5743.99170
353.00000,5748.05566
353.50000,5750.24658
354.00000,5750.69971
354.50000,5749.38037
355.00000,5746.51953
355.50000,5742.04102
356.00000,5736.31982
356.50000,5730.25049
357.00000,5725.33838
357.50000,5722.90625
358.00000,5724.37744
358.50000,5730.10400
359.00000,5738.61914
359.50000,5748.98682
360.00000,5759.86914
360.50000,5770.25391
361.00000,5778.82666
361.50000,5784.46826
362.00000,5785.85547
362.50000,5781.61768
363.00000,5772.57080
363.50000,5759.79785
364.00000,5746.55273
364.50000,5736.53467
365.00000,5733.82813
365.50000,5737.17334
366.00000,5744.84814
366.50000,5753.41943
367.00000,5759.64307
367.50000,5761.15967
368.00000,5758.55908
368.50000,5754.40332
369.00000,5751.16699
369.50000,5749.87305
370.00000,5750.44385
370.50000,5751.65869
371.00000,5752.05127
371.50000,5750.75439
372.00000,5748.61279
372.50000,5746.78271
373.00000,5746.63428
373.50000,5748.46631
374.00000,5752.28516
374.50000,5757.24561
375.00000,5761.92139
375.50000,5764.67139
376.00000,5764.42188
376.50000,5760.36914
377.00000,5751.70361
377.50000,5739.94531
378.00000,5727.08545
378.50000,5716.44141
379.00000,5709.94092
379.50000,5709.13672
380.00000,5712.27051
380.50000,5716.97803
381.00000,5719.96729
381.50000,5719.19629
382.00000,5714.54102
382.50000,5707.90576
383.00000,5701.55420
383.50000,5697.56689
384.00000,5696.23975
384.50000,5697.07520
385.00000,5698.77539
385.50000,5700.23291
386.00000,5701.30615
386.50000,5702.43311
387.00000,5704.09277
387.50000,5706.63330
388.00000,5709.61279
388.50000,5712.33984
389.00000,5714.15967
389.50000,5715.01270
390.00000,5714.96631
390.50000,5714.47559
391.00000,5714.00098
391.50000,5714.14453
392.00000,5715.21143
392.50000,5717.47900
393.00000,5721.01953
393.50000,5725.32227
394.00000,5729.64063
394.50000,5732.91211
395.00000,5734.13867
395.50000,5732.57129
396.00000,5729.12256
396.50000,5724.56055
397.00000,5720.03857
397.50000,5716.50049
398.00000,5714.88379
398.50000,5715.52148
399.00000,5718.33105
399.50000,5723.43506
400.00000,5729.93555
400.50000,5736.93213
401.00000,5742.87354
401.50000,5746.34619
402.00000,5745.16943
402.50000,5740.14014
403.00000,5732.74121
403.50000,5725.45459
404.00000,5720.89355
404.50000,5721.39014
405.00000,5727.70947
405.50000,5738.13281
406.00000,5749.49512
406.50000,5758.21582
407.00000,5761.83936
407.50000,5758.50977
408.00000,5750.08105
408.50000,5738.73193
409.00000,5728.58301
409.50000,5722.66211
410.00000,5723.40576
410.50000,5729.57080
411.00000,5739.51758
411.50000,5750.79053
412.00000,5760.87207
412.50000,5767.85889
413.00000,5771.92725
413.50000,5774.03760
414.00000,5774.86182
414.50000,5775.24512
415.00000,5775.44092
415.50000,5775.52539
416.00000,5775.68359
416.50000,5776.38281
417.00000,5778.02197
417.50000,5780.63965
418.00000,5783.99805
418.50000,5787.22656
419.00000,5789.53125
419.50000,5790.38281
420.00000,5790.50195
420.50000,5791.17969
421.00000,5793.72266
421.50000,5798.78564
422.00000,5806.78174
422.50000,5816.15625
423.00000,5825.09766
423.50000,5831.31201
424.00000,5834.04785
424.50000,5832.75488
425.00000,5828.81006
425.50000,5823.98291
426.00000,5820.57764
426.50000,5820.28223
427.00000,5824.26123
427.50000,5831.91992
428.00000,5841.48633
428.50000,5851.24463
429.00000,5859.62305
429.50000,5865.94824
430.00000,5870.17090
430.50000,5873.64160
431.00000,5877.33838
431.50000,5881.36670
432.00000,5884.88721
432.50000,5886.05811
433.00000,5883.66699
433.50000,5877.10059
434.00000,5866.56934
434.50000,5855.02881
435.00000,5844.84570
435.50000,5837.58936
436.00000,5833.11279
436.50000,5830.38867
437.00000,5827.05518
437.50000,5821.08936
438.00000,5811.63428
438.50000,5800.66602
439.00000,5790.80371
439.50000,5784.94531
440.00000,5784.53760
440.50000,5790.86523
441.00000,5801.24072
441.50000,5812.47900
442.00000,5820.83105
442.50000,5824.85840
443.00000,5823.99023
443.50000,5820.00391
444.00000,5815.20850
444.50000,5811.78662
445.00000,5810.31787
445.50000,5809.96338
446.00000,5809.16553
446.50000,5807.12744
447.00000,5804.05762
447.50000,5801.50586
448.00000,5801.14063
448.50000,5804.89307
449.00000,5811.51221
449.50000,5818.67188
450.00000,5823.51318
450.50000,5824.56250
451.00000,5821.00488
451.50000,5814.52881
452.00000,5807.25732
452.50000,5801.57275
453.00000,5798.06396
453.50000,5796.62061
454.00000,5796.61914
454.50000,5797.37109
455.00000,5798.66016
455.50000,5800.17773
456.00000,5801.39648
456.50000,5801.03271
457.00000,5798.50732
457.50000,5793.49219
458.00000,5786.78955
458.50000,5779.88721
459.00000,5774.28125
459.50000,5770.40918
460.00000,5767.73535
460.50000,5764.83496
461.00000,5760.95654
461.50000,5756.38135
462.00000,5752.48193
462.50000,5750.60596
463.00000,5751.97070
463.50000,5755.47314
464.00000,5758.98877
464.50000,5759.86133
465.00000,5757.45898
465.50000,5752.08887
466.00000,5745.76221
466.50000,5740.55615
467.00000,5738.30908
467.50000,5738.61572
468.00000,5740.06641
468.50000,5740.77783
469.00000,5739.94434
469.50000,5737.58691
470.00000,5734.86621
470.50000,5733.05225
471.00000,5733.50146
471.50000,5736.05127
472.00000,5739.96387
472.50000,5744.09473
473.00000,5747.57178
473.50000,5749.85352
474.00000,5751.03955
474.50000,5751.48535
475.00000,5751.44287
475.50000,5751.12842
476.00000,5750.33740
476.50000,5748.57861
477.00000,5745.45898
477.50000,5740.20996
478.00000,5732.65625
478.50000,5722.92529
479.00000,5711.30859
479.50000,5699.52539
480.00000,5689.62598
480.50000,5683.83984
481.00000,5683.08057
481.50000,5688.46680
482.00000,5698.26465
482.50000,5710.08203
483.00000,5720.41797
483.50000,5726.44873
484.00000,5726.74170
484.50000,5721.91406
485.00000,5714.47363
485.50000,5707.20508
486.00000,5702.71533
486.50000,5702.42334
487.00000,5706.95361
487.50000,5713.81396
488.00000,5720.39697
488.50000,5724.23486
489.00000,5724.30566
489.50000,5720.06543
490.00000,5713.57959
490.50000,5707.12500
491.00000,5703.60693
491.50000,5703.97168
492.00000,5707.95068
492.50000,5713.63867
493.00000,5718.92920
493.50000,5721.90039
494.00000,5722.36426
494.50000,5720.77344
495.00000,5718.09863
495.50000,5715.26709
496.00000,5712.22412
496.50000,5708.51025
497.00000,5703.90332
497.50000,5698.59521
498.00000,5693.61279
498.50000,5690.09570
499.00000,5689.12256
499.50000,5690.36816
500.00000,5693.17334
500.50000,5696.51172
501.00000,5699.72168
501.50000,5702.35791
502.00000,5704.36328
502.50000,5705.54004
503.00000,5705.61768
503.50000,5704.74951
504.00000,5703.48682
504.50000,5702.79053
505.00000,5703.37598
505.50000,5705.67871
506.00000,5708.72559
506.50000,5711.23389
507.00000,5711.71631
507.50000,5709.90820
508.00000,5706.62402
508.50000,5703.67041
509.00000,5702.38330
509.50000,5703.69043
510.00000,5706.66846
510.50000,5710.15381
511.00000,5712.65771
511.50000,5713.45654
512.00000,5712.64258
512.50000,5711.42041
513.00000,5710.96973
513.50000,5712.71191
514.00000,5717.03857
514.50000,5724.35010
515.00000,5734.00537
515.50000,5744.39453
516.00000,5752.98779
516.50000,5757.87500
517.00000,5757.79688
517.50000,5752.15234
518.00000,5743.09570
518.50000,5732.71924
519.00000,5723.71045
519.50000,5717.79541
520.00000,5716.30176
520.50000,5717.67969
521.00000,5720.67676
521.50000,5723.84326
522.00000,5726.02979
522.50000,5726.29688
523.00000,5724.26611
523.50000,5719.98926
524.00000,5713.14795
524.50000,5704.94336
525.00000,5696.34814
525.50000,5688.62451
526.00000,5682.54443
526.50000,5678.61328
527.00000,5676.12939
527.50000,5673.79980
528.00000,5669.58203
528.50000,5662.50781
529.00000,5652.70654
529.50000,5641.78564
530.00000,5632.29834
530.50000,5627.21777
531.00000,5627.67041
531.50000,5632.93994
532.00000,5640.89063
532.50000,5646.99902
533.00000,5647.58789
533.50000,5641.04736
534.00000,5629.26416
534.50000,5614.89502
535.00000,5601.97314
535.50000,5593.19287
536.00000,5590.52637
536.50000,5592.05957
537.00000,5595.49316
537.50000,5597.99170
538.00000,5598.33936
538.50000,5596.33154
539.00000,5593.48535
539.50000,5591.39404
540.00000,5591.65332
540.50000,5594.21191
541.00000,5598.40186
541.50000,5602.36182
542.00000,5604.70166
542.50000,5604.51074
543.00000,5602.63428
543.50000,5600.32617
544.00000,5599.13867
544.50000,5599.60254
545.00000,5601.27930
545.50000,5602.16797
546.00000,5600.28711
546.50000,5593.92578
547.00000,5584.31494
547.50000,5573.42334
548.00000,5564.21875
548.50000,5558.59033
549.00000,5557.55273
549.50000,5559.61572
550.00000,5562.12646
550.50000,5562.61572
551.00000,5561.10742
551.50000,5559.02490
552.00000,5558.96240
552.50000,5562.38525
553.00000,5569.62500
553.50000,5578.15918
554.00000,5584.59961
554.50000,5584.43066
555.00000,5578.60400
555.50000,5569.21631
556.00000,5560.37158
556.50000,5555.41553
557.00000,5556.52393
557.50000,5562.23096
558.00000,5569.69336
558.50000,5575.59131
559.00000,5578.49268
559.50000,5578.94238
560.00000,5578.65869
560.50000,5579.05078
561.00000,5580.53857
561.50000,5582.35645
562.00000,5583.66260
562.50000,5584.02588
563.00000,5584.16113
563.50000,5584.94531
564.00000,5586.30566
564.50000,5586.87793
565.00000,5584.17139
565.50000,5577.00293
566.00000,5565.63086
566.50000,5552.03613
567.00000,5540.02100
567.50000,5533.09766
568.00000,5532.87646
568.50000,5536.87695
569.00000,5541.74658
569.50000,5543.93066
570.00000,5541.72705
570.50000,5535.19678
571.00000,5527.41309
571.50000,5521.66016
572.00000,5520.61963
572.50000,5524.74072
573.00000,5532.87061
573.50000,5541.62695
574.00000,5548.55127
574.50000,5551.68604
575.00000,5551.31982
575.50000,5547.93408
576.00000,5543.01904
576.50000,5537.90967
577.00000,5533.83105
577.50000,5531.49121
578.00000,5531.54346
578.50000,5534.57959
579.00000,5539.92090
579.50000,5546.53320
580.00000,5552.28564
580.50000,5555.27783
581.00000,5553.28955
581.50000,5547.21680
582.00000,5538.54346
582.50000,5529.93604
583.00000,5523.09814
583.50000,5518.73828
584.00000,5516.01855
584.50000,5513.92480
585.00000,5512.02051
585.50000,5510.64990
586.00000,5510.74219
586.50000,5512.95117
587.00000,5516.35010
587.50000,5519.26465
588.00000,5520.31299
588.50000,5519.34619
589.00000,5517.45752
589.50000,5516.76855
590.00000,5518.89453
590.50000,5523.84082
591.00000,5529.47900
591.50000,5532.25391
592.00000,5530.31445
592.50000,5523.83105
593.00000,5514.59277
593.50000,5506.02246
594.00000,5500.62695
594.50000,5499.17334
595.00000,5500.21729
595.50000,5501.78760
596.00000,5502.15137
596.50000,5501.40723
597.00000,5501.41943
597.50000,5503.95654
598.00000,5510.06689
598.50000,5518.62354
599.00000,5527.09668
599.50000,5532.24756
600.00000,5532.87451
600.50000,5529.28271
601.00000,5523.59570
601.50000,5519.00146
602.00000,5517.15234
602.50000,5517.39648
603.00000,5517.67139
603.50000,5515.25537
604.00000,5509.33301
604.50000,5500.39160
605.00000,5490.60059
605.50000,5482.66162
606.00000,5478.98145
606.50000,5479.30713
607.00000,5482.09717
607.50000,5485.95117
608.00000,5489.68701
608.50000,5493.22021
609.00000,5497.02148
609.50000,5501.34570
610.00000,5505.76074
610.50000,5508.96973
611.00000,5509.49512
611.50000,5505.86816
612.00000,5499.23438
612.50000,5490.71924
613.00000,5481.97949
613.50000,5474.12012
614.00000,5467.49023
614.50000,5461.43604
615.00000,5455.24219
615.50000,5448.55469
616.00000,5441.99365
616.50000,5436.69141
617.00000,5433.58154
617.50000,5432.50049
618.00000,5432.90527
618.50000,5433.44287
619.00000,5433.14111
619.50000,5431.34814
620.00000,5428.45947
620.50000,5424.83252
621.00000,5420.77393
621.50000,5416.29492
622.00000,5411.23096
622.50000,5405.96826
623.00000,5401.38086
623.50000,5399.05762
624.00000,5399.76025
624.50000,5404.14697
625.00000,5411.38232
625.50000,5419.59961
626.00000,5426.38330
626.50000,5429.85889
627.00000,5429.23340
627.50000,5424.36914
628.00000,5417.13477
628.50000,5409.36279
629.00000,5403.32666
629.50000,5400.43945
630.00000,5401.93701
630.50000,5406.23486
631.00000,5411.19238
631.50000,5413.40479
632.00000,5411.10449
632.50000,5403.53662
633.00000,5392.73291
633.50000,5381.66943
634.00000,5373.85791
634.50000,5370.54346
635.00000,5371.85400
635.50000,5376.18506
636.00000,5380.71143
636.50000,5383.08105
637.00000,5382.59619
637.50000,5380.43115
638.00000,5378.71875
638.50000,5379.51709
639.00000,5384.27100
639.50000,5393.00781
640.00000,5403.60254
640.50000,5413.11768
641.00000,5418.51318
641.50000,5418.04639
642.00000,5410.35449
642.50000,5398.93994
643.00000,5387.09570
643.50000,5378.34570
644.00000,5374.22412
644.50000,5375.59326
645.00000,5380.58936
645.50000,5387.36523
646.00000,5394.46582
646.50000,5401.16064
647.00000,5407.33008
647.50000,5412.68311
648.00000,5416.39111
648.50000,5416.36914
649.00000,5411.66748
649.50000,5402.09180
650.00000,5388.52295
650.50000,5374.16162
651.00000,5362.10645
651.50000,5354.87842
652.00000,5352.93164
652.50000,5356.51514
653.00000,5363.25879
653.50000,5371.17676
654.00000,5378.38770
654.50000,5383.49219
655.00000,5384.73682
655.50000,5381.02979
656.00000,5372.51025
656.50000,5359.62158
657.00000,5345.70166
657.50000,5334.16260
658.00000,5328.69922
658.50000,5329.67871
659.00000,5335.66211
659.50000,5342.58643
660.00000,5347.21631
660.50000,5347.23047
661.00000,5344.11475
661.50000,5339.96045
662.00000,5337.22510
662.50000,5336.67041
663.00000,5337.70410
663.50000,5338.43604
664.00000,5337.54736
664.50000,5334.84229
665.00000,5331.96777
665.50000,5330.28369
666.00000,5330.54590
666.50000,5332.24756
667.00000,5334.84766
667.50000,5337.89844
668.00000,5341.54395
668.50000,5346.24463
669.00000,5351.46387
669.50000,5355.71680
670.00000,5356.53027
670.50000,5353.16309
671.00000,5345.80420
671.50000,5337.36475
672.00000,5330.73340
672.50000,5328.55908
673.00000,5330.15723
673.50000,5334.00488
674.00000,5337.54785
674.50000,5339.23438
675.00000,5338.58203
675.50000,5336.72998
676.00000,5334.41016
676.50000,5331.19727
677.00000,5326.26465
677.50000,5318.88818
678.00000,5309.93359
678.50000,5301.54834
679.00000,5296.71973
679.50000,5296.43750
680.00000,5300.24121
680.50000,5306.15479
681.00000,5311.41260
681.50000,5314.49023
682.00000,5316.06494
682.50000,5317.62305
683.00000,5320.18896
683.50000,5323.21826
684.00000,5325.45947
684.50000,5325.73975
685.00000,5324.71875
685.50000,5324.34277
686.00000,5326.99707
686.50000,5333.41455
687.00000,5342.54492
687.50000,5350.21729
688.00000,5352.80273
688.50000,5348.64844
689.00000,5340.47412
689.50000,5332.12598
690.00000,5327.64014
690.50000,5328.42188
691.00000,5334.18945
691.50000,5340.90967
692.00000,5345.35498
692.50000,5345.35938
693.00000,5341.75146
693.50000,5336.14307
694.00000,5330.84375
694.50000,5326.63525
695.00000,5323.27393
695.50000,5319.76807
696.00000,5315.63379
696.50000,5311.19336
697.00000,5307.38086
697.50000,5305.40918
698.00000,5305.54834
698.50000,5307.36572
699.00000,5309.96338
699.50000,5312.13477
700.00000,5313.30127
700.50000,5313.67529
701.00000,5313.91797
701.50000,5314.56641
702.00000,5315.55273
702.50000,5316.32275
703.00000,5315.99463
703.50000,5314.47852
704.00000,5312.40137
704.50000,5311.41797
705.00000,5312.99268
705.50000,5318.31396
706.00000,5325.66113
706.50000,5332.12354
707.00000,5334.13379
707.50000,5330.96094
708.00000,5323.31006
708.50000,5314.66357
709.00000,5308.49365
709.50000,5307.56152
710.00000,5310.36963
710.50000,5314.02783
711.00000,5314.65527
711.50000,5310.93018
712.00000,5303.83691
712.50000,5297.73047
713.00000,5296.33545
713.50000,5302.32910
714.00000,5312.74658
714.50000,5323.73291
715.00000,5330.57373
715.50000,5331.57617
716.00000,5326.80566
716.50000,5319.71680
717.00000,5313.77930
717.50000,5311.96729
718.00000,5313.64307
718.50000,5317.28418
719.00000,5320.52197
719.50000,5322.24658
720.00000,5322.57861
720.50000,5322.66504
721.00000,5323.23730
721.50000,5324.16748
722.00000,5324.36084
722.50000,5322.55127
723.00000,5318.07080
723.50000,5311.74268
724.00000,5304.88867
724.50000,5299.12207
725.00000,5295.23438
725.50000,5293.50635
726.00000,5292.87207
726.50000,5292.99121
727.00000,5294.02930
727.50000,5296.36475
728.00000,5300.48584
728.50000,5305.61035
729.00000,5310.30957
729.50000,5312.34717
730.00000,5310.81836
730.50000,5305.38184
731.00000,5297.58057
731.50000,5289.87354
732.00000,5284.96045
732.50000,5283.66553
733.00000,5285.36084
733.50000,5288.32861
734.00000,5290.17480
734.50000,5288.94043
735.00000,5284.04834
735.50000,5276.60791
736.00000,5268.66113
736.50000,5263.02393
737.00000,5262.02490
737.50000,5267.39355
738.00000,5277.59180
738.50000,5290.68945
739.00000,5303.21484
739.50000,5312.58691
740.00000,5316.70996
740.50000,5316.60547
741.00000,5313.18506
741.50000,5307.56982
742.00000,5300.93701
742.50000,5293.73389
743.00000,5286.53760
743.50000,5280.06396
744.00000,5275.67578
744.50000,5273.81299
745.00000,5274.71826
745.50000,5277.73145
746.00000,5281.32422
746.50000,5284.24268
747.00000,5285.99170
747.50000,5286.74365
748.00000,5286.73682
748.50000,5286.31006
749.00000,5285.33936
749.50000,5283.58301
750.00000,5281.08008
750.50000,5277.94922
751.00000,5274.57031
751.50000,5271.10938
752.00000,5267.37207
752.50000,5263.05029
753.00000,5257.82324
753.50000,5251.78369
754.00000,5245.59570
754.50000,5240.17676
755.00000,5236.26807
755.50000,5234.37402
756.00000,5234.99268
756.50000,5237.39307
757.00000,5240.84473
757.50000,5244.07178
758.00000,5246.07715
758.50000,5246.24072
759.00000,5245.46387
759.50000,5245.15869
760.00000,5247.01025
760.50000,5251.00977
761.00000,5255.73779
761.50000,5258.44678
762.00000,5257.43994
762.50000,5252.04736
763.00000,5245.08887
763.50000,5239.76025
764.00000,5239.18701
764.50000,5243.08301
765.00000,5249.64355
765.50000,5255.16992
766.00000,5257.05664
766.50000,5253.68408
767.00000,5247.34277
767.50000,5240.56445
768.00000,5235.97900
768.50000,5234.16602
769.00000,5234.50146
769.50000,5235.33350
770.00000,5235.53906
770.50000,5234.56836
771.00000,5232.97900
771.50000,5231.41113
772.00000,5230.59131
772.50000,5230.88428
773.00000,5232.78516
773.50000,5236.34863
774.00000,5241.40186
774.50000,5247.67578
775.00000,5254.08105
775.50000,5259.53955
776.00000,5263.01611
776.50000,5264.61230
777.00000,5265.02881
777.50000,5265.86768
778.00000,5268.43555
778.50000,5273.70215
779.00000,5280.50244
779.50000,5287.06250
780.00000,5291.06934
780.50000,5291.56836
781.00000,5288.49072
781.50000,5284.25146
782.00000,5281.35254
782.50000,5282.06982
783.00000,5285.74365
783.50000,5290.57178
784.00000,5293.59131
784.50000,5293.25000
785.00000,5289.34619
785.50000,5284.17871
786.00000,5279.84424
786.50000,5277.89063
787.00000,5277.76367
787.50000,5278.29492
788.00000,5277.97754
788.50000,5276.15674
789.00000,5272.64941
789.50000,5268.20947
790.00000,5263.26855
790.50000,5258.00879
791.00000,5252.62939
791.50000,5247.64502
792.00000,5244.07080
792.50000,5242.90430
793.00000,5245.43408
793.50000,5251.00439
794.00000,5258.83691
794.50000,5267.57666
795.00000,5275.71387
795.50000,5282.00244
796.00000,5285.96533
796.50000,5287.85889
797.00000,5288.11426
797.50000,5288.11572
798.00000,5288.95313
798.50000,5291.42188
799.00000,5295.14111
799.50000,5299.00732
800.00000,5301.23975
800.50000,5300.48779
801.00000,5295.38574
801.50000,5287.70215
802.00000,5279.40723
802.50000,5273.34863
803.00000,5271.29102
803.50000,5274.65039
804.00000,5282.10205
804.50000,5291.52441
805.00000,5300.42432
805.50000,5307.18359
806.00000,5311.23438
806.50000,5313.25537
807.00000,5314.52002
807.50000,5315.60449
808.00000,5316.35645
808.50000,5316.24219
809.00000,5314.98682
809.50000,5313.69287
810.00000,5314.13281
810.50000,5317.63525
811.00000,5323.64404
811.50000,5330.39063
812.00000,5335.35938
812.50000,5337.31396
813.00000,5336.76465
813.50000,5336.56641
814.00000,5339.58008
814.50000,5346.95020
815.00000,5357.00586
815.50000,5366.37158
816.00000,5371.69238
816.50000,5371.31787
817.00000,5365.60840
817.50000,5358.09521
818.00000,5351.96924
818.50000,5349.32324
819.00000,5349.87207
819.50000,5352.10986
820.00000,5353.67578
820.50000,5353.31836
821.00000,5351.00781
821.50000,5348.36719
822.00000,5347.41406
822.50000,5349.45850
823.00000,5354.20215
823.50000,5360.07373
824.00000,5364.22168
824.50000,5364.41113
825.00000,5359.86719
825.50000,5352.91943
826.00000,5346.93506
826.50000,5345.18994
827.00000,5348.73975
827.50000,5357.24805
828.00000,5366.80908
828.50000,5374.28662
829.00000,5377.76563
829.50000,5378.02930
830.00000,5376.31885
830.50000,5374.34766
831.00000,5372.81201
831.50000,5371.79395
832.00000,5371.16455
832.50000,5371.52441
833.00000,5374.15967
833.50000,5379.93213
834.00000,5389.75195
834.50000,5402.35107
835.00000,5415.83203
835.50000,5427.53467
836.00000,5435.68848
836.50000,5438.72949
837.00000,5436.40381
837.50000,5430.07959
838.00000,5421.07813
838.50000,5412.04736
839.00000,5405.06445
839.50000,5402.01563
840.00000,5402.50928
840.50000,5405.89063
841.00000,5410.43994
841.50000,5414.63818
842.00000,5417.56592
842.50000,5419.55176
843.00000,5421.39063
843.50000,5424.27539
844.00000,5428.93896
844.50000,5436.16406
845.00000,5446.01514
845.50000,5457.88770
846.00000,5470.90186
846.50000,5483.24365
847.00000,5493.18457
847.50000,5499.24854
848.00000,5502.24951
848.50000,5503.98633
849.00000,5507.66211
849.50000,5515.36133
850.00000,5528.36475
850.50000,5543.84912
851.00000,5558.40283
851.50000,5567.93408
852.00000,5571.10596
852.50000,5567.49023
853.00000,5559.87695
853.50000,5551.33350
854.00000,5544.64063
854.50000,5540.69678
855.00000,5539.78955
855.50000,5541.72217
856.00000,5545.88428
856.50000,5552.45752
857.00000,5560.88477
857.50000,5570.23633
858.00000,5579.07031
858.50000,5586.29053
859.00000,5591.48340
859.50000,5595.45459
860.00000,5599.71240
860.50000,5605.39258
861.00000,5612.24072
861.50000,5619.25000
862.00000,5625.22754
862.50000,5630.25488
863.00000,5635.49658
863.50000,5642.85010
864.00000,5653.14160
864.50000,5666.16309
865.00000,5679.40576
865.50000,5690.37158
866.00000,5696.96045
866.50000,5700.31152
867.00000,5702.50732
867.50000,5706.50635
868.00000,5713.79639
868.50000,5724.71582
869.00000,5736.96729
869.50000,5748.30029
870.00000,5756.63574
870.50000,5761.90234
871.00000,5764.34863
871.50000,5765.15820
872.00000,5765.56445
872.50000,5766.75635
873.00000,5769.68750
873.50000,5775.24512
874.00000,5783.99023
874.50000,5794.78516
875.00000,5806.02637
875.50000,5815.47803
876.00000,5821.74561
876.50000,5823.66113
877.00000,5822.73779
877.50000,5820.37891
878.00000,5818.15039
878.50000,5816.83789
879.00000,5816.46094
879.50000,5816.21680
880.00000,5815.20166
880.50000,5812.16064
881.00000,5806.81836
881.50000,5798.80957
882.00000,5788.32861
882.50000,5776.55518
883.00000,5764.83203
883.50000,5754.61768
884.00000,5746.62988
884.50000,5741.02246
885.00000,5736.26025
885.50000,5730.85156
886.00000,5723.39404
886.50000,5713.68066
887.00000,5701.94824
887.50000,5689.56738
888.00000,5677.79980
888.50000,5667.99805
889.00000,5660.45215
889.50000,5655.58691
890.00000,5653.46631
890.50000,5653.71240
891.00000,5656.49121
891.50000,5661.05127
892.00000,5666.50391
892.50000,5671.33545
893.00000,5673.96875
893.50000,5672.60156
894.00000,5666.37451
894.50000,5656.07324
895.00000,5642.77393
895.50000,5629.13525
896.00000,5617.22559
896.50000,5608.71191
897.00000,5603.06982
897.50000,5599.28027
898.00000,5595.53516
898.50000,5590.73047
899.00000,5584.64355
899.50000,5578.54639
900.00000,5574.04199
900.50000,5572.83643
901.00000,5574.85986
901.50000,5579.68262
902.00000,5585.73242
902.50000,5591.71777
903.00000,5597.04541
903.50000,5602.11670
904.00000,5607.41406
904.50000,5612.84912
905.00000,5617.39111
905.50000,5619.15820
906.00000,5617.16846
906.50000,5612.04639
907.00000,5605.69287
907.50000,5601.06592
908.00000,5599.91748
908.50000,5601.87793
909.00000,5604.10352
909.50000,5603.35986
910.00000,5598.60791
910.50000,5591.63916
911.00000,5586.88086
911.50000,5587.94141
912.00000,5596.64502
912.50000,5610.62939
913.00000,5624.63721
913.50000,5633.59473
914.00000,5635.99951
914.50000,5633.41406
915.00000,5629.10352
915.50000,5626.63525
916.00000,5627.52686
916.50000,5631.08984
917.00000,5635.40723
917.50000,5639.26416
918.00000,5642.89551
918.50000,5647.58789
919.00000,5655.27490
919.50000,5666.11768
920.00000,5679.53320
920.50000,5693.28467
921.00000,5704.86768
921.50000,5711.45605
922.00000,5712.93213
922.50000,5710.43066
923.00000,5706.65186
923.50000,5704.93066
924.00000,5707.45654
924.50000,5713.49463
925.00000,5719.82715
925.50000,5721.79297
926.00000,5717.53711
926.50000,5707.87549
927.00000,5696.95605
927.50000,5690.04395
928.00000,5691.21533
928.50000,5700.26514
929.00000,5713.93896
929.50000,5729.13574
930.00000,5743.87793
930.50000,5758.34961
931.00000,5773.23389
931.50000,5787.92676
932.00000,5799.88672
932.50000,5806.53955
933.00000,5807.41553
933.50000,5803.81738
934.00000,5800.65820
934.50000,5801.91553
935.00000,5809.98145
935.50000,5823.29297
936.00000,5839.99756
936.50000,5857.53369
937.00000,5874.65771
937.50000,5890.52295
938.00000,5904.53857
938.50000,5915.39941
939.00000,5922.35889
939.50000,5927.13721
940.00000,5933.65771
940.50000,5946.77344
941.00000,5969.56348
941.50000,6003.77979
942.00000,6043.85596
942.50000,6084.45410
943.00000,6120.27100
943.50000,6150.05957
944.00000,6175.12939
944.50000,6200.49121
945.00000,6230.65771
945.50000,6270.04297
946.00000,6317.67725
946.50000,6371.90479
947.00000,6428.05469
947.50000,6481.05078
948.00000,6525.24902
948.50000,6559.60498
949.00000,6585.05811
949.50000,6604.11475
950.00000,6621.38184
950.50000,6638.92969
951.00000,6656.49365
951.50000,6672.09375
952.00000,6682.84180
952.50000,6689.12256
953.00000,6693.16943
953.50000,6699.35498
954.00000,6710.97754
954.50000,6730.04004
955.00000,6754.61426
955.50000,6780.84766
956.00000,6804.42139
956.50000,6823.17578
957.00000,6836.43408
957.50000,6844.82568
958.00000,6850.54102
958.50000,6854.69287
959.00000,6858.28125
959.50000,6861.81201
960.00000,6865.44141
960.50000,6868.73193
961.00000,6870.34082
961.50000,6867.69385
962.00000,6858.95068
962.50000,6841.41309
963.00000,6815.59033
963.50000,6783.48779
964.00000,6746.91748
964.50000,6708.98242
965.00000,6670.90479
965.50000,6633.35400
966.00000,6596.84375
966.50000,6562.87891
967.00000,6532.72119
967.50000,6506.74316
968.00000,6484.02832
968.50000,6460.92529
969.00000,6434.22168
969.50000,6402.92529
970.00000,6370.20801
970.50000,6342.42432
971.00000,6324.88721
971.50000,6319.52148
972.00000,6324.98242
972.50000,6333.18750
973.00000,6337.74219
973.50000,6335.41260
974.00000,6328.36133
974.50000,6320.99463
975.00000,6317.46680
975.50000,6318.70557
976.00000,6322.69385
976.50000,6325.52393
977.00000,6324.93262
977.50000,6321.74121
978.00000,6318.91504
978.50000,6320.05029
979.00000,6325.90967
979.50000,6335.69336
980.00000,6347.71094
980.50000,6360.42920
981.00000,6374.32959
981.50000,6390.82422
982.00000,6410.71240
982.50000,6434.16064
983.00000,6458.70215
983.50000,6482.02393
984.00000,6502.35205
984.50000,6520.42285
985.00000,6538.31445
985.50000,6559.11035
986.00000,6584.86377
986.50000,6617.71240
987.00000,6655.71777
987.50000,6697.26709
988.00000,6740.39063
988.50000,6783.91992
989.00000,6828.72998
989.50000,6876.88721
990.00000,6930.30420
990.50000,6991.35059
991.00000,7057.72168
991.50000,7127.18799
992.00000,7196.99658
992.50000,7266.25537
993.00000,7337.18799
993.50000,7413.89844
994.00000,7500.03418
994.50000,7599.64893
995.00000,7709.18115
995.50000,7825.40918
996.00000,7943.46484
996.50000,8059.92725
997.00000,8173.62109
997.50000,8286.15430
998.00000,8399.74902
998.50000,8516.89941
999.00000,8637.71582
999.50000,8761.27539
1000.00000,8884.14844
1000.50000,9001.67480
1001.00000,9105.81836
1001.50000,9192.13086
1002.00000,9257.15918
1002.50000,9297.64648
1003.00000,9320.51855
1003.50000,9329.25391
1004.00000,9328.55957
1004.50000,9320.62988
1005.00000,9301.16309
1005.50000,9266.87305
1006.00000,9213.51172
1006.50000,9137.54395
1007.00000,9044.93652
1007.50000,8939.60059
1008.00000,8827.88477
1008.50000,8713.93066
1009.00000,8598.67871
1009.50000,8482.04492
1010.00000,8364.07422
1010.50000,8246.54688
1011.00000,8132.30273
1011.50000,8024.73633
1012.00000,7924.63916
1012.50000,7830.42969
1013.00000,7740.65820
1013.50000,7653.05615
1014.00000,7568.12256
1014.50000,7488.25391
1015.00000,7414.93701
1015.50000,7350.12695
1016.00000,7292.60693
1016.50000,7240.41846
1017.00000,7193.19531
1017.50000,7149.80273
1018.00000,7110.79199
1018.50000,7076.04492
1019.00000,7043.61084
1019.50000,7011.44531
1020.00000,6978.12158
1020.50000,6944.18213
1021.00000,6912.32422
1021.50000,6884.80811
1022.00000,6863.00000
1022.50000,6845.64014
1023.00000,6829.39453
1023.50000,6811.23145
1024.00000,6790.03564
1024.50000,6766.39697
1025.00000,6741.46240
1025.50000,6716.25439
1026.00000,6690.52148
1026.50000,6663.63281
1027.00000,6635.77393
1027.50000,6608.38281
1028.00000,6583.63477
1028.50000,6563.21631
1029.00000,6548.04248
1029.50000,6535.78613
1030.00000,6523.92920
1030.50000,6509.77832
1031.00000,6492.45605
1031.50000,6472.49805
1032.00000,6452.97412
1032.50000,6437.18164
1033.00000,6428.59717
1033.50000,6426.72461
1034.00000,6430.03467
1034.50000,6434.17773
1035.00000,6435.20215
1035.50000,6429.85596
1036.00000,6419.63574
1036.50000,6407.26855
1037.00000,6396.55371
1037.50000,6389.54004
1038.00000,6386.79150
1038.50000,6386.53809
1039.00000,6386.80225
1039.50000,6386.37500
1040.00000,6385.37939
1040.50000,6384.42627
1041.00000,6384.03760
1041.50000,6383.96094
1042.00000,6383.29785
1042.50000,6380.96484
1043.00000,6376.36621
1043.50000,6369.06592
1044.00000,6360.59033
1044.50000,6352.77002
1045.00000,6347.98047
1045.50000,6347.13477
1046.00000,6350.41260
1046.50000,6355.51123
1047.00000,6359.99219
1047.50000,6361.84570
1048.00000,6361.76270
1048.50000,6361.40137
1049.00000,6362.78906
1049.50000,6366.28760
1050.00000,6370.92432
1050.50000,6374.73096
1051.00000,6376.75732
1051.50000,6377.40186
1052.00000,6378.57080
1052.50000,6381.85498
1053.00000,6387.64648
1053.50000,6394.82178
1054.00000,6402.00000
1054.50000,6408.04736
1055.00000,6412.39551
1055.50000,6414.31006
1056.00000,6413.79688
1056.50000,6410.64209
1057.00000,6405.86670
1057.50000,6401.35498
1058.00000,6399.21387
1058.50000,6399.57422
1059.00000,6401.02637
1059.50000,6400.94287
1060.00000,6398.15332
1060.50000,6393.65625
1061.00000,6391.15625
1061.50000,6393.99658
1062.00000,6404.77441
1062.50000,6420.05078
1063.00000,6434.87793
1063.50000,6442.81543
1064.00000,6441.39209
1064.50000,6429.72852
1065.00000,6411.95947
1065.50000,6393.70020
1066.00000,6381.60010
1066.50000,6378.71680
1067.00000,6386.43213
1067.50000,6402.81592
1068.00000,6421.52344
1068.50000,6435.89209
1069.00000,6441.30518
1069.50000,6437.67432
1070.00000,6427.69580
1070.50000,6418.72412
1071.00000,6416.06152
1071.50000,6421.94678
1072.00000,6432.85107
1072.50000,6443.82373
1073.00000,6450.27881
1073.50000,6451.10986
1074.00000,6447.59131
1074.50000,6444.04102
1075.00000,6443.34131
1075.50000,6446.60986
1076.00000,6452.56396
1076.50000,6459.99219
1077.00000,6467.81104
1077.50000,6475.78467
1078.00000,6483.71533
1078.50000,6490.88525
1079.00000,6496.03662
1079.50000,6498.33154
1080.00000,6498.51172
1080.50000,6498.19238
1081.00000,6499.36475
1081.50000,6502.82520
1082.00000,6508.11133
1082.50000,6513.40625
1083.00000,6517.61523
1083.50000,6521.08301
1084.00000,6525.27441
1084.50000,6531.83350
1085.00000,6540.22217
1085.50000,6548.36816
1086.00000,6552.88135
1086.50000,6552.60010
1087.00000,6548.18164
1087.50000,6543.64063
1088.00000,6543.31689
1088.50000,6551.47607
1089.00000,6566.61084
1089.50000,6585.49561
1090.00000,6603.29199
1090.50000,6617.01807
1091.00000,6626.12256
1091.50000,6633.32666
1092.00000,6641.52832
1092.50000,6652.16846
1093.00000,6663.25195
1093.50000,6671.77344
1094.00000,6675.15820
1094.50000,6674.66943
1095.00000,6673.36133
1095.50000,6675.10547
1096.00000,6681.26074
1096.50000,6690.95850
1097.00000,6700.24854
1097.50000,6706.42041
1098.00000,6708.91602
1098.50000,6710.17480
1099.00000,6713.13965
1099.50000,6719.38965
1100.00000,6728.49707
1100.50000,6739.22021
1101.00000,6749.87988
1101.50000,6759.94824
1102.00000,6769.49463
1102.50000,6778.75488
1103.00000,6787.82129
1103.50000,6797.18506
1104.00000,6807.89551
1104.50000,6821.88281
1105.00000,6839.28125
1105.50000,6859.34766
1106.00000,6879.51416
1106.50000,6897.30273
1107.00000,6910.99756
1107.50000,6921.82227
1108.00000,6931.80078
1108.50000,6943.13818
1109.00000,6956.51025
1109.50000,6971.67090
1110.00000,6987.34180
1110.50000,7002.11719
1111.00000,7014.35693
1111.50000,7023.61035
1112.00000,7030.23389
1112.50000,7036.15479
1113.00000,7044.65479
1113.50000,7059.37500
1114.00000,7081.75342
1114.50000,7109.92920
1115.00000,7140.97510
1115.50000,7170.85254
1116.00000,7197.60303
1116.50000,7220.91699
1117.00000,7242.46631
1117.50000,7263.39990
1118.00000,7284.82080
1118.50000,7307.80762
1119.00000,7334.71143
1119.50000,7366.32227
1120.00000,7402.34229
1120.50000,7439.72266
1121.00000,7473.99268
1121.50000,7501.57813
1122.00000,7523.70020
1122.50000,7545.05518
1123.00000,7572.65771
1123.50000,7609.06787
1124.00000,7653.95752
1124.50000,7703.19336
1125.00000,7751.54932
1125.50000,7796.05762
1126.00000,7837.32861
1126.50000,7877.57178
1127.00000,7919.26367
1127.50000,7963.40186
1128.00000,8010.52393
1128.50000,8060.81689
1129.00000,8113.69775
1129.50000,8168.42969
1130.00000,8222.70313
1130.50000,8274.07715
1131.00000,8319.96582
1131.50000,8361.69531
1132.00000,8401.83789
1132.50000,8444.62598
1133.00000,8492.67090
1133.50000,8547.35645
1134.00000,8605.93750
1134.50000,8665.35059
1135.00000,8723.18066
1135.50000,8779.81445
1136.00000,8837.72070
1136.50000,8900.33594
1137.00000,8969.07129
1137.50000,9044.45605
1138.00000,9123.46582
1138.50000,9204.19043
1139.00000,9287.27930
1139.50000,9375.58496
1140.00000,9474.84668
1140.50000,9589.06738
1141.00000,9717.65430
1141.50000,9860.47656
1142.00000,10011.98926
1142.50000,10170.61328
1143.00000,10339.06641
1143.50000,10520.46973
1144.00000,10722.57520
1144.50000,10949.66504
1145.00000,11201.48633
1145.50000,11481.62891
1146.00000,11782.55957
1146.50000,12101.25098
1147.00000,12436.03418
1147.50000,12784.12598
1148.00000,13149.68262
1148.50000,13535.46484
1149.00000,13941.81445
1149.50000,14370.12598
1150.00000,14809.20215
1150.50000,15248.75781
1151.00000,15676.23730
1151.50000,16084.72656
1152.00000,16465.41602
1152.50000,16815.34961
1153.00000,17130.80859
1153.50000,17393.18945
1154.00000,17599.97070
1154.50000,17735.45313
1155.00000,17786.67578
1155.50000,17759.89648
1156.00000,17643.83008
1156.50000,17449.94531
1157.00000,17187.94336
1157.50000,16855.88672
1158.00000,16475.52930
1158.50000,16053.07422
1159.00000,15597.94629
1159.50000,15122.49609
1160.00000,14633.45703
1160.50000,14141.66992
1161.00000,13656.16895
1161.50000,13187.90918
1162.00000,12740.39160
1162.50000,12319.27051
1163.00000,11926.45313
1163.50000,11559.52441
1164.00000,11223.84570
1164.50000,10916.95508
1165.00000,10639.61328
1165.50000,10395.64746
1166.00000,10178.00586
1166.50000,9985.51855
1167.00000,9812.73633
1167.50000,9653.17969
1168.00000,9505.21777
1168.50000,9366.00000
1169.00000,9236.55957
1169.50000,9120.28418
1170.00000,9016.56641
1170.50000,8926.10645
1171.00000,8845.70996
1171.50000,8771.36719
1172.00000,8701.78516
1172.50000,8636.41309
1173.00000,8577.28711
1173.50000,8527.11328
1174.00000,8484.83301
1174.50000,8449.16992
1175.00000,8416.51953
1175.50000,8384.38867
1176.00000,8352.64551
1176.50000,8323.26367
1177.00000,8299.54785
1177.50000,8284.88281
1178.00000,8279.19434
1178.50000,8282.75879
1179.00000,8292.30957
1179.50000,8303.97266
1180.00000,8313.11914
1180.50000,8316.79395
1181.00000,8313.48730
1181.50000,8305.06543
1182.00000,8297.02832
1182.50000,8296.88574
1183.00000,8309.69824
1183.50000,8336.63770
1184.00000,8376.89844
1184.50000,8422.07227
1185.00000,8465.86328
1185.50000,8503.63086
1186.00000,8535.57813
1186.50000,8563.65430
1187.00000,8591.34961
1187.50000,8620.00586
1188.00000,8648.68750
1188.50000,8675.30664
1189.00000,8698.20020
1189.50000,8717.60938
1190.00000,8735.37988
1190.50000,8752.58789
1191.00000,8768.45117
1191.50000,8779.83594
1192.00000,8781.06055
1192.50000,8770.49121
1193.00000,8746.70801
1193.50000,8713.09375
1194.00000,8675.42969
1194.50000,8638.56738
1195.00000,8604.71484
1195.50000,8572.80762
1196.00000,8539.14453
1196.50000,8500.60059
1197.00000,8455.31738
1197.50000,8404.99512
1198.00000,8352.87598
1198.50000,8301.58203
1199.00000,8251.84277
1199.50000,8203.34766
1200.00000,8156.33740
1200.50000,8112.17578
1201.00000,8073.92188
1201.50000,8042.55811
1202.00000,8015.85449
1202.50000,7989.21094
1203.00000,7958.10889
1203.50000,7921.34521
1204.00000,7882.42627
1204.50000,7847.62207
1205.00000,7822.59180
1205.50000,7807.40039
1206.00000,7798.56836
1206.50000,7792.41211
1207.00000,7785.89453
1207.50000,7778.80127
1208.00000,7771.87891
1208.50000,7765.24854
1209.00000,7758.15967
1209.50000,7750.23145
1210.00000,7742.29785
1210.50000,7736.24561
1211.00000,7732.09082
1211.50000,7727.34619
1212.00000,7716.79834
1212.50000,7697.10840
1213.00000,7666.49805
1213.50000,7630.28467
1214.00000,7594.72559
1214.50000,7565.55566
1215.00000,7542.20947
1215.50000,7521.39795
1216.00000,7497.95117
1216.50000,7469.39063
1217.00000,7435.68994
1217.50000,7400.18359
1218.00000,7365.42090
1218.50000,7333.09375
1219.00000,7303.11279
1219.50000,7275.77051
1220.00000,7251.22021
1220.50000,7228.97363
1221.00000,7207.85693
1221.50000,7185.43408
1222.00000,7159.86328
1222.50000,7130.77002
1223.00000,7101.00879
1223.50000,7074.47070
1224.00000,7054.14063
1224.50000,7039.80811
1225.00000,7029.71143
1225.50000,7019.73730
1226.00000,7007.78223
1226.50000,6994.16162
1227.00000,6981.63672
1227.50000,6973.45068
1228.00000,6970.38477
1228.50000,6970.50684
1229.00000,6970.91797
1229.50000,6969.39600
1230.00000,6965.98193
1230.50000,6962.90869
1231.00000,6962.66113
1231.50000,6966.99365
1232.00000,6974.91357
1232.50000,6984.31738
1233.00000,6993.04834
1233.50000,6999.91748
1234.00000,7003.94629
1234.50000,7003.66260
1235.00000,6998.14453
1235.50000,6985.93262
1236.00000,6969.41064
1236.50000,6953.19434
1237.00000,6944.57666
1237.50000,6946.33447
1238.00000,6958.58203
1238.50000,6975.63281
1239.00000,6990.06885
1239.50000,6996.55469
1240.00000,6996.13721
1240.50000,6992.89893
1241.00000,6991.80127
1241.50000,6994.56689
1242.00000,7000.13574
1242.50000,7005.46631
1243.00000,7008.77832
1243.50000,7010.49121
1244.00000,7013.19141
1244.50000,7018.89697
1245.00000,7028.33838
1245.50000,7039.29248
1246.00000,7049.50342
1246.50000,7057.43555
1247.00000,7063.35303
1247.50000,7068.15479
1248.00000,7073.04004
1248.50000,7078.28809
1249.00000,7083.48535
1249.50000,7088.14648
1250.00000,7092.16650
1250.50000,7096.24756
1251.00000,7101.63623
1251.50000,7110.79492
1252.00000,7125.12744
1252.50000,7145.89355
1253.00000,7173.21826
1253.50000,7203.69336
1254.00000,7233.16016
1254.50000,7257.14941
1255.00000,7273.81299
1255.50000,7282.70654
1256.00000,7288.83398
1256.50000,7296.87939
1257.00000,7311.07568
1257.50000,7331.34082
1258.00000,7355.53076
1258.50000,7378.98926
1259.00000,7398.33301
1259.50000,7410.51563
1260.00000,7417.00977
1260.50000,7419.04688
1261.00000,7418.70703
1261.50000,7418.34570
1262.00000,7420.08691
1262.50000,7425.24268
1263.00000,7433.91064
1263.50000,7444.96729
1264.00000,7454.86670
1264.50000,7459.87939
1265.00000,7457.34619
1265.50000,7448.62695
1266.00000,7436.56787
1266.50000,7426.03467
1267.00000,7420.00049
1267.50000,7419.57910
1268.00000,7422.01367
1268.50000,7425.23096
1269.00000,7427.96338
1269.50000,7430.49561
1270.00000,7433.83105
1270.50000,7438.34961
1271.00000,7443.65723
1271.50000,7448.97656
1272.00000,7453.91504
1272.50000,7458.81299
1273.00000,7464.53564
1273.50000,7471.75244
1274.00000,7481.30127
1274.50000,7493.02441
1275.00000,7506.50684
1275.50000,7520.28076
1276.00000,7531.73926
1276.50000,7537.64844
1277.00000,7536.54102
1277.50000,7530.11475
1278.00000,7521.70947
1278.50000,7515.77881
1279.00000,7514.38379
1279.50000,7516.78174
1280.00000,7519.38721
1280.50000,7519.38086
1281.00000,7516.44531
1281.50000,7512.42871
1282.00000,7509.47559
1282.50000,7507.84229
1283.00000,7506.29150
1283.50000,7503.20313
1284.00000,7498.76318
1284.50000,7494.51465
1285.00000,7491.81836
1285.50000,7490.19775
1286.00000,7487.27100
1286.50000,7481.04248
1287.00000,7470.77783
1287.50000,7457.64600
1288.00000,7443.88574
1288.50000,7430.61914
1289.00000,7417.81348
1289.50000,7405.18799
1290.00000,7393.24072
1290.50000,7382.58057
1291.00000,7372.98047
1291.50000,7361.91162
1292.00000,7345.81152
1292.50000,7320.79150
1293.00000,7287.96484
1293.50000,7250.99268
1294.00000,7215.31055
1294.50000,7185.10498
1295.00000,7162.97510
1295.50000,7148.98340
1296.00000,7140.68408
1296.50000,7136.27539
1297.00000,7132.64648
1297.50000,7127.52344
1298.00000,7119.04688
1298.50000,7107.84912
1299.00000,7095.17822
1299.50000,7082.87842
1300.00000,7071.81299
1300.50000,7062.06055
1301.00000,7053.34570
1301.50000,7046.41553
1302.00000,7043.19043
1302.50000,7043.94238
1303.00000,7047.88086
1303.50000,7051.78906
1304.00000,7052.56836
1304.50000,7047.85059
1305.00000,7039.45361
1305.50000,7030.10498
1306.00000,7022.99902
1306.50000,7019.27197
1307.00000,7018.97510
1307.50000,7020.54297
1308.00000,7022.29932
1308.50000,7022.99072
1309.00000,7022.40332
1309.50000,7020.87695
1310.00000,7019.32471
1310.50000,7018.48877
1311.00000,7018.33008
1311.50000,7017.72119
1312.00000,7015.58887
1312.50000,7011.58252
1313.00000,7007.59277
1313.50000,7005.80176
1314.00000,7007.43018
1314.50000,7010.72266
1315.00000,7012.58008
1315.50000,7011.12744
1316.00000,7007.35693
1316.50000,7004.44336
1317.00000,7004.77490
1317.50000,7008.29932
1318.00000,7012.05371
1318.50000,7012.95850
1319.00000,7009.55273
1319.50000,7003.79492
1320.00000,6997.77686
1320.50000,6991.71289
1321.00000,6983.64258
1321.50000,6971.34180
1322.00000,6955.54053
1322.50000,6940.80322
1323.00000,6933.03271
1323.50000,6933.73877
1324.00000,6940.65625
1324.50000,6949.16016
1325.00000,6955.25391
1325.50000,6958.60645
1326.00000,6962.28027
1326.50000,6969.30859
1327.00000,6980.99805
1327.50000,6994.12988
1328.00000,7004.38525
1328.50000,7006.68945
1329.00000,7000.28613
1329.50000,6985.47021
1330.00000,6965.69336
1330.50000,6945.48340
1331.00000,6929.92383
1331.50000,6921.35205
1332.00000,6919.82080
1332.50000,6922.43213
1333.00000,6923.90771
1333.50000,6920.44531
1334.00000,6912.09033
1334.50000,6902.16699
1335.00000,6895.12207
1335.50000,6892.63623
1336.00000,6893.89990
1336.50000,6896.79980
1337.00000,6900.40674
1337.50000,6906.53076
1338.00000,6917.20557
1338.50000,6932.17285
1339.00000,6948.38281
1339.50000,6960.64209
1340.00000,6965.20020
1340.50000,6961.42920
1341.00000,6953.51318
1341.50000,6945.56348
1342.00000,6940.46533
1342.50000,6938.38086
1343.00000,6938.48535
1343.50000,6939.62549
1344.00000,6942.30322
1344.50000,6947.72803
1345.00000,6956.17383
1345.50000,6967.34863
1346.00000,6978.96484
1346.50000,6988.43896
1347.00000,6992.72412
1347.50000,6992.45752
1348.00000,6990.21436
1348.50000,6991.79492
1349.00000,7001.90283
1349.50000,7022.75049
1350.00000,7048.30273
1350.50000,7070.48291
1351.00000,7080.55615
1351.50000,7079.34814
1352.00000,7071.68018
1352.50000,7066.26318
1353.00000,7067.79102
1353.50000,7075.88379
1354.00000,7083.91846
1354.50000,7086.81982
1355.00000,7083.00439
1355.50000,7077.22705
1356.00000,7073.63867
1356.50000,7072.92676
1357.00000,7072.18799
1357.50000,7067.50537
1358.00000,7058.58984
1358.50000,7047.57422
1359.00000,7037.60400
1359.50000,7029.58301
1360.00000,7022.07715
1360.50000,7012.78711
1361.00000,7001.39746
1361.50000,6990.14404
1362.00000,6982.15869
1362.50000,6979.04590
1363.00000,6980.30176
1363.50000,6982.96338
1364.00000,6984.64941
1364.50000,6984.19971
1365.00000,6982.04883
1365.50000,6979.50049
1366.00000,6978.39111
1366.50000,6980.26074
1367.00000,6985.93457
1367.50000,6994.00439
1368.00000,7002.02783
1368.50000,7007.20361
1369.00000,7008.23389
1369.50000,7004.51953
1370.00000,6998.45508
1370.50000,6991.67236
1371.00000,6985.46387
1371.50000,6980.19824
1372.00000,6976.09277
1372.50000,6973.12354
1373.00000,6971.31299
1373.50000,6970.95508
1374.00000,6971.90186
1374.50000,6974.73926
1375.00000,6980.15771
1375.50000,6987.80176
1376.00000,6996.30273
1376.50000,7002.84961
1377.00000,7005.17871
1377.50000,7002.00342
1378.00000,6996.24023
1378.50000,6991.46582
1379.00000,6991.36523
1379.50000,6996.86963
1380.00000,7007.70166
1380.50000,7021.11475
1381.00000,7034.89209
1381.50000,7046.52148
1382.00000,7054.35352
1382.50000,7056.70947
1383.00000,7054.13477
1383.50000,7049.68018
1384.00000,7048.01660
1384.50000,7052.42188
1385.00000,7063.66162
1385.50000,7078.80420
1386.00000,7092.66699
1386.50000,7101.87158
1387.00000,7106.72021
1387.50000,7110.33203
1388.00000,7116.37305
1388.50000,7125.63525
1389.00000,7136.27588
1389.50000,7144.22607
1390.00000,7146.89258
1390.50000,7143.18311
1391.00000,7135.69678
1391.50000,7127.44824
1392.00000,7119.56299
1392.50000,7110.91895
1393.00000,7099.72510
1393.50000,7085.56543
1394.00000,7071.27637
1394.50000,7061.62402
1395.00000,7059.80273
1395.50000,7065.18115
1396.00000,7074.23096
1396.50000,7080.48047
1397.00000,7080.42627
1397.50000,7074.27881
1398.00000,7065.98535
1398.50000,7059.17383
1399.00000,7055.43408
1399.50000,7054.10840
1400.00000,7053.85352
1400.50000,7053.39990
1401.00000,7052.37500
1401.50000,7050.39209
1402.00000,7046.89014
1402.50000,7041.25879
1403.00000,7034.72656
1403.50000,7029.68994
1404.00000,7029.56689
1404.50000,7034.35840
1405.00000,7042.01270
1405.50000,7047.51074
1406.00000,7046.72754
1406.50000,7036.66016
1407.00000,7020.52148
1407.50000,7003.43555
1408.00000,6991.36084
1408.50000,6986.18945
1409.00000,6987.61035
1409.50000,6991.58691
1410.00000,6993.44629
1410.50000,6989.17773
1411.00000,6979.61914
1411.50000,6968.06299
1412.00000,6960.25781
1412.50000,6959.92480
1413.00000,6968.16504
1413.50000,6981.25781
1414.00000,6993.96338
1414.50000,7001.23486
1415.00000,7002.49854
1415.50000,6999.45166
1416.00000,6995.84863
1416.50000,6995.19482
1417.00000,6999.68115
1417.50000,7008.71924
1418.00000,7020.00293
1418.50000,7031.08154
1419.00000,7040.31152
1419.50000,7047.05078
1420.00000,7051.36865
1420.50000,7054.05566
1421.00000,7055.09131
1421.50000,7054.42969
1422.00000,7052.17236
1422.50000,7048.84814
1423.00000,7046.16846
1423.50000,7045.61719
1424.00000,7047.82568
1424.50000,7051.64404
1425.00000,7055.52344
1425.50000,7058.18750
1426.00000,7059.63525
1426.50000,7060.97705
1427.00000,7063.76611
1427.50000,7069.29980
1428.00000,7078.22070
1428.50000,7089.83203
1429.00000,7103.91064
1429.50000,7119.42969
1430.00000,7135.48584
1430.50000,7151.13867
1431.00000,7165.79590
1431.50000,7178.89600
1432.00000,7189.91016
1432.50000,7198.61426
1433.00000,7204.79736
1433.50000,7210.31982
1434.00000,7217.71338
1434.50000,7230.11035
1435.00000,7247.17725
1435.50000,7266.77148
1436.00000,7284.55322
1436.50000,7297.79883
1437.00000,7305.95117
1437.50000,7312.81055
1438.00000,7321.83545
1438.50000,7334.60547
1439.00000,7349.30908
1439.50000,7364.39990
1440.00000,7379.71533
1440.50000,7396.41895
1441.00000,7415.46436
1441.50000,7434.67236
1442.00000,7450.42725
1442.50000,7459.15674
1443.00000,7462.98193
1443.50000,7466.15479
1444.00000,7472.84521
1444.50000,7483.21533
1445.00000,7493.86426
1445.50000,7500.47754
1446.00000,7501.45654
1446.50000,7498.89014
1447.00000,7497.13037
1447.50000,7498.72803
1448.00000,7502.15527
1448.50000,7504.63477
1449.00000,7504.02393
1449.50000,7501.72949
1450.00000,7499.85010
1450.50000,7499.65479
1451.00000,7499.57715
1451.50000,7495.79346
1452.00000,7485.19287
1452.50000,7467.83350
1453.00000,7446.31006
1453.50000,7426.24121
1454.00000,7412.17432
1454.50000,7406.63867
1455.00000,7407.61475
1455.50000,7411.84180
1456.00000,7414.27441
1456.50000,7411.66846
1457.00000,7402.35107
1457.50000,7389.91699
1458.00000,7377.90039
1458.50000,7369.88623
1459.00000,7367.00000
1459.50000,7369.65381
1460.00000,7375.64063
1460.50000,7383.20605
1461.00000,7391.25244
1461.50000,7399.40527
1462.00000,7407.81934
1462.50000,7416.26025
1463.00000,7423.80029
1463.50000,7428.49365
1464.00000,7429.47900
1464.50000,7426.87158
1465.00000,7422.17920
1465.50000,7418.20508
1466.00000,7417.32031
1466.50000,7419.99658
1467.00000,7425.25928
1467.50000,7432.42725
1468.00000,7440.51611
1468.50000,7448.97168
1469.00000,7456.72412
1469.50000,7462.61182
1470.00000,7465.65137
1470.50000,7466.86035
1471.00000,7468.77148
1471.50000,7474.46680
1472.00000,7484.17383
1472.50000,7496.80029
1473.00000,7510.18213
1473.50000,7522.77197
1474.00000,7534.33936
1474.50000,7545.29639
1475.00000,7555.34277
1475.50000,7563.00879
1476.00000,7568.58057
1476.50000,7574.26563
1477.00000,7584.85107
1477.50000,7603.40332
1478.00000,7631.21973
1478.50000,7663.22705
1479.00000,7692.81836
1479.50000,7712.50146
1480.00000,7723.54980
1480.50000,7729.11963
1481.00000,7734.62598
1481.50000,7743.61523
1482.00000,7757.54150
1482.50000,7775.05371
1483.00000,7795.15771
1483.50000,7818.60645
1484.00000,7845.70117
1484.50000,7876.60010
1485.00000,7909.84082
1485.50000,7942.98682
1486.00000,7973.95557
1486.50000,8002.76318
1487.00000,8031.23682
1487.50000,8063.47363
1488.00000,8102.86719
1488.50000,8151.70117
1489.00000,8207.45410
1489.50000,8263.84668
1490.00000,8313.13477
1490.50000,8352.95313
1491.00000,8387.04688
1491.50000,8426.28027
1492.00000,8480.50391
1492.50000,8555.04199
1493.00000,8641.51660
1493.50000,8727.51074
1494.00000,8804.04785
1494.50000,8874.75391
1495.00000,8949.68652
1495.50000,9040.80273
1496.00000,9147.71191
1496.50000,9264.02441
1497.00000,9379.02930
1497.50000,9490.75586
1498.00000,9607.43457
1498.50000,9738.61426
1499.00000,9889.37012
1499.50000,10057.12109
1500.00000,10231.79688
1500.50000,10410.16309
1501.00000,10596.77051
1501.50000,10798.82129
1502.00000,11025.06543
1502.50000,11268.21094
1503.00000,11520.79883
1503.50000,11775.71484
1504.00000,12032.17773
1504.50000,12297.35938
1505.00000,12578.75977
1505.50000,12876.88184
1506.00000,13188.33594
1506.50000,13500.94629
1507.00000,13805.04004
1507.50000,14093.14258
1508.00000,14365.27832
1508.50000,14620.63672
1509.00000,14862.74121
1509.50000,15093.38477
1510.00000,15309.04590
1510.50000,15509.18555
1511.00000,15688.90039
1511.50000,15844.25684
1512.00000,15975.52930
1512.50000,16075.86133
1513.00000,16145.28516
1513.50000,16184.32715
1514.00000,16191.31055
1514.50000,16174.29492
1515.00000,16132.02539
1515.50000,16061.82324
1516.00000,15962.80176
1516.50000,15828.51465
1517.00000,15667.87598
1517.50000,15491.91797
1518.00000,15310.37695
1518.50000,15126.22656
1519.00000,14932.21875
1519.50000,14718.39648
1520.00000,14481.84082
1520.50000,14222.71191
1521.00000,13953.59082
1521.50000,13682.81543
1522.00000,13412.87402
1522.50000,13141.19629
1523.00000,12865.39355
1523.50000,12587.95508
1524.00000,12314.77930
1524.50000,12054.11230
1525.00000,11806.62695
1525.50000,11569.46191
1526.00000,11337.19629
1526.50000,11105.17188
1527.00000,10872.41309
1527.50000,10640.65625
1528.00000,10412.53223
1528.50000,10192.62988
1529.00000,9982.70898
1529.50000,9784.98535
1530.00000,9600.68457
1530.50000,9427.16406
1531.00000,9263.79102
1531.50000,9107.83594
1532.00000,8957.66895
1532.50000,8814.65625
1533.00000,8679.05273
1533.50000,8553.09082
1534.00000,8438.87598
1534.50000,8335.34082
1535.00000,8242.58398
1535.50000,8157.01904
1536.00000,8075.72217
1536.50000,7997.95313
1537.00000,7924.14600
1537.50000,7857.00684
1538.00000,7798.98584
1538.50000,7749.36182
1539.00000,7707.52832
1539.50000,7669.95508
1540.00000,7634.23096
1540.50000,7599.07813
1541.00000,7564.23926
1541.50000,7530.54883
1542.00000,7499.39209
1542.50000,7471.71973
1543.00000,7448.61621
1543.50000,7428.37061
1544.00000,7408.33105
1544.50000,7384.89502
1545.00000,7357.90527
1545.50000,7329.67236
1546.00000,7304.75586
1546.50000,7285.81348
1547.00000,7273.01074
1547.50000,7260.89307
1548.00000,7243.75049
1548.50000,7218.17529
1549.00000,7188.50488
1549.50000,7161.37061
1550.00000,7143.13086
1550.50000,7134.93945
1551.00000,7135.01758
1551.50000,7136.30420
1552.00000,7134.17725
1552.50000,7127.70898
1553.00000,7120.25098
1553.50000,7115.39258
1554.00000,7114.33887
1554.50000,7114.89746
1555.00000,7111.96240
1555.50000,7101.56104
1556.00000,7082.50391
1556.50000,7058.18652
1557.00000,7035.35059
1557.50000,7021.01074
1558.00000,7017.97021
1558.50000,7024.24512
1559.00000,7035.28418
1559.50000,7043.64258
1560.00000,7045.52051
1560.50000,7040.78369
1561.00000,7032.95264
1561.50000,7024.88428
1562.00000,7017.76807
1562.50000,7010.62793
1563.00000,7001.16406
1563.50000,6989.22168
1564.00000,6975.93213
1564.50000,6963.85693
1565.00000,6955.11279
1565.50000,6951.84912
1566.00000,6953.81934
1566.50000,6960.13232
1567.00000,6968.90479
1567.50000,6977.30957
1568.00000,6983.41260
1568.50000,6986.46338
1569.00000,6987.23438
1569.50000,6986.08203
1570.00000,6982.96533
1570.50000,6977.13770
1571.00000,6968.80127
1571.50000,6961.29639
1572.00000,6959.85400
1572.50000,6968.47363
1573.00000,6985.66943
1573.50000,7005.55664
1574.00000,7018.44922
1574.50000,7018.94580
1575.00000,7006.53662
1575.50000,6989.29004
1576.00000,6975.11426
1576.50000,6969.71338
1577.00000,6973.41895
1577.50000,6984.21826
1578.00000,6996.30859
1578.50000,7005.93750
1579.00000,7009.72412
1579.50000,7007.12451
1580.00000,6997.78662
1580.50000,6984.36084
1581.00000,6970.59668
1581.50000,6960.12061
1582.00000,6953.24316
1582.50000,6948.55225
1583.00000,6943.12695
1583.50000,6934.99365
1584.00000,6923.73438
1584.50000,6911.71289
1585.00000,6901.58789
1585.50000,6895.78857
1586.00000,6893.31934
1586.50000,6892.31055
1587.00000,6889.59375
1587.50000,6882.90283
1588.00000,6871.19434
1588.50000,6856.91602
1589.00000,6843.15625
1589.50000,6833.36133
1590.00000,6827.74951
1590.50000,6824.99170
1591.00000,6821.71094
1591.50000,6815.42627
1592.00000,6805.89893
1592.50000,6796.02002
1593.00000,6788.75635
1593.50000,6786.15771
1594.00000,6785.98828
1594.50000,6784.68018
1595.00000,6779.00830
1595.50000,6769.19434
1596.00000,6756.82910
1596.50000,6744.45996
1597.00000,6732.94141
1597.50000,6722.05518
1598.00000,6711.78271
1598.50000,6703.80518
1599.00000,6700.02441
1599.50000,6700.10938
1600.00000,6701.81787
1600.50000,6701.61084
1601.00000,6698.30273
1601.50000,6694.18848
1602.00000,6692.86865
1602.50000,6695.19531
1603.00000,6697.44922
1603.50000,6694.84912
1604.00000,6683.68945
1604.50000,6667.90674
1605.00000,6653.52588
1605.50000,6645.45996
1606.00000,6642.14160
1606.50000,6639.35596
1607.00000,6632.65625
1607.50000,6621.31006
1608.00000,6606.95508
1608.50000,6592.93457
1609.00000,6580.19971
1609.50000,6568.77783
1610.00000,6559.10205
1610.50000,6553.75781
1611.00000,6554.79736
1611.50000,6561.35254
1612.00000,6568.86621
1612.50000,6571.35400
1613.00000,6565.16406
1613.50000,6551.22998
1614.00000,6535.88281
1614.50000,6526.81982
1615.00000,6527.28613
1615.50000,6534.71777
1616.00000,6543.16797
1616.50000,6546.24658
1617.00000,6541.10400
1617.50000,6530.25732
1618.00000,6520.22754
1618.50000,6516.29980
1619.00000,6517.61328
1619.50000,6519.68604
1620.00000,6516.38770
1620.50000,6506.66357
1621.00000,6493.49463
1621.50000,6484.07227
1622.00000,6482.58838
1622.50000,6490.36865
1623.00000,6502.17822
1623.50000,6512.37646
1624.00000,6515.12988
1624.50000,6509.53027
1625.00000,6496.53760
1625.50000,6479.67334
1626.00000,6463.14307
1626.50000,6451.05664
1627.00000,6444.48242
1627.50000,6442.44434
1628.00000,6441.73340
1628.50000,6439.85352
1629.00000,6437.17920
1629.50000,6436.38037
1630.00000,6439.13525
1630.50000,6443.98096
1631.00000,6444.62598
1631.50000,6435.56787
1632.00000,6414.94482
1632.50000,6389.72021
1633.00000,6369.19189
1633.50000,6361.28662
1634.00000,6366.89941
1634.50000,6382.25293
1635.00000,6398.77197
1635.50000,6411.46094
1636.00000,6417.39258
1636.50000,6417.22803
1637.00000,6410.91797
1637.50000,6401.41553
1638.00000,6392.76514
1638.50000,6390.98486
1639.00000,6397.64844
1639.50000,6411.13770
1640.00000,6424.18164
1640.50000,6429.12744
1641.00000,6422.07813
1641.50000,6407.52393
1642.00000,6392.29883
1642.50000,6382.61230
1643.00000,6377.92188
1643.50000,6374.21289
1644.00000,6366.74561
1644.50000,6355.25684
1645.00000,6342.77930
1645.50000,6334.03027
1646.00000,6331.53223
1646.50000,6335.77100
1647.00000,6341.78125
1647.50000,6345.66943
1648.00000,6344.33398
1648.50000,6337.52002
1649.00000,6325.70605
1649.50000,6312.18506
1650.00000,6300.11035
1650.50000,6292.34375
1651.00000,6288.87695
1651.50000,6289.08008
1652.00000,6290.89600
1652.50000,6292.39063
1653.00000,6292.84375
1653.50000,6293.21582
1654.00000,6294.95996
1654.50000,6299.52295
1655.00000,6306.20361
1655.50000,6312.81445
1656.00000,6315.78662
1656.50000,6313.12891
1657.00000,6303.60693
1657.50000,6290.55957
1658.00000,6277.71533
1658.50000,6269.37891
1659.00000,6266.34961
1659.50000,6267.91406
1660.00000,6271.47803
1660.50000,6274.83350
1661.00000,6276.60059
1661.50000,6276.89404
1662.00000,6276.10498
1662.50000,6274.50977
1663.00000,6272.22949
1663.50000,6269.00977
1664.00000,6264.76221
1664.50000,6259.51904
1665.00000,6253.43604
1665.50000,6247.26318
1666.00000,6241.74023
1666.50000,6237.33984
1667.00000,6233.28369
1667.50000,6227.17139
1668.00000,6216.82666
1668.50000,6202.54443
1669.00000,6188.18701
1669.50000,6180.33545
1670.00000,6185.08740
1670.50000,6203.39844
1671.00000,6225.73877
1671.50000,6239.64844
1672.00000,6237.60205
1672.50000,6220.46045
1673.00000,6195.63232
1673.50000,6175.79785
1674.00000,6167.46582
1674.50000,6169.46631
1675.00000,6175.95703
1675.50000,6183.73145
1676.00000,6192.88818
1676.50000,6205.37744
1677.00000,6220.67969
1677.50000,6233.76660
1678.00000,6238.63574
1678.50000,6232.51221
1679.00000,6218.66797
1679.50000,6202.45020
1680.00000,6188.84766
1680.50000,6178.68848
1681.00000,6170.87158
1681.50000,6163.98535
1682.00000,6159.10986
1682.50000,6158.30957
1683.00000,6161.67627
1683.50000,6167.81494
1684.00000,6172.98438
1684.50000,6174.29688
1685.00000,6169.96289
1685.50000,6162.13965
1686.00000,6153.35156
1686.50000,6146.13428
1687.00000,6141.51465
1687.50000,6139.65039
1688.00000,6138.75781
1688.50000,6137.51904
1689.00000,6135.61670
1689.50000,6133.91064
1690.00000,6133.28369
1690.50000,6133.04639
1691.00000,6130.80176
1691.50000,6123.16650
1692.00000,6111.41992
1692.50000,6099.94141
1693.00000,6096.66504
1693.50000,6106.06982
1694.00000,6127.22217
1694.50000,6148.88037
1695.00000,6160.30322
1695.50000,6152.12744
1696.00000,6131.25586
1696.50000,6108.49756
1697.00000,6096.01611
1697.50000,6094.96924
1698.00000,6099.89063
1698.50000,6101.12793
1699.00000,6094.59473
1699.50000,6083.15625
1700.00000,6075.35840
1700.50000,6075.52490
1701.00000,6081.92383
1701.50000,6088.68262
1702.00000,6090.77930
1702.50000,6088.46973
1703.00000,6084.38135
1703.50000,6080.34277
1704.00000,6076.34082
1704.50000,6071.78564
1705.00000,6067.34863
1705.50000,6064.44189
1706.00000,6063.47998
1706.50000,6062.27295
1707.00000,6058.46631
1707.50000,6051.46680
1708.00000,6045.07129
1708.50000,6043.88623
1709.00000,6049.59912
1709.50000,6059.47656
1710.00000,6068.77979
1710.50000,6073.33594
1711.00000,6072.29639
1711.50000,6066.89648
1712.00000,6059.98730
1712.50000,6053.33154
1713.00000,6048.20850
1713.50000,6044.94189
1714.00000,6043.19678
1714.50000,6041.55029
1715.00000,6038.97852
1715.50000,6035.40967
1716.00000,6032.15234
1716.50000,6030.33105
1717.00000,6029.31592
1717.50000,6027.41992
1718.00000,6022.93262
1718.50000,6017.03467
1719.00000,6012.28662
1719.50000,6010.86963
1720.00000,6011.83691
1720.50000,6012.81396
1721.00000,6011.73730
1721.50000,6009.17383
1722.00000,6007.98047
1722.50000,6009.41992
1723.00000,6012.11865
1723.50000,6012.10400
1724.00000,6006.64941
1724.50000,5996.59619
1725.00000,5987.42236
1725.50000,5983.64160
1726.00000,5987.84473
1726.50000,5995.62695
1727.00000,6001.74805
1727.50000,6002.84424
1728.00000,6000.51416
1728.50000,5998.35840
1729.00000,5999.21094
1729.50000,6002.34717
1730.00000,6003.33594
1730.50000,5998.91260
1731.00000,5988.15479
1731.50000,5974.29492
1732.00000,5962.59521
1732.50000,5958.06982
1733.00000,5960.64844
1733.50000,5968.31396
1734.00000,5977.62598
1734.50000,5984.81299
1735.00000,5987.61621
1735.50000,5986.63037
1736.00000,5983.81445
1736.50000,5980.32129
1737.00000,5975.94775
1737.50000,5969.15381
1738.00000,5959.56836
1738.50000,5950.36670
1739.00000,5946.73877
1739.50000,5952.15869
1740.00000,5964.89551
