280.00000,4906.58936
280.50000,4899.71143
281.00000,4893.23438
281.50000,4888.83105
282.00000,4887.00195
282.50000,4888.13135
283.00000,4892.12012
283.50000,4897.50342
284.00000,4903.07813
284.50000,4907.81885
285.00000,4911.29590
285.50000,4913.37256
286.00000,4915.01221
286.50000,4917.17725
287.00000,4920.47266
287.50000,4924.69043
288.00000,4929.24072
288.50000,4933.06982
289.00000,4935.00732
289.50000,4933.90625
290.00000,4930.21631
290.50000,4924.15918
291.00000,4916.64209
291.50000,4909.05469
292.00000,4903.36914
292.50000,4900.87500
293.00000,4901.94678
293.50000,4906.74170
294.00000,4913.51465
294.50000,4920.75635
295.00000,4926.64600
295.50000,4930.56152
296.00000,4932.75342
296.50000,4934.41602
297.00000,4936.44141
297.50000,4939.25635
298.00000,4942.02344
298.50000,4942.94287
299.00000,4940.46191
299.50000,4934.33252
300.00000,4924.62695
300.50000,4913.56689
301.00000,4903.65869
301.50000,4897.80176
302.00000,4896.12646
302.50000,4898.47021
303.00000,4903.11768
303.50000,4908.13672
304.00000,4911.87793
304.50000,4914.25830
305.00000,4916.37256
305.50000,4919.70654
306.00000,4924.95068
306.50000,4932.15869
307.00000,4939.78760
307.50000,4945.60254
308.00000,4947.33447
308.50000,4945.52197
309.00000,4941.33496
309.50000,4937.25195
310.00000,4935.81592
310.50000,4939.41797
311.00000,4946.84473
311.50000,4955.78125
312.00000,4963.05762
312.50000,4966.40430
313.00000,4964.15234
313.50000,4956.09863
314.00000,4945.39307
314.50000,4934.83691
315.00000,4927.00000
315.50000,4923.28711
316.00000,4924.99756
316.50000,4930.42139
317.00000,4937.46094
317.50000,4943.46680
318.00000,4946.74609
318.50000,4945.78027
319.00000,4941.15430
319.50000,4934.27588
320.00000,4927.83252
320.50000,4923.98682
321.00000,4924.13428
321.50000,4928.19238
322.00000,4934.43213
322.50000,4940.52783
323.00000,4943.84961
323.50000,4943.61572
324.00000,4940.12695
324.50000,4935.70313
325.00000,4932.62207
325.50000,4932.83838
326.00000,4936.52881
326.50000,4942.09033
327.00000,4946.63232
327.50000,4947.97266
328.00000,4944.44678
328.50000,4937.24365
329.00000,4928.33398
329.50000,4921.30859
330.00000,4918.26367
330.50000,4921.08252
331.00000,4928.42676
331.50000,4938.77148
332.00000,4949.68262
332.50000,4958.64404
333.00000,4964.12305
333.50000,4966.09326
334.00000,4965.44287
334.50000,4963.04590
335.00000,4960.44727
335.50000,4958.60791
336.00000,4957.79834
336.50000,4957.56982
337.00000,4957.51172
337.50000,4957.33838
338.00000,4957.13477
338.50000,4957.48730
339.00000,4958.79443
339.50000,4961.06494
340.00000,4963.79150
340.50000,4966.16357
341.00000,4967.34082
341.50000,4967.06885
342.00000,4965.70850
342.50000,4963.98291
343.00000,4962.48975
343.50000,4961.37646
344.00000,4960.45264
344.50000,4959.42236
345.00000,4958.23877
345.50000,4957.36914
346.00000,4957.32227
346.50000,4958.55176
347.00000,4960.64600
347.50000,4963.00781
348.00000,4964.73926
348.50000,4965.42334
349.00000,4965.35742
349.50000,4965.51709
350.00000,4966.81982
350.50000,4970.19580
351.00000,4975.39209
351.50000,4981.91455
352.00000,4988.29346
352.50000,4993.31055
353.00000,4995.52686
353.50000,4994.68164
354.00000,4990.74023
354.50000,4984.02930
355.00000,4976.32520
355.50000,4969.43945
356.00000,4964.89941
356.50000,4963.39893
357.00000,4965.87500
357.50000,4971.48877
358.00000,4979.78906
358.50000,4989.88525
359.00000,5000.63965
359.50000,5011.15869
360.00000,5020.38916
360.50000,5027.51270
361.00000,5031.17725
361.50000,5031.70752
362.00000,5029.95947
362.50000,5027.00098
363.00000,5023.87256
363.50000,5020.88330
364.00000,5017.69727
364.50000,5013.65283
365.00000,5008.25586
365.50000,5002.39990
366.00000,4997.24414
366.50000,4994.12012
367.00000,4993.29736
367.50000,4994.52588
368.00000,4996.03369
368.50000,4996.07373
369.00000,4993.16602
369.50000,4987.72119
370.00000,4980.20801
370.50000,4971.67285
371.00000,4963.29053
371.50000,4956.24365
372.00000,4951.19141
372.50000,4948.65771
373.00000,4949.42578
373.50000,4952.60254
374.00000,4957.10498
374.50000,4960.54199
375.00000,4960.72461
375.50000,4956.04541
376.00000,4947.62354
376.50000,4937.43994
377.00000,4928.45508
377.50000,4922.96143
378.00000,4922.93311
378.50000,4927.15723
379.00000,4933.20264
379.50000,4938.68604
380.00000,4941.78564
380.50000,4941.61865
381.00000,4937.87842
381.50000,4932.10498
382.00000,4925.83447
382.50000,4920.52295
383.00000,4916.99023
383.50000,4916.06445
384.00000,4917.26709
384.50000,4920.14404
385.00000,4924.05322
385.50000,4928.34814
386.00000,4932.98584
386.50000,4937.94971
387.00000,4943.00928
387.50000,4947.34229
388.00000,4949.77881
388.50000,4949.25928
389.00000,4945.81934
389.50000,4941.21338
390.00000,4937.69873
390.50000,4937.34863
391.00000,4940.71729
391.50000,4946.97998
392.00000,4952.03320
392.50000,4952.47656
393.00000,4946.08350
393.50000,4934.22754
394.00000,4919.16602
394.50000,4905.05371
395.00000,4895.33936
395.50000,4892.09668
396.00000,4893.13330
396.50000,4896.84961
397.00000,4901.39063
397.50000,4905.65723
398.00000,4909.46631
398.50000,4913.15869
399.00000,4916.78613
399.50000,4919.82520
400.00000,4921.84521
400.50000,4922.51807
401.00000,4922.06445
401.50000,4921.18604
402.00000,4920.61963
402.50000,4920.67529
403.00000,4921.41504
403.50000,4923.11768
404.00000,4925.95117
404.50000,4930.36719
405.00000,4936.27686
405.50000,4942.49072
406.00000,4946.67969
406.50000,4947.30176
407.00000,4943.81104
407.50000,4936.90723
408.00000,4929.46826
408.50000,4924.35791
409.00000,4923.45313
409.50000,4925.36572
410.00000,4927.50000
410.50000,4927.22656
411.00000,4923.41162
411.50000,4916.75195
412.00000,4910.22754
412.50000,4907.41797
413.00000,4909.28516
413.50000,4914.30518
414.00000,4920.15869
414.50000,4924.48975
415.00000,4926.55664
415.50000,4927.45117
416.00000,4929.75830
416.50000,4935.41553
417.00000,4943.72754
417.50000,4952.53809
418.00000,4958.77148
418.50000,4961.10254
419.00000,4959.43115
419.50000,4955.72754
420.00000,4953.06152
420.50000,4953.16064
421.00000,4955.52881
421.50000,4958.59863
422.00000,4960.38916
422.50000,4960.25146
423.00000,4958.80762
423.50000,4958.38281
424.00000,4960.61182
424.50000,4966.33594
425.00000,4974.07275
425.50000,4981.60889
426.00000,4985.96045
426.50000,4985.87842
427.00000,4981.24414
427.50000,4974.31396
428.00000,4967.88672
428.50000,4964.70361
429.00000,4965.73682
429.50000,4970.64453
430.00000,4977.88477
430.50000,4984.05664
431.00000,4986.28418
431.50000,4983.23340
432.00000,4975.86719
432.50000,4965.73047
433.00000,4955.88086
433.50000,4948.58691
434.00000,4945.61621
434.50000,4945.31787
435.00000,4945.93164
435.50000,4945.58008
436.00000,4943.49023
436.50000,4939.62305
437.00000,4935.25195
437.50000,4931.55273
438.00000,4929.25391
438.50000,4927.87402
439.00000,4926.93018
439.50000,4926.02930
440.00000,4925.24365
440.50000,4925.21240
441.00000,4926.53223
441.50000,4929.74658
442.00000,4934.89600
442.50000,4941.29297
443.00000,4948.34277
443.50000,4955.07324
444.00000,4960.56396
444.50000,4963.34668
445.00000,4963.10938
445.50000,4960.08887
446.00000,4955.54297
446.50000,4951.21875
447.00000,4948.50879
447.50000,4947.60400
448.00000,4947.60938
448.50000,4946.72412
449.00000,4943.77881
449.50000,4939.13965
450.00000,4934.61133
450.50000,4932.16553
451.00000,4933.40479
451.50000,4937.45361
452.00000,4941.99219
452.50000,4942.76123
453.00000,4938.07422
453.50000,4927.68262
454.00000,4913.78076
454.50000,4899.91602
455.00000,4889.68213
455.50000,4884.72900
456.00000,4885.24658
456.50000,4890.31934
457.00000,4896.76416
457.50000,4902.62891
458.00000,4906.25830
458.50000,4907.05225
459.00000,4904.32080
459.50000,4898.91797
460.00000,4891.78369
460.50000,4884.45264
461.00000,4878.25049
461.50000,4874.24072
462.00000,4872.85742
462.50000,4873.78076
463.00000,4876.83789
463.50000,4880.90820
464.00000,4884.85352
464.50000,4887.19727
465.00000,4887.19043
465.50000,4884.18994
466.00000,4878.92334
466.50000,4873.12549
467.00000,4869.54736
467.50000,4870.46729
468.00000,4877.03760
468.50000,4888.28174
469.00000,4900.87842
469.50000,4911.36865
470.00000,4916.99023
470.50000,4917.06738
471.00000,4911.55957
471.50000,4903.84033
472.00000,4896.50732
472.50000,4891.00879
473.00000,4886.83691
473.50000,4882.78516
474.00000,4877.62109
474.50000,4871.22363
475.00000,4864.88184
475.50000,4860.92871
476.00000,4860.96094
476.50000,4864.73535
477.00000,4869.76953
477.50000,4873.01172
478.00000,4872.33008
478.50000,4867.62793
479.00000,4860.69043
479.50000,4855.64844
480.00000,4855.29199
480.50000,4859.96631
481.00000,4867.12842
481.50000,4873.55811
482.00000,4876.66602
482.50000,4875.89014
483.00000,4872.42871
483.50000,4869.52637
484.00000,4868.91406
484.50000,4870.18408
485.00000,4871.34961
485.50000,4869.97852
486.00000,4865.39990
486.50000,4858.54443
487.00000,4852.01514
487.50000,4848.25244
488.00000,4847.80469
488.50000,4848.88135
489.00000,4848.86328
489.50000,4845.17773
490.00000,4838.05273
490.50000,4829.31689
491.00000,4822.73193
491.50000,4820.91846
492.00000,4824.56104
492.50000,4831.37549
493.00000,4838.01367
493.50000,4840.95459
494.00000,4839.44385
494.50000,4834.33105
495.00000,4828.46191
495.50000,4825.08301
496.00000,4825.89990
496.50000,4830.07764
497.00000,4835.51563
497.50000,4839.76318
498.00000,4841.53906
498.50000,4840.62891
499.00000,4837.98242
499.50000,4835.27783
500.00000,4833.43604
500.50000,4832.49072
501.00000,4832.09326
501.50000,4831.99023
502.00000,4832.00391
502.50000,4832.04980
503.00000,4831.65479
503.50000,4829.98584
504.00000,4826.03516
504.50000,4820.04590
505.00000,4813.25195
505.50000,4808.03125
506.00000,4806.19775
506.50000,4808.97168
507.00000,4815.63525
507.50000,4823.26855
508.00000,4828.86426
508.50000,4831.38037
509.00000,4831.55664
509.50000,4831.36768
510.00000,4832.89795
510.50000,4837.03223
511.00000,4842.53711
511.50000,4846.51514
512.00000,4845.75146
512.50000,4840.15430
513.00000,4831.32764
513.50000,4822.48145
514.00000,4816.85791
514.50000,4816.72412
515.00000,4821.70996
515.50000,4828.90869
516.00000,4834.36523
516.50000,4835.90820
517.00000,4833.40527
517.50000,4828.55518
518.00000,4824.53906
518.50000,4823.95313
519.00000,4827.41406
519.50000,4833.14502
520.00000,4837.62354
520.50000,4838.26318
521.00000,4834.27637
521.50000,4826.73096
522.00000,4818.68408
522.50000,4812.81396
523.00000,4810.39746
523.50000,4810.76660
524.00000,4812.29980
524.50000,4812.90918
525.00000,4812.00977
525.50000,4810.07813
526.00000,4808.21924
526.50000,4807.14893
527.00000,4806.65967
527.50000,4805.88379
528.00000,4803.32520
528.50000,4798.57471
529.00000,4791.80713
529.50000,4783.69385
530.00000,4775.18604
530.50000,4766.92139
531.00000,4759.29199
531.50000,4752.48047
532.00000,4746.84766
532.50000,4742.31641
533.00000,4738.86621
533.50000,4736.33789
534.00000,4734.52490
534.50000,4733.65723
535.00000,4733.92432
535.50000,4735.52246
536.00000,4738.65967
536.50000,4742.70459
537.00000,4747.05566
537.50000,4751.13379
538.00000,4754.72705
538.50000,4757.48242
539.00000,4758.91699
539.50000,4758.09619
540.00000,4753.40625
540.50000,4745.03906
541.00000,4733.92529
541.50000,4723.71387
542.00000,4717.96533
542.50000,4720.29932
543.00000,4729.55518
543.50000,4742.89502
544.00000,4755.50928
544.50000,4763.29883
545.00000,4763.70898
545.50000,4758.08008
546.00000,4750.59766
546.50000,4744.87646
547.00000,4741.99121
547.50000,4741.09229
548.00000,4739.97559
548.50000,4736.93164
549.00000,4731.59375
549.50000,4725.73730
550.00000,4721.74756
550.50000,4721.46533
551.00000,4723.59180
551.50000,4726.22021
552.00000,4727.02832
552.50000,4725.28809
553.00000,4721.47119
553.50000,4717.70703
554.00000,4715.92578
554.50000,4717.79297
555.00000,4721.69922
555.50000,4726.08203
556.00000,4729.32129
556.50000,4731.01563
557.00000,4731.52734
557.50000,4731.99707
558.00000,4733.13623
558.50000,4734.86572
559.00000,4735.86328
559.50000,4734.61230
560.00000,4730.16211
560.50000,4723.13770
561.00000,4714.59814
561.50000,4706.50244
562.00000,4700.34033
562.50000,4697.46924
563.00000,4697.26953
563.50000,4698.92383
564.00000,4700.83398
564.50000,4701.84863
565.00000,4701.18799
565.50000,4699.17090
566.00000,4696.50830
566.50000,4694.24854
567.00000,4693.12646
567.50000,4693.48340
568.00000,4694.76465
568.50000,4695.81738
569.00000,4695.57861
569.50000,4694.02246
570.00000,4691.84912
570.50000,4690.55078
571.00000,4691.30518
571.50000,4694.83398
572.00000,4700.22266
572.50000,4705.27197
573.00000,4707.05176
573.50000,4704.77197
574.00000,4698.87354
574.50000,4691.32813
575.00000,4684.98633
575.50000,4682.14648
576.00000,4683.18066
576.50000,4686.58643
577.00000,4689.91016
577.50000,4690.94531
578.00000,4689.23633
578.50000,4685.80859
579.00000,4682.65283
579.50000,4681.25098
580.00000,4681.57764
580.50000,4682.30713
581.00000,4681.10303
581.50000,4676.75342
582.00000,4669.28174
582.50000,4661.15625
583.00000,4655.56006
583.50000,4655.84033
584.00000,4662.69678
584.50000,4674.67285
585.00000,4688.89600
585.50000,4700.77002
586.00000,4706.36084
586.50000,4702.97852
587.00000,4692.56982
587.50000,4678.06885
588.00000,4664.16211
588.50000,4654.24805
589.00000,4651.27930
589.50000,4653.85889
590.00000,4660.36572
590.50000,4667.86816
591.00000,4673.93164
591.50000,4676.92285
592.00000,4677.57764
592.50000,4676.89160
593.00000,4675.72705
593.50000,4674.60547
594.00000,4673.47412
594.50000,4672.04688
595.00000,4670.15576
595.50000,4667.71338
596.00000,4664.89941
596.50000,4661.80859
597.00000,4658.44580
597.50000,4654.92871
598.00000,4651.50635
598.50000,4648.58350
599.00000,4646.41113
599.50000,4645.10498
600.00000,4644.08740
600.50000,4642.64746
601.00000,4640.02246
601.50000,4636.47852
602.00000,4632.96240
602.50000,4630.89990
603.00000,4631.23047
603.50000,4634.79443
604.00000,4640.41309
604.50000,4646.76709
605.00000,4652.18262
605.50000,4655.79932
606.00000,4657.24072
606.50000,4657.37549
607.00000,4656.92432
607.50000,4655.84473
608.00000,4653.71680
608.50000,4649.80029
609.00000,4643.74414
609.50000,4636.48486
610.00000,4629.54834
610.50000,4624.65332
611.00000,4622.59277
611.50000,4622.95459
612.00000,4623.52393
612.50000,4622.66943
613.00000,4619.72607
613.50000,4615.86035
614.00000,4613.22217
614.50000,4613.68115
615.00000,4617.65771
615.50000,4624.08252
616.00000,4629.40869
616.50000,4630.27100
617.00000,4624.91357
617.50000,4614.63965
618.00000,4601.54248
618.50000,4589.24658
619.00000,4580.35645
619.50000,4577.02100
620.00000,4578.10791
620.50000,4582.40430
621.00000,4587.56445
621.50000,4591.50439
622.00000,4592.64941
622.50000,4590.97803
623.00000,4586.86182
623.50000,4580.96094
624.00000,4574.62891
624.50000,4569.02490
625.00000,4565.26660
625.50000,4563.94385
626.00000,4565.98340
626.50000,4570.67920
627.00000,4576.83838
627.50000,4582.67383
628.00000,4586.47656
628.50000,4586.72510
629.00000,4583.37061
629.50000,4577.71533
630.00000,4571.67383
630.50000,4567.47070
631.00000,4566.67041
631.50000,4570.23438
632.00000,4576.74805
632.50000,4585.02930
633.00000,4593.30078
633.50000,4600.08154
634.00000,4603.37207
634.50000,4602.76855
635.00000,4597.88379
635.50000,4589.38379
636.00000,4579.54150
636.50000,4570.79492
637.00000,4565.04346
637.50000,4562.29736
638.00000,4561.85547
638.50000,4561.78564
639.00000,4561.24170
639.50000,4560.49512
640.00000,4560.67188
640.50000,4563.08203
641.00000,4567.47070
641.50000,4572.28271
642.00000,4574.48535
642.50000,4572.60645
643.00000,4566.50146
643.50000,4558.02051
644.00000,4549.84668
644.50000,4544.19043
645.00000,4541.34717
645.50000,4540.46826
646.00000,4540.23926
646.50000,4539.55225
647.00000,4538.32373
647.50000,4537.39014
648.00000,4537.63574
648.50000,4539.80176
649.00000,4543.57617
649.50000,4548.42188
650.00000,4553.48779
650.50000,4557.67529
651.00000,4559.62988
651.50000,4558.24951
652.00000,4553.46924
652.50000,4545.62256
653.00000,4537.34277
653.50000,4531.41553
654.00000,4530.40381
654.50000,4533.81641
655.00000,4540.17725
655.50000,4546.16797
656.00000,4549.09473
656.50000,4546.86084
657.00000,4541.17334
657.50000,4534.64404
658.00000,4530.88770
658.50000,4531.67578
659.00000,4536.76953
659.50000,4542.89697
660.00000,4546.55176
660.50000,4543.93750
661.00000,4535.56250
661.50000,4523.24219
662.00000,4511.00879
662.50000,4502.74512
663.00000,4501.54785
663.50000,4506.69092
664.00000,4515.16211
664.50000,4522.50830
665.00000,4525.85938
665.50000,4524.25146
666.00000,4519.03467
666.50000,4513.28027
667.00000,4509.82861
667.50000,4509.94727
668.00000,4513.21338
668.50000,4518.20020
669.00000,4522.36816
669.50000,4523.68652
670.00000,4520.95605
670.50000,4515.30127
671.00000,4508.27783
671.50000,4502.43018
672.00000,4499.73047
672.50000,4501.92090
673.00000,4507.67334
673.50000,4515.14648
674.00000,4521.30908
674.50000,4524.01611
675.00000,4521.77832
675.50000,4516.33691
676.00000,4510.41357
676.50000,4507.15967
677.00000,4507.67188
677.50000,4512.15918
678.00000,4519.05371
678.50000,4526.22412
679.00000,4531.68262
679.50000,4534.64111
680.00000,4534.97412
680.50000,4532.99756
681.00000,4529.90527
681.50000,4526.50195
682.00000,4523.46289
682.50000,4520.98535
683.00000,4519.15771
683.50000,4517.83496
684.00000,4517.14063
684.50000,4517.47510
685.00000,4518.97461
685.50000,4521.70459
686.00000,4524.93213
686.50000,4527.56104
687.00000,4528.00928
687.50000,4525.90186
688.00000,4521.51758
688.50000,4515.87988
689.00000,4510.28857
689.50000,4505.58838
690.00000,4501.98145
690.50000,4499.31152
691.00000,4497.70508
691.50000,4497.13672
692.00000,4497.97852
692.50000,4500.47803
693.00000,4504.21826
693.50000,4508.67529
694.00000,4512.90967
694.50000,4516.23926
695.00000,4517.79883
695.50000,4517.52393
696.00000,4515.27002
696.50000,4511.55322
697.00000,4507.59961
697.50000,4504.87646
698.00000,4504.13965
698.50000,4505.02686
699.00000,4505.87451
699.50000,4504.46973
700.00000,4499.52832
700.50000,4492.34180
701.00000,4485.99365
701.50000,4484.21484
702.00000,4487.84521
702.50000,4495.32227
703.00000,4502.76807
703.50000,4506.25977
704.00000,4503.60693
704.50000,4496.44238
705.00000,4489.05664
705.50000,4486.60352
706.00000,4490.86914
706.50000,4500.32715
707.00000,4511.11426
707.50000,4519.11719
708.00000,4521.74707
708.50000,4519.29443
709.00000,4513.98975
709.50000,4507.97461
710.00000,4502.79736
710.50000,4498.57129
711.00000,4494.46777
711.50000,4489.55518
712.00000,4483.43066
712.50000,4476.82617
713.00000,4471.01367
713.50000,4467.67285
714.00000,4467.16113
714.50000,4469.53809
715.00000,4474.14502
715.50000,4479.49463
716.00000,4484.30664
716.50000,4487.57129
717.00000,4488.85400
717.50000,4487.49170
718.00000,4484.05518
718.50000,4478.84375
719.00000,4472.75146
719.50000,4467.15283
720.00000,4463.48486
720.50000,4462.33447
721.00000,4463.40771
721.50000,4465.99756
722.00000,4468.74609
722.50000,4471.18896
723.00000,4473.79590
723.50000,4477.54297
724.00000,4483.44238
724.50000,4490.91016
725.00000,4498.31201
725.50000,4502.78467
726.00000,4503.35059
726.50000,4499.82129
727.00000,4493.56689
727.50000,4486.45020
728.00000,4479.51270
728.50000,4473.02637
729.00000,4467.00195
729.50000,4462.04980
730.00000,4459.03369
730.50000,4459.19238
731.00000,4462.50195
731.50000,4467.15137
732.00000,4470.14111
732.50000,4469.33740
733.00000,4464.81494
733.50000,4458.88818
734.00000,4455.26855
734.50000,4457.12354
735.00000,4464.92725
735.50000,4476.26074
736.00000,4487.44238
736.50000,4494.82959
737.00000,4496.35547
737.50000,4491.57861
738.00000,4483.40234
738.50000,4474.69238
739.00000,4468.52637
739.50000,4466.14160
740.00000,4467.70557
740.50000,4470.66699
741.00000,4472.61768
741.50000,4471.31934
742.00000,4466.81836
742.50000,4460.23486
743.00000,4454.12354
743.50000,4450.31152
744.00000,4449.87158
744.50000,4451.08496
745.00000,4452.19531
745.50000,4451.86133
746.00000,4450.63818
746.50000,4450.45605
747.00000,4452.91309
747.50000,4457.95703
748.00000,4464.05176
748.50000,4468.56006
749.00000,4469.64600
749.50000,4467.07324
750.00000,4462.62402
750.50000,4458.04883
751.00000,4454.34619
751.50000,4451.11133
752.00000,4446.98438
752.50000,4441.30029
753.00000,4434.57422
753.50000,4429.07520
754.00000,4426.90527
754.50000,4429.85352
755.00000,4436.60693
755.50000,4444.83936
756.00000,4451.34326
756.50000,4454.17090
757.00000,4452.33350
757.50000,4446.93018
758.00000,4440.35498
758.50000,4435.03662
759.00000,4432.29150
759.50000,4432.20947
760.00000,4433.90869
760.50000,4435.65332
761.00000,4436.47656
761.50000,4436.59277
762.00000,4436.97168
762.50000,4438.77930
763.00000,4442.04150
763.50000,4446.10156
764.00000,4449.73730
764.50000,4452.14893
765.00000,4453.06299
765.50000,4452.96777
766.00000,4452.31348
766.50000,4450.76709
767.00000,4447.81738
767.50000,4443.01416
768.00000,4436.88770
768.50000,4431.35449
769.00000,4428.57275
769.50000,4429.12402
770.00000,4431.79834
770.50000,4434.36230
771.00000,4435.00293
771.50000,4433.59229
772.00000,4432.11572
772.50000,4433.22949
773.00000,4439.17432
773.50000,4449.02148
774.00000,4459.94482
774.50000,4467.79102
775.00000,4470.62744
775.50000,4468.11084
776.00000,4462.42480
776.50000,4456.97607
777.00000,4454.12207
777.50000,4454.04053
778.00000,4455.71826
778.50000,4457.78760
779.00000,4459.13135
779.50000,4459.32861
780.00000,4458.52686
780.50000,4457.24219
781.00000,4455.99756
781.50000,4455.39307
782.00000,4455.98047
782.50000,4458.41504
783.00000,4462.32764
783.50000,4467.11133
784.00000,4471.53613
784.50000,4474.67822
785.00000,4476.08789
785.50000,4476.60645
786.00000,4477.27979
786.50000,4479.14697
787.00000,4482.15625
787.50000,4485.55908
788.00000,4487.86426
788.50000,4487.87744
789.00000,4484.30811
789.50000,4477.80615
790.00000,4469.31396
790.50000,4460.35303
791.00000,4452.55371
791.50000,4447.42969
792.00000,4445.77881
792.50000,4447.53369
793.00000,4452.71289
793.50000,4459.75635
794.00000,4467.37939
794.50000,4474.03760
795.00000,4478.87549
795.50000,4481.44434
796.00000,4482.50000
796.50000,4483.16455
797.00000,4484.38477
797.50000,4486.05127
798.00000,4487.10010
798.50000,4485.69727
799.00000,4481.07568
799.50000,4473.28125
800.00000,4464.77246
800.50000,4458.52393
801.00000,4458.27979
801.50000,4463.36230
802.00000,4472.21777
802.50000,4481.53174
803.00000,4488.50781
803.50000,4491.56885
804.00000,4491.83643
804.50000,4491.14600
805.00000,4491.08154
805.50000,4491.68018
806.00000,4491.66113
806.50000,4489.04395
807.00000,4483.04736
807.50000,4473.73633
808.00000,4463.63672
808.50000,4455.65283
809.00000,4453.46045
809.50000,4457.83594
810.00000,4468.92529
810.50000,4484.20557
811.00000,4499.91309
811.50000,4511.98047
812.00000,4518.43115
812.50000,4519.24805
813.00000,4516.45459
813.50000,4514.39453
814.00000,4516.68994
814.50000,4524.47314
815.00000,4535.31934
815.50000,4544.43799
816.00000,4547.17725
816.50000,4540.97852
817.00000,4526.11133
817.50000,4508.16211
818.00000,4492.93018
818.50000,4485.23096
819.00000,4485.91748
819.50000,4494.15527
820.00000,4505.12305
820.50000,4515.37793
821.00000,4522.07080
821.50000,4524.74121
822.00000,4523.24756
822.50000,4519.02148
823.00000,4513.91211
823.50000,4510.27100
824.00000,4509.78564
824.50000,4513.56201
825.00000,4521.21924
825.50000,4530.08203
826.00000,4536.88037
826.50000,4539.08398
827.00000,4536.29688
827.50000,4529.37988
828.00000,4522.09229
828.50000,4517.36426
829.00000,4516.86035
829.50000,4519.66309
830.00000,4524.47217
830.50000,4529.36475
831.00000,4533.27002
831.50000,4535.44971
832.00000,4536.09961
832.50000,4535.16846
833.00000,4532.99365
833.50000,4530.55518
834.00000,4529.44287
834.50000,4531.02539
835.00000,4535.86523
835.50000,4543.66016
836.00000,4552.06201
836.50000,4558.87891
837.00000,4562.56787
837.50000,4563.38232
838.00000,4562.03516
838.50000,4560.06445
839.00000,4558.15283
839.50000,4556.41748
840.00000,4554.84277
840.50000,4553.86230
841.00000,4554.24951
841.50000,4556.43604
842.00000,4560.71484
842.50000,4566.17236
843.00000,4572.06152
843.50000,4577.96143
844.00000,4583.94482
844.50000,4590.23340
845.00000,4596.63330
845.50000,4602.53662
846.00000,4607.09473
846.50000,4610.53955
847.00000,4613.74854
847.50000,4618.09619
848.00000,4623.95117
848.50000,4630.47314
849.00000,4635.49072
849.50000,4637.44678
850.00000,4635.31299
850.50000,4631.01367
851.00000,4626.46582
851.50000,4623.53516
852.00000,4622.67871
852.50000,4624.03857
853.00000,4627.30029
853.50000,4632.52051
854.00000,4640.54053
854.50000,4650.64014
855.00000,4661.68750
855.50000,4671.58398
856.00000,4678.91553
856.50000,4683.05420
857.00000,4685.47900
857.50000,4687.92480
858.00000,4691.58496
858.50000,4695.73242
859.00000,4698.59863
859.50000,4698.14063
860.00000,4694.20898
860.50000,4687.75781
861.00000,4681.43701
861.50000,4677.44873
862.00000,4677.79834
862.50000,4681.84473
863.00000,4688.81104
863.50000,4696.96191
864.00000,4704.61328
864.50000,4710.41650
865.00000,4714.27686
865.50000,4716.77686
866.00000,4719.15674
866.50000,4722.82715
867.00000,4729.02783
867.50000,4738.17383
868.00000,4749.63867
868.50000,4762.68701
869.00000,4775.79883
869.50000,4787.73193
870.00000,4797.23145
870.50000,4804.30615
871.00000,4809.15820
871.50000,4812.97363
872.00000,4816.93213
872.50000,4821.58643
873.00000,4826.29004
873.50000,4829.78857
874.00000,4830.54443
874.50000,4828.51807
875.00000,4824.18311
875.50000,4819.22754
876.00000,4815.14893
876.50000,4813.19336
877.00000,4813.04688
877.50000,4814.11084
878.00000,4815.30078
878.50000,4815.51465
879.00000,4813.64502
879.50000,4809.45361
880.00000,4803.59229
880.50000,4797.54248
881.00000,4793.23535
881.50000,4791.98291
882.00000,4793.56934
882.50000,4795.70996
883.00000,4795.47412
883.50000,4791.11475
884.00000,4782.93945
884.50000,4772.50195
885.00000,4762.33398
885.50000,4753.60254
886.00000,4746.37500
886.50000,4740.10742
887.00000,4735.21191
887.50000,4732.57080
888.00000,4733.00488
888.50000,4736.83643
889.00000,4741.98486
889.50000,4746.42969
890.00000,4748.72168
890.50000,4749.17480
891.00000,4748.63672
891.50000,4747.83008
892.00000,4746.18262
892.50000,4742.05420
893.00000,4735.32666
893.50000,4727.37842
894.00000,4721.61426
894.50000,4720.63525
895.00000,4725.88086
895.50000,4734.02344
896.00000,4741.02344
896.50000,4742.87500
897.00000,4739.60059
897.50000,4732.74072
898.00000,4725.21436
898.50000,4718.53320
899.00000,4712.81055
899.50000,4707.39014
900.00000,4702.49414
900.50000,4699.47998
901.00000,4699.16211
901.50000,4701.63330
902.00000,4705.00488
902.50000,4707.16650
903.00000,4706.55273
903.50000,4704.20947
904.00000,4701.68848
904.50000,4700.33496
905.00000,4699.86963
905.50000,4699.20410
906.00000,4697.72900
906.50000,4696.39990
907.00000,4698.10840
907.50000,4704.31934
908.00000,4715.00586
908.50000,4727.14502
909.00000,4736.41650
909.50000,4738.96338
910.00000,4735.02344
910.50000,4727.38867
911.00000,4719.85840
911.50000,4715.10205
912.00000,4713.75439
912.50000,4714.54688
913.00000,4715.81982
913.50000,4717.14746
914.00000,4719.04639
914.50000,4722.13184
915.00000,4726.61914
915.50000,4731.54834
916.00000,4736.09033
916.50000,4739.97705
917.00000,4743.78613
917.50000,4748.34766
918.00000,4753.64746
918.50000,4758.69482
919.00000,4761.49365
919.50000,4761.20313
920.00000,4757.90283
920.50000,4753.77100
921.00000,4751.60889
921.50000,4754.34180
922.00000,4761.80420
922.50000,4772.44287
923.00000,4783.43262
923.50000,4792.11621
924.00000,4796.75684
924.50000,4797.34473
925.00000,4795.01270
925.50000,4790.46289
926.00000,4785.06055
926.50000,4779.96240
927.00000,4777.01172
927.50000,4777.54834
928.00000,4783.00977
928.50000,4792.68213
929.00000,4804.25439
929.50000,4814.83545
930.00000,4822.73047
930.50000,4827.79395
931.00000,4831.37012
931.50000,4835.31592
932.00000,4840.42969
932.50000,4846.00928
933.00000,4850.85498
933.50000,4853.95947
934.00000,4856.15479
934.50000,4858.89453
935.00000,4863.83838
935.50000,4871.15576
936.00000,4880.21924
936.50000,4889.33740
937.00000,4897.38330
937.50000,4904.01953
938.00000,4910.54443
938.50000,4918.67041
939.00000,4930.13672
939.50000,4945.08447
940.00000,4963.01025
940.50000,4981.46631
941.00000,4998.09766
941.50000,5010.81885
942.00000,5020.87744
942.50000,5031.05518
943.00000,5045.61719
943.50000,5066.77734
944.00000,5095.29053
944.50000,5126.97461
945.00000,5157.38770
945.50000,5182.84521
946.00000,5204.62402
946.50000,5226.27100
947.00000,5252.34717
947.50000,5284.07373
948.00000,5319.40527
948.50000,5352.11230
949.00000,5376.85303
949.50000,5389.64648
950.00000,5393.68896
950.50000,5392.54102
951.00000,5391.12500
951.50000,5392.15723
952.00000,5396.47607
952.50000,5402.33203
953.00000,5408.28955
953.50000,5413.70020
954.00000,5419.29980
954.50000,5426.74756
955.00000,5437.50342
955.50000,5451.78711
956.00000,5469.26074
956.50000,5487.48291
957.00000,5504.31787
957.50000,5517.89600
958.00000,5528.31055
958.50000,5535.91016
959.00000,5541.75391
959.50000,5546.20850
960.00000,5548.06152
960.50000,5546.48975
961.00000,5540.46240
961.50000,5529.94336
962.00000,5516.78564
962.50000,5502.56104
963.00000,5488.67773
963.50000,5475.32617
964.00000,5461.45605
964.50000,5445.53369
965.00000,5425.87598
965.50000,5401.59033
966.00000,5373.98340
966.50000,5345.19336
967.00000,5318.47656
967.50000,5295.98633
968.00000,5278.76953
968.50000,5263.70703
969.00000,5247.27148
969.50000,5226.51123
970.00000,5202.23340
970.50000,5178.59961
971.00000,5161.66895
971.50000,5155.76758
972.00000,5163.48047
972.50000,5178.84180
973.00000,5195.55762
973.50000,5206.74121
974.00000,5209.50439
974.50000,5202.67188
975.00000,5190.59863
975.50000,5177.72607
976.00000,5169.20264
976.50000,5167.65430
977.00000,5175.13428
977.50000,5190.33936
978.00000,5209.30664
978.50000,5226.94971
979.00000,5238.72754
979.50000,5242.15283
980.00000,5237.17383
980.50000,5228.70020
981.00000,5221.97021
981.50000,5221.79541
982.00000,5229.68066
982.50000,5246.02783
983.00000,5266.26611
983.50000,5286.66504
984.00000,5303.98047
984.50000,5317.94775
985.00000,5330.01318
985.50000,5343.44580
986.00000,5360.81689
986.50000,5384.48242
987.00000,5412.58496
987.50000,5442.88574
988.00000,5472.20654
988.50000,5498.56592
989.00000,5521.19824
989.50000,5541.97754
990.00000,5563.72656
990.50000,5590.56250
991.00000,5623.89209
991.50000,5664.54443
992.00000,5711.04736
992.50000,5759.77148
993.00000,5807.72119
993.50000,5853.44482
994.00000,5897.77393
994.50000,5943.65674
995.00000,5993.98047
995.50000,6051.24658
996.00000,6116.01855
996.50000,6186.17334
997.00000,6260.03418
997.50000,6334.94531
998.00000,6409.29590
998.50000,6481.99268
999.00000,6553.33936
999.50000,6624.10059
1000.00000,6695.40527
1000.50000,6767.39014
1001.00000,6837.90332
1001.50000,6902.79297
1002.00000,6957.06396
1002.50000,6994.76807
1003.00000,7018.07324
1003.50000,7029.22852
1004.00000,7034.04395
1004.50000,7037.05615
1005.00000,7038.40869
1005.50000,7035.18945
1006.00000,7022.97754
1006.50000,6997.00879
1007.00000,6958.66553
1007.50000,6908.10693
1008.00000,6847.65820
1008.50000,6779.34814
1009.00000,6702.60938
1009.50000,6620.34424
1010.00000,6535.71533
1010.50000,6453.91162
1011.00000,6378.87109
1011.50000,6313.63965
1012.00000,6256.80859
1012.50000,6204.80859
1013.00000,6154.37109
1013.50000,6103.04346
1014.00000,6050.76660
1014.50000,5999.21777
1015.00000,5950.28906
1015.50000,5905.92920
1016.00000,5866.29736
1016.50000,5830.67725
1017.00000,5798.97461
1017.50000,5769.79834
1018.00000,5742.77490
1018.50000,5717.29346
1019.00000,5692.36816
1019.50000,5667.32178
1020.00000,5642.22754
1020.50000,5618.22217
1021.00000,5598.07715
1021.50000,5583.05713
1022.00000,5573.83984
1022.50000,5568.42920
1023.00000,5562.86816
1023.50000,5552.99805
1024.00000,5537.38525
1024.50000,5517.02197
1025.00000,5494.54443
1025.50000,5473.51025
1026.00000,5456.14502
1026.50000,5443.00635
1027.00000,5433.06250
1027.50000,5425.89844
1028.00000,5420.57861
1028.50000,5416.51025
1029.00000,5412.59277
1029.50000,5407.15430
1030.00000,5398.25684
1030.50000,5385.02051
1031.00000,5368.48096
1031.50000,5350.59473
1032.00000,5334.43359
1032.50000,5322.35352
1033.00000,5316.14014
1033.50000,5314.47754
1034.00000,5315.95117
1034.50000,5317.98340
1035.00000,5318.56982
1035.50000,5316.14404
1036.00000,5311.24463
1036.50000,5304.90332
1037.00000,5298.81836
1037.50000,5294.41943
1038.00000,5292.76611
1038.50000,5293.54492
1039.00000,5295.49121
1039.50000,5296.77686
1040.00000,5296.06885
1040.50000,5293.06152
1041.00000,5289.10645
1041.50000,5286.69189
1042.00000,5288.31445
1042.50000,5293.97461
1043.00000,5301.36182
1043.50000,5306.25586
1044.00000,5305.97510
1044.50000,5299.77783
1045.00000,5290.14209
1045.50000,5281.37598
1046.00000,5276.97803
1046.50000,5277.08594
1047.00000,5279.63184
1047.50000,5281.84082
1048.00000,5282.21582
1048.50000,5280.96045
1049.00000,5279.50195
1049.50000,5278.98975
1050.00000,5279.88770
1050.50000,5281.86133
1051.00000,5284.89697
1051.50000,5289.68799
1052.00000,5296.11816
1052.50000,5303.29346
1053.00000,5308.87891
1053.50000,5310.91309
1054.00000,5308.07764
1054.50000,5302.59082
1055.00000,5297.50488
1055.50000,5296.01563
1056.00000,5298.06348
1056.50000,5301.76953
1057.00000,5303.66504
1057.50000,5301.77100
1058.00000,5295.82471
1058.50000,5289.12061
1059.00000,5285.10400
1059.50000,5286.77979
1060.00000,5293.13037
1060.50000,5301.86963
1061.00000,5309.26270
1061.50000,5313.10449
1062.00000,5312.59814
1062.50000,5310.37109
1063.00000,5309.07129
1063.50000,5310.91504
1064.00000,5315.55225
1064.50000,5321.77051
1065.00000,5327.76025
1065.50000,5332.78809
1066.00000,5337.09326
1066.50000,5341.53027
1067.00000,5346.25684
1067.50000,5350.54004
1068.00000,5353.56348
1068.50000,5354.99512
1069.00000,5355.83301
1069.50000,5357.29248
1070.00000,5360.08496
1070.50000,5363.08447
1071.00000,5364.55566
1071.50000,5363.00732
1072.00000,5359.09521
1072.50000,5354.64697
1073.00000,5352.14014
1073.50000,5352.74512
1074.00000,5356.59473
1074.50000,5361.53125
1075.00000,5366.02490
1075.50000,5369.36719
1076.00000,5372.18701
1076.50000,5375.57959
1077.00000,5380.11523
1077.50000,5385.40576
1078.00000,5390.14307
1078.50000,5393.12744
1079.00000,5393.68652
1079.50000,5392.46533
1080.00000,5391.07275
1080.50000,5391.05518
1081.00000,5392.56641
1081.50000,5394.57568
1082.00000,5395.28564
1082.50000,5394.17285
1083.00000,5392.34473
1083.50000,5392.67041
1084.00000,5397.22998
1084.50000,5406.83984
1085.00000,5418.11084
1085.50000,5427.23193
1086.00000,5431.18359
1086.50000,5431.76563
1087.00000,5432.94873
1087.50000,5439.07666
1088.00000,5450.70752
1088.50000,5464.91357
1089.00000,5475.70947
1089.50000,5479.08398
1090.00000,5474.51221
1090.50000,5467.34863
1091.00000,5463.34033
1091.50000,5465.92871
1092.00000,5474.01904
1092.50000,5484.18115
1093.00000,5492.04980
1093.50000,5495.88135
1094.00000,5496.64063
1094.50000,5497.41943
1095.00000,5500.78076
1095.50000,5507.28320
1096.00000,5515.70166
1096.50000,5523.94287
1097.00000,5530.03223
1097.50000,5532.61572
1098.00000,5531.30566
1098.50000,5527.69238
1099.00000,5524.21924
1099.50000,5524.22461
1100.00000,5530.10352
1100.50000,5544.03027
1101.00000,5562.80029
1101.50000,5582.73584
1102.00000,5599.06787
1102.50000,5609.55811
1103.00000,5613.42432
1103.50000,5613.53857
1104.00000,5612.56494
1104.50000,5612.06689
1105.00000,5611.98633
1105.50000,5612.02881
1106.00000,5613.13086
1106.50000,5617.50049
1107.00000,5628.87646
1107.50000,5647.46289
1108.00000,5670.80664
1108.50000,5693.54834
1109.00000,5710.58545
1109.50000,5719.17529
1110.00000,5721.56396
1110.50000,5723.19434
1111.00000,5729.59619
1111.50000,5742.04248
1112.00000,5758.55762
1112.50000,5774.84424
1113.00000,5787.44141
1113.50000,5795.04346
1114.00000,5799.38428
1114.50000,5803.10791
1115.00000,5808.08594
1115.50000,5814.54150
1116.00000,5822.28955
1116.50000,5831.78662
1117.00000,5843.85303
1117.50000,5860.12695
1118.00000,5880.67871
1118.50000,5903.81982
1119.00000,5927.05078
1119.50000,5948.05664
1120.00000,5965.94531
1120.50000,5981.46191
1121.00000,5996.90576
1121.50000,6014.58252
1122.00000,6035.80762
1122.50000,6060.57910
1123.00000,6088.79883
1123.50000,6118.65918
1124.00000,6148.96533
1124.50000,6178.61035
1125.00000,6207.27637
1125.50000,6235.22607
1126.00000,6263.37012
1126.50000,6292.34912
1127.00000,6322.15088
1127.50000,6351.47266
1128.00000,6378.65723
1128.50000,6402.56494
1129.00000,6424.15479
1129.50000,6445.60059
1130.00000,6469.72656
1130.50000,6498.09521
1131.00000,6531.36572
1131.50000,6567.22266
1132.00000,6604.17285
1132.50000,6641.38818
1133.00000,6679.00830
1133.50000,6717.35791
1134.00000,6755.62891
1134.50000,6792.24854
1135.00000,6825.31006
1135.50000,6855.62109
1136.00000,6885.37939
1136.50000,6917.96924
1137.00000,6954.95752
1137.50000,6996.29150
1138.00000,7038.78857
1138.50000,7080.14844
1139.00000,7120.34229
1139.50000,7162.65967
1140.00000,7212.53467
1140.50000,7274.32129
1141.00000,7348.40625
1141.50000,7435.59180
1142.00000,7531.34619
1142.50000,7633.68213
1143.00000,7742.68652
1143.50000,7858.27051
1144.00000,7982.93213
1144.50000,8117.83301
1145.00000,8262.71484
1145.50000,8419.62109
1146.00000,8586.79785
1146.50000,8765.35059
1147.00000,8958.17285
1147.50000,9165.35156
1148.00000,9390.20801
1148.50000,9631.10449
1149.00000,9883.60840
1149.50000,10143.30371
1150.00000,10403.10449
1150.50000,10658.95898
1151.00000,10908.32910
1151.50000,11150.93848
1152.00000,11382.79492
1152.50000,11598.43066
1153.00000,11790.75488
1153.50000,11943.41895
1154.00000,12055.96191
1154.50000,12122.06641
1155.00000,12139.94434
1155.50000,12118.07422
1156.00000,12053.79590
1156.50000,11952.82129
1157.00000,11818.00195
1157.50000,11644.82715
1158.00000,11442.24902
1158.50000,11212.11523
1159.00000,10960.14941
1159.50000,10695.46191
1160.00000,10423.79297
1160.50000,10151.93164
1161.00000,9884.23047
1161.50000,9625.49609
1162.00000,9377.37207
1162.50000,9143.76074
1163.00000,8926.76563
1163.50000,8724.53125
1164.00000,8536.68652
1164.50000,8357.77930
1165.00000,8185.11768
1165.50000,8019.62939
1166.00000,7863.09521
1166.50000,7720.71924
1167.00000,7595.00684
1167.50000,7483.80078
1168.00000,7386.02490
1168.50000,7296.49023
1169.00000,7213.98535
1169.50000,7140.28076
1170.00000,7075.44727
1170.50000,7020.07080
1171.00000,6970.66797
1171.50000,6922.50830
1172.00000,6871.90674
1172.50000,6819.17334
1173.00000,6767.68604
1173.50000,6723.41162
1174.00000,6689.50293
1174.50000,6668.63232
1175.00000,6658.26221
1175.50000,6653.96875
1176.00000,6651.90381
1176.50000,6648.58643
1177.00000,6642.86035
1177.50000,6635.41895
1178.00000,6628.35840
1178.50000,6624.05371
1179.00000,6623.66992
1179.50000,6626.87500
1180.00000,6632.77686
1180.50000,6639.17334
1181.00000,6645.05811
1181.50000,6650.52881
1182.00000,6656.64697
1182.50000,6664.84863
1183.00000,6675.54297
1183.50000,6688.32861
1184.00000,6702.63721
1184.50000,6717.48779
1185.00000,6732.50977
1185.50000,6747.30664
1186.00000,6761.31445
1186.50000,6773.52832
1187.00000,6783.86670
1187.50000,6793.34473
1188.00000,6804.61865
1188.50000,6819.96191
1189.00000,6840.64844
1189.50000,6864.48145
1190.00000,6886.55322
1190.50000,6900.15674
1191.00000,6902.69189
1191.50000,6894.91602
1192.00000,6880.48535
1192.50000,6865.45752
1193.00000,6852.72998
1193.50000,6841.72998
1194.00000,6829.57715
1194.50000,6812.89697
1195.00000,6791.77148
1195.50000,6767.93896
1196.00000,6743.78711
1196.50000,6720.18799
1197.00000,6695.62256
1197.50000,6667.69238
1198.00000,6635.76953
1198.50000,6601.13379
1199.00000,6567.54492
1199.50000,6537.38672
1200.00000,6510.34814
1200.50000,6482.71826
1201.00000,6450.53320
1201.50000,6413.38721
1202.00000,6375.26807
1202.50000,6344.38086
1203.00000,6325.60791
1203.50000,6320.74658
1204.00000,6325.92676
1204.50000,6332.30273
1205.00000,6332.95996
1205.50000,6326.37158
1206.00000,6315.73096
1206.50000,6306.34082
1207.00000,6301.46191
1207.50000,6301.03271
1208.00000,6301.58057
1208.50000,6299.20801
1209.00000,6291.52002
1209.50000,6280.04736
1210.00000,6267.59424
1210.50000,6256.83105
1211.00000,6248.06885
1211.50000,6240.32129
1212.00000,6231.90869
1212.50000,6221.93311
1213.00000,6209.75342
1213.50000,6195.19873
1214.00000,6177.60449
1214.50000,6155.68555
1215.00000,6130.68408
1215.50000,6104.73828
1216.00000,6081.22705
1216.50000,6061.75586
1217.00000,6045.66846
1217.50000,6029.14160
1218.00000,6009.11426
1218.50000,5984.55713
1219.00000,5958.95459
1219.50000,5936.63135
1220.00000,5920.27197
1220.50000,5908.35840
1221.00000,5897.09033
1221.50000,5882.46094
1222.00000,5863.46924
1222.50000,5842.39258
1223.00000,5823.51953
1223.50000,5810.10645
1224.00000,5802.09668
1224.50000,5796.83008
1225.00000,5791.41162
1225.50000,5784.17676
1226.00000,5775.17822
1226.50000,5765.48584
1227.00000,5756.27539
1227.50000,5748.29150
1228.00000,5741.87256
1228.50000,5737.30811
1229.00000,5735.63477
1229.50000,5736.64404
1230.00000,5740.00537
1230.50000,5744.48975
1231.00000,5748.24756
1231.50000,5749.38428
1232.00000,5747.21240
1232.50000,5742.54102
1233.00000,5737.64844
1233.50000,5735.73291
1234.00000,5739.34473
1234.50000,5748.82373
1235.00000,5760.74219
1235.50000,5770.56543
1236.00000,5775.01563
1236.50000,5774.15625
1237.00000,5770.49365
1237.50000,5768.16699
1238.00000,5768.73828
1238.50000,5770.38574
1239.00000,5769.94629
1239.50000,5765.56299
1240.00000,5759.49512
1240.50000,5755.43555
1241.00000,5757.06006
1241.50000,5763.10352
1242.00000,5770.72168
1242.50000,5776.48682
1243.00000,5779.72021
1243.50000,5781.96143
1244.00000,5785.48633
1244.50000,5790.63184
1245.00000,5795.76172
1245.50000,5799.25488
1246.00000,5801.51953
1246.50000,5805.35449
1247.00000,5812.95557
1247.50000,5824.45117
1248.00000,5835.63477
1248.50000,5842.45068
1249.00000,5843.27637
1249.50000,5842.10498
1250.00000,5844.00195
1250.50000,5851.99951
1251.00000,5864.40381
1251.50000,5876.90381
1252.00000,5885.60156
1252.50000,5889.99756
1253.00000,5893.03662
1253.50000,5898.87109
1254.00000,5910.43408
1254.50000,5927.53760
1255.00000,5948.39014
1255.50000,5971.93359
1256.00000,5996.50244
1256.50000,6020.54248
1257.00000,6041.28369
1257.50000,6056.83398
1258.00000,6066.19727
1258.50000,6072.25635
1259.00000,6078.54102
1259.50000,6087.41797
1260.00000,6097.02051
1260.50000,6103.39160
1261.00000,6102.29150
1261.50000,6094.02246
1262.00000,6080.93799
1262.50000,6067.98828
1263.00000,6058.04932
1263.50000,6051.96338
1264.00000,6047.42871
1264.50000,6043.21484
1265.00000,6039.63477
1265.50000,6038.00049
1266.00000,6039.59961
1266.50000,6043.13428
1267.00000,6046.08301
1267.50000,6045.64258
1268.00000,6042.11475
1268.50000,6037.38135
1269.00000,6034.75879
1269.50000,6036.26367
1270.00000,6043.00488
1270.50000,6053.02148
1271.00000,6064.24756
1271.50000,6074.91162
1272.00000,6084.40576
1272.50000,6092.68115
1273.00000,6099.85742
1273.50000,6105.76416
1274.00000,6109.36475
1274.50000,6110.36621
1275.00000,6108.81152
1275.50000,6105.04590
1276.00000,6099.89990
1276.50000,6092.73535
1277.00000,6082.27051
1277.50000,6067.91113
1278.00000,6049.98291
1278.50000,6032.22168
1279.00000,6018.93018
1279.50000,6014.31104
1280.00000,6017.26416
1280.50000,6025.00146
1281.00000,6032.24902
1281.50000,6035.77734
1282.00000,6034.73633
1282.50000,6032.54736
1283.00000,6032.31445
1283.50000,6035.67383
1284.00000,6040.66260
1284.50000,6043.78809
1285.00000,6042.15625
1285.50000,6035.20361
1286.00000,6023.24121
1286.50000,6009.50732
1287.00000,5996.31787
1287.50000,5985.66895
1288.00000,5977.92383
1288.50000,5973.01953
1289.00000,5969.53662
1289.50000,5966.12158
1290.00000,5961.70264
1290.50000,5956.29785
1291.00000,5950.17285
1291.50000,5943.49365
1292.00000,5935.95654
1292.50000,5926.65234
1293.00000,5915.41895
1293.50000,5902.74023
1294.00000,5889.43652
1294.50000,5876.31885
1295.00000,5863.57324
1295.50000,5851.21484
1296.00000,5839.57227
1296.50000,5829.79541
1297.00000,5822.41650
1297.50000,5817.11523
1298.00000,5812.70117
1298.50000,5807.84521
1299.00000,5802.71484
1299.50000,5799.00830
1300.00000,5797.98486
1300.50000,5798.98975
1301.00000,5798.27344
1301.50000,5792.01465
1302.00000,5777.63965
1302.50000,5758.55908
1303.00000,5739.66602
1303.50000,5726.27783
1304.00000,5720.20361
1304.50000,5721.92627
1305.00000,5727.97119
1305.50000,5736.14746
1306.00000,5744.68799
1306.50000,5751.99316
1307.00000,5756.07861
1307.50000,5755.85303
1308.00000,5752.53076
1308.50000,5748.99854
1309.00000,5748.45752
1309.50000,5752.05420
1310.00000,5758.09521
1310.50000,5762.99805
1311.00000,5764.27490
1311.50000,5762.71484
1312.00000,5760.99512
1312.50000,5761.87793
1313.00000,5764.89307
1313.50000,5767.80713
1314.00000,5767.64893
1314.50000,5763.83252
1315.00000,5757.29590
1315.50000,5750.36328
1316.00000,5744.08691
1316.50000,5738.58838
1317.00000,5733.82275
1317.50000,5731.21387
1318.00000,5733.34326
1318.50000,5741.04199
1319.00000,5753.56348
1319.50000,5765.93750
1320.00000,5772.83936
1320.50000,5768.61670
1321.00000,5755.13818
1321.50000,5735.94189
1322.00000,5717.66650
1322.50000,5704.95264
1323.00000,5699.97119
1323.50000,5699.77783
1324.00000,5701.05225
1324.50000,5701.55518
1325.00000,5701.80762
1325.50000,5704.13184
1326.00000,5710.46582
1326.50000,5719.78369
1327.00000,5728.38672
1327.50000,5731.65332
1328.00000,5726.96924
1328.50000,5714.55566
1329.00000,5700.16553
1329.50000,5689.35352
1330.00000,5685.14502
1330.50000,5686.08838
1331.00000,5688.73682
1331.50000,5689.03418
1332.00000,5685.71973
1332.50000,5680.67236
1333.00000,5677.98193
1333.50000,5681.38330
1334.00000,5691.12451
1334.50000,5703.94824
1335.00000,5714.72705
1335.50000,5719.70557
1336.00000,5717.94238
1336.50000,5711.70459
1337.00000,5704.93652
1337.50000,5699.43115
1338.00000,5694.17090
1338.50000,5686.89111
1339.00000,5675.67090
1339.50000,5662.99512
1340.00000,5653.33887
1340.50000,5652.09375
1341.00000,5659.82080
1341.50000,5674.64111
1342.00000,5690.26025
1342.50000,5701.68213
1343.00000,5706.04785
1343.50000,5706.42090
1344.00000,5705.74414
1344.50000,5706.47705
1345.00000,5708.76855
1345.50000,5711.69336
1346.00000,5714.30371
1346.50000,5716.74512
1347.00000,5720.04639
1347.50000,5724.68799
1348.00000,5730.38916
1348.50000,5735.87354
1349.00000,5739.90186
1349.50000,5741.52344
1350.00000,5740.97900
1350.50000,5738.68408
1351.00000,5735.22217
1351.50000,5732.11377
1352.00000,5731.55713
1352.50000,5735.85986
1353.00000,5745.20605
1353.50000,5757.89355
1354.00000,5768.50879
1354.50000,5771.67041
1355.00000,5762.66699
1355.50000,5745.30566
1356.00000,5726.12061
1356.50000,5713.28516
1357.00000,5710.42285
1357.50000,5717.72217
1358.00000,5727.88037
1358.50000,5734.43359
1359.00000,5732.86230
1359.50000,5725.46973
1360.00000,5716.50098
1360.50000,5710.76318
1361.00000,5709.57373
1361.50000,5711.68896
1362.00000,5713.48486
1362.50000,5713.74316
1363.00000,5713.81006
1363.50000,5716.14355
1364.00000,5722.16357
1364.50000,5729.73438
1365.00000,5734.91309
1365.50000,5732.82422
1366.00000,5724.27148
1366.50000,5712.70166
1367.00000,5704.55957
1367.50000,5704.01318
1368.00000,5711.65527
1368.50000,5721.98779
1369.00000,5729.00684
1369.50000,5727.01025
1370.00000,5717.74707
1370.50000,5704.88184
1371.00000,5694.34375
1371.50000,5689.80811
1372.00000,5693.02930
1372.50000,5701.17236
1373.00000,5710.61572
1373.50000,5717.53418
1374.00000,5720.65234
1374.50000,5719.73682
1375.00000,5715.80713
1375.50000,5710.47705
1376.00000,5704.69287
1376.50000,5699.18896
1377.00000,5694.53271
1377.50000,5692.01514
1378.00000,5692.63818
1378.50000,5697.90186
1379.00000,5708.00830
1379.50000,5720.99023
1380.00000,5734.08838
1380.50000,5744.86914
1381.00000,5752.54883
1381.50000,5757.49658
1382.00000,5761.18799
1382.50000,5763.54639
1383.00000,5763.40234
1383.50000,5760.00488
1384.00000,5753.80029
1384.50000,5748.45361
1385.00000,5748.12744
1385.50000,5755.44336
1386.00000,5767.05371
1386.50000,5778.06885
1387.00000,5783.88135
1387.50000,5784.23828
1388.00000,5782.31104
1388.50000,5783.46387
1389.00000,5790.40283
1389.50000,5802.04736
1390.00000,5813.49854
1390.50000,5820.35254
1391.00000,5821.77002
1391.50000,5820.14844
1392.00000,5817.50098
1392.50000,5814.15918
1393.00000,5808.24023
1393.50000,5797.74463
1394.00000,5784.11328
1394.50000,5771.23682
1395.00000,5763.98730
1395.50000,5764.37842
1396.00000,5772.15381
1396.50000,5781.09131
1397.00000,5786.18359
1397.50000,5784.61230
1398.00000,5778.16699
1398.50000,5769.77734
1399.00000,5762.80420
1399.50000,5758.24756
1400.00000,5755.06055
1400.50000,5750.73145
1401.00000,5743.92578
1401.50000,5735.80615
1402.00000,5729.62354
1402.50000,5728.83887
1403.00000,5732.99268
1403.50000,5738.92334
1404.00000,5741.59277
1404.50000,5738.89404
1405.00000,5731.88184
1405.50000,5725.46338
1406.00000,5724.00391
1406.50000,5729.68115
1407.00000,5738.65918
1407.50000,5746.15918
1408.00000,5748.67383
1408.50000,5747.57422
1409.00000,5745.15479
1409.50000,5743.12158
1410.00000,5740.71680
1410.50000,5735.39795
1411.00000,5726.70801
1411.50000,5716.67480
1412.00000,5709.86328
1412.50000,5708.98438
1413.00000,5713.75830
1413.50000,5719.84619
1414.00000,5722.88086
1414.50000,5719.70068
1415.00000,5712.26270
1415.50000,5703.57471
1416.00000,5697.04590
1416.50000,5693.84326
1417.00000,5694.01318
1417.50000,5696.29736
1418.00000,5699.67383
1418.50000,5703.84473
1419.00000,5708.18164
1419.50000,5711.63477
1420.00000,5712.56689
1420.50000,5710.54102
1421.00000,5706.16992
1421.50000,5702.35547
1422.00000,5702.07715
1422.50000,5708.37109
1423.00000,5718.91553
1423.50000,5729.90430
1424.00000,5736.84033
1424.50000,5738.52490
1425.00000,5736.36768
1425.50000,5735.06250
1426.00000,5738.27734
1426.50000,5748.27441
1427.00000,5761.72559
1427.50000,5774.60303
1428.00000,5782.40674
1428.50000,5784.16504
1429.00000,5779.98926
1429.50000,5773.20947
1430.00000,5767.25439
1430.50000,5766.19824
1431.00000,5771.22852
1431.50000,5782.51123
1432.00000,5797.13721
1432.50000,5810.60693
1433.00000,5818.35156
1433.50000,5820.18506
1434.00000,5818.47852
1434.50000,5817.73291
1435.00000,5821.74268
1435.50000,5832.73633
1436.00000,5849.57764
1436.50000,5868.67871
1437.00000,5885.80713
1437.50000,5897.63184
1438.00000,5902.43848
1438.50000,5900.10840
1439.00000,5894.14355
1439.50000,5888.22314
1440.00000,5886.67725
1440.50000,5891.87549
1441.00000,5905.67578
1441.50000,5924.66553
1442.00000,5944.99561
1442.50000,5961.93604
1443.00000,5973.78320
1443.50000,5980.76953
1444.00000,5985.31152
1444.50000,5988.99805
1445.00000,5990.70947
1445.50000,5988.38135
1446.00000,5980.40430
1446.50000,5968.35742
1447.00000,5957.88232
1447.50000,5955.80908
1448.00000,5963.54443
1448.50000,5977.27441
1449.00000,5990.49023
1449.50000,5998.18018
1450.00000,5999.26807
1450.50000,5996.28906
1451.00000,5992.64453
1451.50000,5988.61768
1452.00000,5982.12354
1452.50000,5971.92578
1453.00000,5959.55420
1453.50000,5949.45605
1454.00000,5944.91650
1454.50000,5945.69971
1455.00000,5947.61328
1455.50000,5946.18604
1456.00000,5940.20996
1456.50000,5931.67041
1457.00000,5924.23438
1457.50000,5919.63086
1458.00000,5917.68555
1458.50000,5917.14063
1459.00000,5917.29688
1459.50000,5918.73682
1460.00000,5921.64990
1460.50000,5925.33252
1461.00000,5928.09521
1461.50000,5928.94287
1462.00000,5928.19727
1462.50000,5927.37451
1463.00000,5927.57568
1463.50000,5928.95508
1464.00000,5930.41553
1464.50000,5930.94580
1465.00000,5929.81641
1465.50000,5927.31055
1466.00000,5923.73047
1466.50000,5920.15137
1467.00000,5918.05713
1467.50000,5919.95117
1468.00000,5926.37598
1468.50000,5936.49512
1469.00000,5947.14453
1469.50000,5954.43555
1470.00000,5955.48682
1470.50000,5951.40039
1471.00000,5946.49707
1471.50000,5946.26514
1472.00000,5952.79443
1472.50000,5965.87402
1473.00000,5982.49805
1473.50000,5998.22852
1474.00000,6009.91504
1474.50000,6017.37646
1475.00000,6022.70703
1475.50000,6028.76465
1476.00000,6036.71631
1476.50000,6045.77783
1477.00000,6053.59814
1477.50000,6058.58154
1478.00000,6060.42969
1478.50000,6061.34180
1479.00000,6063.68457
1479.50000,6069.53125
1480.00000,6077.85742
1480.50000,6087.91162
1481.00000,6099.46826
1481.50000,6112.95605
1482.00000,6129.38135
1482.50000,6147.92041
1483.00000,6166.63721
1483.50000,6182.77295
1484.00000,6195.77441
1484.50000,6206.90625
1485.00000,6218.89014
1485.50000,6233.71533
1486.00000,6252.59180
1486.50000,6274.39551
1487.00000,6297.94238
1487.50000,6322.54736
1488.00000,6347.78857
1488.50000,6373.63232
1489.00000,6399.84814
1489.50000,6426.22559
1490.00000,6453.09375
1490.50000,6481.18799
1491.00000,6511.40234
1491.50000,6544.56836
1492.00000,6580.01953
1492.50000,6617.42969
1493.00000,6656.75732
1493.50000,6698.83447
1494.00000,6746.10498
1494.50000,6798.80664
1495.00000,6856.25391
1495.50000,6916.36035
1496.00000,6976.56494
1496.50000,7036.84229
1497.00000,7099.99561
1497.50000,7169.03174
1498.00000,7247.04736
1498.50000,7331.23828
1499.00000,7418.49512
1499.50000,7506.22266
1500.00000,7594.78369
1500.50000,7688.18994
1501.00000,7790.37354
1501.50000,7901.47363
1502.00000,8021.12842
1502.50000,8145.49414
1503.00000,8274.40918
1503.50000,8410.33301
1504.00000,8554.97949
1504.50000,8710.76270
1505.00000,8875.39551
1505.50000,9044.79883
1506.00000,9216.21875
1506.50000,9387.74219
1507.00000,9559.14648
1507.50000,9730.62988
1508.00000,9902.11816
1508.50000,10072.46680
1509.00000,10238.83594
1509.50000,10396.91602
1510.00000,10538.66797
1510.50000,10663.24707
1511.00000,10770.57031
1511.50000,10867.01465
1512.00000,10961.41504
1512.50000,11057.58984
1513.00000,11150.45703
1513.50000,11228.71191
1514.00000,11276.49414
1514.50000,11293.65332
1515.00000,11281.04883
1515.50000,11247.46973
1516.00000,11202.44824
1516.50000,11147.52148
1517.00000,11082.79102
1517.50000,11007.18066
1518.00000,10920.68652
1518.50000,10827.13574
1519.00000,10726.39063
1519.50000,10616.18164
1520.00000,10494.14160
1520.50000,10356.58691
1521.00000,10208.56641
1521.50000,10056.48730
1522.00000,9906.36230
1522.50000,9759.04492
1523.00000,9611.27539
1523.50000,9458.28320
1524.00000,9298.43457
1524.50000,9132.66309
1525.00000,8966.26172
1525.50000,8802.53027
1526.00000,8641.88770
1526.50000,8482.07031
1527.00000,8321.81543
1527.50000,8162.38916
1528.00000,8006.77441
1528.50000,7859.68506
1529.00000,7721.00391
1529.50000,7589.62012
1530.00000,7464.07471
1530.50000,7343.51172
1531.00000,7230.44287
1531.50000,7126.14941
1532.00000,7030.16455
1532.50000,6942.03662
1533.00000,6858.16895
1533.50000,6777.83643
1534.00000,6701.84717
1534.50000,6630.37354
1535.00000,6563.34961
1535.50000,6498.27979
1536.00000,6433.08398
1536.50000,6367.41211
1537.00000,6303.70264
1537.50000,6245.87207
1538.00000,6197.33398
1538.50000,6157.89307
1539.00000,6127.19434
1539.50000,6101.11865
1540.00000,6076.20557
1540.50000,6049.58008
1541.00000,6020.99121
1541.50000,5992.04834
1542.00000,5965.61279
1542.50000,5943.45947
1543.00000,5926.60156
1543.50000,5912.69678
1544.00000,5899.18604
1544.50000,5883.56787
1545.00000,5865.65430
1545.50000,5845.82227
1546.00000,5825.00195
1546.50000,5804.08691
1547.00000,5784.46875
1547.50000,5767.85742
1548.00000,5756.45020
1548.50000,5751.80566
1549.00000,5751.38818
1549.50000,5752.17920
1550.00000,5750.55957
1550.50000,5745.00781
1551.00000,5735.28760
1551.50000,5723.82715
1552.00000,5712.33057
1552.50000,5701.76855
1553.00000,5692.20117
1553.50000,5684.03076
1554.00000,5677.69678
1554.50000,5673.29199
1555.00000,5670.57080
1555.50000,5668.02930
1556.00000,5664.58887
1556.50000,5659.92871
1557.00000,5654.62549
1557.50000,5648.95557
1558.00000,5642.66162
1558.50000,5635.23926
1559.00000,5626.48438
1559.50000,5617.94141
1560.00000,5611.51123
1560.50000,5608.32568
1561.00000,5607.13818
1561.50000,5605.58936
1562.00000,5601.37646
1562.50000,5593.96826
1563.00000,5584.13428
1563.50000,5574.21191
1564.00000,5565.05029
1564.50000,5556.64209
1565.00000,5549.04443
1565.50000,5544.16260
1566.00000,5544.45166
1566.50000,5551.91748
1567.00000,5566.01709
1567.50000,5581.33643
1568.00000,5592.85156
1568.50000,5597.53125
1569.00000,5596.96973
1569.50000,5594.44336
1570.00000,5593.54980
1570.50000,5594.58936
1571.00000,5595.22900
1571.50000,5593.63037
1572.00000,5590.26465
1572.50000,5588.24023
1573.00000,5590.06396
1573.50000,5596.11768
1574.00000,5601.81152
1574.50000,5602.68066
1575.00000,5596.37305
1575.50000,5586.49609
1576.00000,5578.10107
1576.50000,5575.47852
1577.00000,5578.72949
1577.50000,5584.96533
1578.00000,5589.48047
1578.50000,5590.16016
1579.00000,5587.05566
1579.50000,5582.52441
1580.00000,5578.37402
1580.50000,5575.57715
1581.00000,5573.88525
1581.50000,5572.24805
1582.00000,5569.22559
1582.50000,5563.51270
1583.00000,5554.65625
1583.50000,5544.47266
1584.00000,5535.95313
1584.50000,5531.57959
1585.00000,5530.77881
1585.50000,5530.64746
1586.00000,5527.21338
1586.50000,5518.15381
1587.00000,5504.02490
1587.50000,5488.45703
1588.00000,5475.16650
1588.50000,5466.01563
1589.00000,5461.27197
1589.50000,5461.46875
1590.00000,5464.94629
1590.50000,5470.12842
1591.00000,5473.78906
1591.50000,5473.24170
1592.00000,5467.16650
1592.50000,5458.14209
1593.00000,5449.51416
1593.50000,5444.28369
1594.00000,5441.87744
1594.50000,5440.17334
1595.00000,5436.58057
1595.50000,5430.69971
1596.00000,5423.29443
1596.50000,5415.88232
1597.00000,5409.19189
1597.50000,5403.72852
1598.00000,5399.84229
1598.50000,5398.20166
1599.00000,5398.27881
1599.50000,5397.96387
1600.00000,5393.67432
1600.50000,5383.84082
1601.00000,5369.01758
1601.50000,5352.53955
1602.00000,5338.66162
1602.50000,5329.67969
1603.00000,5324.95313
1603.50000,5322.37744
1604.00000,5320.88037
1604.50000,5320.72461
1605.00000,5323.33984
1605.50000,5329.55078
1606.00000,5337.43848
1606.50000,5343.68701
1607.00000,5344.69238
1607.50000,5339.06738
1608.00000,5326.39648
1608.50000,5311.58643
1609.00000,5298.53516
1609.50000,5290.36914
1610.00000,5286.71826
1610.50000,5285.93896
1611.00000,5284.67480
1611.50000,5280.63135
1612.00000,5272.89307
1612.50000,5263.73779
1613.00000,5255.77051
1613.50000,5251.88916
1614.00000,5252.75879
1614.50000,5258.01465
1615.00000,5264.02197
1615.50000,5267.33398
1616.00000,5264.68750
1616.50000,5257.29053
1617.00000,5247.55469
1617.50000,5239.65430
1618.00000,5236.25830
1618.50000,5237.66113
1619.00000,5240.48926
1619.50000,5241.18262
1620.00000,5236.48047
1620.50000,5227.47754
1621.00000,5216.95996
1621.50000,5209.61914
1622.00000,5207.92822
1622.50000,5213.02832
1623.00000,5221.75928
1623.50000,5230.48730
1624.00000,5235.15186
1624.50000,5234.51221
1625.00000,5228.75977
1625.50000,5219.73633
1626.00000,5209.70508
1626.50000,5200.54932
1627.00000,5193.37305
1627.50000,5188.59912
1628.00000,5185.55957
1628.50000,5182.62451
1629.00000,5178.77441
1629.50000,5174.38867
1630.00000,5171.22607
1630.50000,5172.27734
1631.00000,5177.69971
1631.50000,5185.22900
1632.00000,5190.67480
1632.50000,5191.16943
1633.00000,5185.67627
1633.50000,5177.00000
1634.00000,5169.02441
1634.50000,5164.81006
1635.00000,5163.78857
1635.50000,5164.58008
1636.00000,5165.47949
1636.50000,5165.53076
1637.00000,5164.15137
1637.50000,5161.12207
1638.00000,5156.28906
1638.50000,5149.39746
1639.00000,5141.56934
1639.50000,5133.92041
1640.00000,5127.70508
1640.50000,5123.40234
1641.00000,5121.55566
1641.50000,5122.08154
1642.00000,5124.43018
1642.50000,5127.25586
1643.00000,5128.37354
1643.50000,5126.31543
1644.00000,5122.06689
1644.50000,5118.57178
1645.00000,5119.00342
1645.50000,5123.56934
1646.00000,5129.97852
1646.50000,5134.13672
1647.00000,5134.57568
1647.50000,5131.97559
1648.00000,5128.60938
1648.50000,5125.70313
1649.00000,5122.11572
1649.50000,5115.65479
1650.00000,5105.80566
1650.50000,5094.45068
1651.00000,5085.17529
1651.50000,5080.80078
1652.00000,5081.67773
1652.50000,5085.66846
1653.00000,5090.52100
1653.50000,5094.76172
1654.00000,5098.03857
1654.50000,5099.95947
1655.00000,5100.12402
1655.50000,5097.24023
1656.00000,5090.89795
1656.50000,5081.76514
1657.00000,5070.53711
1657.50000,5058.94385
1658.00000,5048.55859
1658.50000,5041.63184
1659.00000,5039.06982
1659.50000,5041.68604
1660.00000,5048.23633
1660.50000,5056.21143
1661.00000,5062.22900
1661.50000,5063.61182
1662.00000,5058.96826
1662.50000,5048.80811
1663.00000,5036.45068
1663.50000,5025.94775
1664.00000,5021.40576
1664.50000,5024.93604
1665.00000,5036.05957
1665.50000,5048.15527
1666.00000,5054.85498
1666.50000,5050.88672
1667.00000,5037.96875
1667.50000,5021.41797
1668.00000,5009.82471
1668.50000,5006.95068
1669.00000,5012.79785
1669.50000,5020.52734
1670.00000,5025.29639
1670.50000,5025.63867
1671.00000,5025.10400
1671.50000,5027.12988
1672.00000,5031.32910
1672.50000,5034.28027
1673.00000,5031.10254
1673.50000,5022.22217
1674.00000,5011.84326
1674.50000,5006.07080
1675.00000,5007.38379
1675.50000,5015.45752
1676.00000,5025.15381
1676.50000,5031.70947
1677.00000,5031.59863
1677.50000,5025.77344
1678.00000,5015.40576
1678.50000,5003.34961
1679.00000,4992.77148
1679.50000,4987.00098
1680.00000,4985.72363
1680.50000,4987.01025
1681.00000,4987.63428
1681.50000,4985.61719
1682.00000,4981.21582
1682.50000,4977.33008
1683.00000,4976.13721
1683.50000,4978.06104
1684.00000,4980.56104
1684.50000,4981.40674
1685.00000,4979.77686
1685.50000,4977.72168
1686.00000,4977.19141
1686.50000,4977.96875
1687.00000,4977.68555
1687.50000,4972.70947
1688.00000,4963.31543
1688.50000,4953.34814
1689.00000,4949.11133
1689.50000,4953.09131
1690.00000,4964.16846
1690.50000,4975.10791
1691.00000,4978.99365
1691.50000,4972.29590
1692.00000,4961.16748
1692.50000,4952.58350
1693.00000,4952.69531
1693.50000,4960.83447
1694.00000,4972.49756
1694.50000,4981.30957
1695.00000,4984.22021
1695.50000,4979.14746
1696.00000,4968.26025
1696.50000,4952.29980
1697.00000,4933.93994
1697.50000,4917.11719
1698.00000,4906.84033
1698.50000,4905.27783
1699.00000,4911.27002
1699.50000,4920.66846
1700.00000,4927.45508
1700.50000,4929.20068
1701.00000,4927.48682
1701.50000,4926.58350
1702.00000,4930.84375
1702.50000,4939.67139
1703.00000,4948.77686
1703.50000,4951.34326
1704.00000,4944.59717
1704.50000,4928.90381
1705.00000,4910.96826
1705.50000,4898.55078
1706.00000,4896.55469
1706.50000,4901.42920
1707.00000,4907.38184
1707.50000,4908.76123
1708.00000,4906.26172
1708.50000,4904.27539
1709.00000,4906.51563
1709.50000,4912.04834
1710.00000,4916.27197
1710.50000,4915.04834
1711.00000,4909.06982
1711.50000,4903.18604
1712.00000,4901.77588
1712.50000,4905.90234
1713.00000,4911.58789
1713.50000,4914.04297
1714.00000,4910.45605
1714.50000,4903.17627
1715.00000,4894.71631
1715.50000,4886.78516
1716.00000,4879.10889
1716.50000,4870.83154
1717.00000,4862.35986
1717.50000,4855.36475
1718.00000,4852.85889
1718.50000,4855.45947
1719.00000,4862.24658
1719.50000,4869.83447
1720.00000,4874.65381
1720.50000,4873.92871
1721.00000,4868.30859
1721.50000,4860.67480
1722.00000,4854.78564
1722.50000,4851.98242
1723.00000,4851.99609
1723.50000,4853.49854
1724.00000,4855.50146
1724.50000,4857.88574
1725.00000,4859.73584
1725.50000,4858.97070
1726.00000,4852.20361
1726.50000,4840.35156
1727.00000,4827.38477
1727.50000,4819.81006
1728.00000,4820.11133
1728.50000,4827.32861
1729.00000,4835.35352
1729.50000,4839.57471
1730.00000,4839.31934
1730.50000,4838.24609
1731.00000,4838.60205
1731.50000,4839.99512
1732.00000,4840.43018
1732.50000,4839.62939
1733.00000,4840.41846
1733.50000,4845.26367
1734.00000,4853.80811
1734.50000,4860.75977
1735.00000,4860.15918
1735.50000,4851.35986
1736.00000,4839.18799
1736.50000,4830.31250
1737.00000,4828.39258
1737.50000,4833.34033
1738.00000,4841.69043
1738.50000,4849.52100
1739.00000,4854.28467
1739.50000,4854.22998
1740.00000,4848.39160
