280.00000,6495.04346
280.50000,6497.29736
281.00000,6501.83594
281.50000,6508.10498
282.00000,6514.51904
282.50000,6519.88037
283.00000,6523.08984
283.50000,6524.29199
284.00000,6523.66895
284.50000,6521.93066
285.00000,6519.81201
285.50000,6518.20068
286.00000,6517.90332
286.50000,6519.62744
287.00000,6523.79883
287.50000,6530.19971
288.00000,6538.86572
288.50000,6548.87207
289.00000,6558.76758
289.50000,6566.03320
290.00000,6569.42725
290.50000,6567.89160
291.00000,6561.89404
291.50000,6553.73145
292.00000,6546.34766
292.50000,6541.92236
293.00000,6540.35742
293.50000,6540.23926
294.00000,6539.13965
294.50000,6535.35449
295.00000,6529.10986
295.50000,6523.31543
296.00000,6521.75732
296.50000,6525.82275
297.00000,6535.13477
297.50000,6547.46631
298.00000,6558.19385
298.50000,6563.49756
299.00000,6562.56982
299.50000,6557.10059
300.00000,6548.96729
300.50000,6540.92480
301.00000,6534.59326
301.50000,6530.60156
302.00000,6528.17676
302.50000,6527.20752
303.00000,6527.62744
303.50000,6529.42773
304.00000,6532.93799
304.50000,6537.58984
305.00000,6542.80811
305.50000,6548.21631
306.00000,6553.60986
306.50000,6558.90137
307.00000,6563.83691
307.50000,6567.84766
308.00000,6569.97021
308.50000,6570.29297
309.00000,6569.24414
309.50000,6568.08301
310.00000,6568.35303
310.50000,6571.61279
311.00000,6577.11816
311.50000,6583.26025
312.00000,6587.72070
312.50000,6589.14893
313.00000,6586.77246
313.50000,6581.24023
314.00000,6575.07910
314.50000,6570.22217
315.00000,6567.61523
315.50000,6567.23975
316.00000,6568.74463
316.50000,6570.86426
317.00000,6572.89697
317.50000,6574.56348
318.00000,6575.86768
318.50000,6576.69482
319.00000,6576.97266
319.50000,6576.64648
320.00000,6576.08838
320.50000,6576.17041
321.00000,6577.80664
321.50000,6581.39893
322.00000,6586.24219
322.50000,6590.63721
323.00000,6592.06201
323.50000,6589.32227
324.00000,6582.23828
324.50000,6573.41553
325.00000,6565.76611
325.50000,6562.35254
326.00000,6564.26953
326.50000,6570.43262
327.00000,6577.22021
327.50000,6581.86328
328.00000,6582.17578
328.50000,6578.88477
329.00000,6573.57031
329.50000,6569.11768
330.00000,6566.86670
330.50000,6567.40381
331.00000,6569.63672
331.50000,6572.75391
332.00000,6576.27002
332.50000,6580.12598
333.00000,6584.23975
333.50000,6587.89111
334.00000,6590.05859
334.50000,6589.16113
335.00000,6585.37354
335.50000,6579.70459
336.00000,6574.76855
336.50000,6572.33154
337.00000,6573.36719
337.50000,6576.85645
338.00000,6581.09473
338.50000,6584.42627
339.00000,6587.12598
339.50000,6590.91895
340.00000,6597.93652
340.50000,6608.59814
341.00000,6622.31299
341.50000,6635.99463
342.00000,6646.24561
342.50000,6650.44727
343.00000,6650.24414
343.50000,6647.43799
344.00000,6644.57275
344.50000,6643.10303
345.00000,6642.84033
345.50000,6641.66162
346.00000,6638.16992
346.50000,6631.92871
347.00000,6624.85742
347.50000,6619.37549
348.00000,6618.09424
348.50000,6621.44336
349.00000,6628.25879
349.50000,6635.75537
350.00000,6641.82227
350.50000,6644.69629
351.00000,6644.69580
351.50000,6642.35986
352.00000,6639.31006
352.50000,6636.70898
353.00000,6635.55762
353.50000,6636.21240
354.00000,6638.91504
354.50000,6643.77441
355.00000,6649.68311
355.50000,6655.17725
356.00000,6658.82471
356.50000,6659.98877
357.00000,6658.28027
357.50000,6655.11816
358.00000,6652.20020
358.50000,6651.32080
359.00000,6652.66211
359.50000,6655.95996
360.00000,6660.02979
360.50000,6663.74854
361.00000,6666.13428
361.50000,6667.25000
362.00000,6667.57813
362.50000,6667.63281
363.00000,6667.79297
363.50000,6668.22168
364.00000,6668.89014
364.50000,6669.71191
365.00000,6670.60010
365.50000,6671.47705
366.00000,6672.35400
366.50000,6673.39014
367.00000,6674.84326
367.50000,6677.17529
368.00000,6680.49902
368.50000,6684.21094
369.00000,6686.85400
369.50000,6687.03564
370.00000,6683.22217
370.50000,6674.68896
371.00000,6662.63867
371.50000,6649.19141
372.00000,6637.41699
372.50000,6629.18750
373.00000,6626.18457
373.50000,6627.23389
374.00000,6631.35693
374.50000,6636.66992
375.00000,6641.33594
375.50000,6644.03369
376.00000,6644.41064
376.50000,6642.37207
377.00000,6637.85840
377.50000,6631.94189
378.00000,6625.85010
378.50000,6621.34131
379.00000,6619.42969
379.50000,6621.14893
380.00000,6625.64795
380.50000,6631.74902
381.00000,6637.63965
381.50000,6641.58447
382.00000,6642.54541
382.50000,6640.57813
383.00000,6636.41895
383.50000,6630.50488
384.00000,6623.78223
384.50000,6616.78760
385.00000,6610.12012
385.50000,6604.20410
386.00000,6599.52637
386.50000,6596.18555
387.00000,6593.88623
387.50000,6592.23779
388.00000,6590.58252
388.50000,6588.83789
389.00000,6587.72070
389.50000,6588.15625
390.00000,6591.31299
390.50000,6597.20166
391.00000,6604.73730
391.50000,6611.44678
392.00000,6614.73389
392.50000,6613.02734
393.00000,6606.20801
393.50000,6596.57910
394.00000,6586.69824
394.50000,6579.27148
395.00000,6575.78857
395.50000,6576.22900
396.00000,6578.23682
396.50000,6580.32129
397.00000,6581.51465
397.50000,6582.04639
398.00000,6582.91650
398.50000,6585.26465
399.00000,6589.14648
399.50000,6593.63086
400.00000,6597.12207
400.50000,6598.20117
401.00000,6596.26953
401.50000,6592.24951
402.00000,6587.87842
402.50000,6585.26855
403.00000,6585.36963
403.50000,6588.42578
404.00000,6592.81445
404.50000,6596.89893
405.00000,6599.01318
405.50000,6598.66943
406.00000,6596.47363
406.50000,6594.11230
407.00000,6592.73975
407.50000,6592.91748
408.00000,6593.75244
408.50000,6593.68506
409.00000,6590.81543
409.50000,6584.92334
410.00000,6576.51416
410.50000,6567.67041
411.00000,6560.17432
411.50000,6555.65332
412.00000,6554.08105
412.50000,6555.59180
413.00000,6559.43555
413.50000,6565.44189
414.00000,6574.47510
414.50000,6586.17920
415.00000,6599.94482
415.50000,6613.95947
416.00000,6625.63672
416.50000,6632.82275
417.00000,6635.85742
417.50000,6636.54785
418.00000,6637.28760
418.50000,6640.01758
419.00000,6645.29736
419.50000,6651.76709
420.00000,6656.79346
420.50000,6658.40674
421.00000,6656.84961
421.50000,6653.71338
422.00000,6651.37451
422.50000,6651.47363
423.00000,6654.56445
423.50000,6659.04834
424.00000,6662.67920
424.50000,6663.86914
425.00000,6662.84082
425.50000,6660.91699
426.00000,6660.32471
426.50000,6662.71875
427.00000,6668.87549
427.50000,6677.62646
428.00000,6686.95801
428.50000,6694.88477
429.00000,6700.24951
429.50000,6702.77832
430.00000,6702.74805
430.50000,6701.98633
431.00000,6702.09863
431.50000,6704.08252
432.00000,6707.71533
432.50000,6711.90088
433.00000,6714.48145
433.50000,6713.24854
434.00000,6705.52344
434.50000,6692.97656
435.00000,6677.96875
435.50000,6664.47754
436.00000,6655.69531
436.50000,6654.85107
437.00000,6660.65479
437.50000,6670.81152
438.00000,6681.12988
438.50000,6688.55469
439.00000,6691.55029
439.50000,6690.73145
440.00000,6687.72949
440.50000,6683.81348
441.00000,6679.92480
441.50000,6676.10938
442.00000,6672.26123
442.50000,6668.59619
443.00000,6665.55127
443.50000,6663.12207
444.00000,6660.57324
444.50000,6655.95752
445.00000,6647.79297
445.50000,6635.88330
446.00000,6622.44678
446.50000,6611.12988
447.00000,6606.11426
447.50000,6608.94238
448.00000,6618.38037
448.50000,6631.36377
449.00000,6641.99414
449.50000,6646.63037
450.00000,6644.05469
450.50000,6636.50830
451.00000,6626.23730
451.50000,6616.10156
452.00000,6607.53906
452.50000,6601.40869
453.00000,6597.07910
453.50000,6594.89355
454.00000,6595.50537
454.50000,6598.97461
455.00000,6605.34180
455.50000,6612.92334
456.00000,6619.57422
456.50000,6622.36426
457.00000,6620.93555
457.50000,6615.19580
458.00000,6606.48486
458.50000,6596.83398
459.00000,6588.18457
459.50000,6581.87354
460.00000,6578.78711
460.50000,6578.92529
461.00000,6580.74902
461.50000,6582.97217
462.00000,6584.22510
462.50000,6583.96436
463.00000,6582.25586
463.50000,6580.41650
464.00000,6579.73730
464.50000,6580.66406
465.00000,6581.98486
465.50000,6581.80273
466.00000,6578.38623
466.50000,6571.44727
467.00000,6561.58936
467.50000,6551.82373
468.00000,6544.90283
468.50000,6542.44189
469.00000,6543.29395
469.50000,6545.91650
470.00000,6548.12744
470.50000,6548.76709
471.00000,6547.49463
471.50000,6545.57129
472.00000,6543.89111
472.50000,6542.44043
473.00000,6540.38086
473.50000,6536.54834
474.00000,6530.70752
474.50000,6523.70508
475.00000,6517.58789
475.50000,6514.50977
476.00000,6515.59131
476.50000,6520.35449
477.00000,6526.66357
477.50000,6532.39551
478.00000,6535.96045
478.50000,6536.95752
479.00000,6535.48584
479.50000,6532.87939
480.00000,6529.60889
480.50000,6525.45801
481.00000,6520.13525
481.50000,6513.42285
482.00000,6506.21484
482.50000,6499.90430
483.00000,6496.65137
483.50000,6496.85791
484.00000,6499.83545
484.50000,6503.71826
485.00000,6506.66309
485.50000,6507.43164
486.00000,6506.63232
486.50000,6505.64551
487.00000,6506.35938
487.50000,6509.02051
488.00000,6512.36768
488.50000,6514.13721
489.00000,6512.84082
489.50000,6507.70703
490.00000,6500.92578
490.50000,6495.39258
491.00000,6494.88770
491.50000,6499.83203
492.00000,6508.62109
492.50000,6517.37207
493.00000,6522.59326
493.50000,6521.03760
494.00000,6513.95361
494.50000,6503.75488
495.00000,6494.58936
495.50000,6489.44189
496.00000,6489.10742
496.50000,6491.58057
497.00000,6494.19678
497.50000,6494.50391
498.00000,6492.34424
498.50000,6488.74609
499.00000,6485.80811
499.50000,6484.67432
500.00000,6484.70703
500.50000,6483.86475
501.00000,6480.56104
501.50000,6473.86426
502.00000,6465.94824
502.50000,6459.67480
503.00000,6458.45068
503.50000,6462.69971
504.00000,6470.64258
504.50000,6478.42236
505.00000,6483.12842
505.50000,6482.63770
506.00000,6478.78174
506.50000,6473.88184
507.00000,6470.86914
507.50000,6470.85107
508.00000,6473.20215
508.50000,6475.96094
509.00000,6477.95313
509.50000,6478.99854
510.00000,6480.22754
510.50000,6482.93994
511.00000,6487.80029
511.50000,6494.02588
512.00000,6500.17529
512.50000,6505.26807
513.00000,6509.30225
513.50000,6512.90039
514.00000,6516.70996
514.50000,6520.38525
515.00000,6522.31592
515.50000,6520.37109
516.00000,6512.37988
516.50000,6500.00830
517.00000,6485.89209
517.50000,6474.07520
518.00000,6467.35938
518.50000,6467.74121
519.00000,6474.13330
519.50000,6483.43164
520.00000,6491.87646
520.50000,6497.11377
521.00000,6498.44336
521.50000,6496.25830
522.00000,6492.31885
522.50000,6487.54834
523.00000,6482.32227
523.50000,6476.26221
524.00000,6468.09717
524.50000,6457.92480
525.00000,6446.40576
525.50000,6435.21094
526.00000,6426.12109
526.50000,6420.95410
527.00000,6419.84863
527.50000,6421.67480
528.00000,6424.70947
528.50000,6426.63037
529.00000,6426.48877
529.50000,6424.57861
530.00000,6422.27100
530.50000,6420.83838
531.00000,6420.64063
531.50000,6420.92676
532.00000,6419.74658
532.50000,6415.43408
533.00000,6407.18359
533.50000,6395.87158
534.00000,6383.65430
534.50000,6372.70557
535.00000,6364.36426
535.50000,6358.83984
536.00000,6355.73535
536.50000,6353.33740
537.00000,6350.32715
537.50000,6345.84521
538.00000,6339.81592
538.50000,6332.13281
539.00000,6323.41016
539.50000,6314.39502
540.00000,6306.43896
540.50000,6300.90088
541.00000,6299.90771
541.50000,6304.51123
542.00000,6313.66406
542.50000,6325.96582
543.00000,6338.05029
543.50000,6346.91699
544.00000,6349.54834
544.50000,6346.32080
545.00000,6338.31396
545.50000,6329.29297
546.00000,6323.07813
546.50000,6322.73682
547.00000,6327.25049
547.50000,6334.34766
548.00000,6340.20801
548.50000,6341.91113
549.00000,6337.68652
549.50000,6329.08643
550.00000,6319.58789
550.50000,6312.99512
551.00000,6310.05176
551.50000,6309.69971
552.00000,6309.14063
552.50000,6305.90527
553.00000,6298.77246
553.50000,6289.53223
554.00000,6281.38721
554.50000,6279.08008
555.00000,6282.70215
555.50000,6291.10986
556.00000,6301.00000
556.50000,6308.81396
557.00000,6311.83008
557.50000,6310.16406
558.00000,6305.54248
558.50000,6300.34521
559.00000,6296.78467
559.50000,6295.47852
560.00000,6295.77148
560.50000,6296.33643
561.00000,6296.06348
561.50000,6294.54102
562.00000,6291.93311
562.50000,6288.63232
563.00000,6285.29639
563.50000,6282.35791
564.00000,6280.12207
564.50000,6278.75000
565.00000,6278.65918
565.50000,6279.80469
566.00000,6281.93018
566.50000,6284.41406
567.00000,6286.31348
567.50000,6286.80762
568.00000,6285.78320
568.50000,6284.31885
569.00000,6284.02637
569.50000,6285.97461
570.00000,6290.39697
570.50000,6296.45313
571.00000,6302.00195
571.50000,6304.80859
572.00000,6303.53564
572.50000,6298.54590
573.00000,6291.19531
573.50000,6283.82910
574.00000,6277.79541
574.50000,6273.79736
575.00000,6271.26563
575.50000,6269.67871
576.00000,6268.37695
576.50000,6266.94580
577.00000,6264.80371
577.50000,6261.30615
578.00000,6255.66211
578.50000,6247.34229
579.00000,6237.33350
579.50000,6227.33643
580.00000,6219.78809
580.50000,6216.38672
581.00000,6218.91846
581.50000,6225.51758
582.00000,6234.09033
582.50000,6241.78613
583.00000,6247.11768
583.50000,6249.36475
584.00000,6249.31592
584.50000,6247.90820
585.00000,6245.53955
585.50000,6242.42822
586.00000,6238.28320
586.50000,6233.08740
587.00000,6227.74316
587.50000,6223.82129
588.00000,6222.57080
588.50000,6224.44531
589.00000,6229.27002
589.50000,6234.85791
590.00000,6239.00391
590.50000,6239.67920
591.00000,6236.65723
591.50000,6230.67969
592.00000,6224.75732
592.50000,6221.18164
593.00000,6221.78760
593.50000,6225.52881
594.00000,6230.79102
594.50000,6235.09180
595.00000,6236.94922
595.50000,6235.89404
596.00000,6233.96094
596.50000,6233.67285
597.00000,6237.23389
597.50000,6243.95410
598.00000,6251.95215
598.50000,6257.77051
599.00000,6258.68604
599.50000,6251.90869
600.00000,6239.12109
600.50000,6223.06250
601.00000,6208.62842
601.50000,6200.05371
602.00000,6200.40576
602.50000,6209.03223
603.00000,6222.53174
603.50000,6236.39111
604.00000,6245.88818
604.50000,6247.93457
605.00000,6241.43604
605.50000,6229.73975
606.00000,6216.49756
606.50000,6205.53320
607.00000,6197.78906
607.50000,6192.51318
608.00000,6186.99072
608.50000,6179.50098
609.00000,6169.98877
609.50000,6160.71045
610.00000,6155.15723
610.50000,6155.61133
611.00000,6162.05420
611.50000,6172.26904
612.00000,6181.93115
612.50000,6188.31055
613.00000,6190.29443
613.50000,6189.24512
614.00000,6186.47998
614.50000,6183.17969
615.00000,6179.17285
615.50000,6172.96484
616.00000,6163.87061
616.50000,6152.09326
617.00000,6139.29883
617.50000,6127.28809
618.00000,6117.31299
618.50000,6109.12354
619.00000,6102.06152
619.50000,6095.85107
620.00000,6090.74561
620.50000,6087.87988
621.00000,6087.99316
621.50000,6090.01465
622.00000,6091.76660
622.50000,6091.21094
623.00000,6087.76465
623.50000,6082.63623
624.00000,6078.77051
624.50000,6078.99121
625.00000,6084.23389
625.50000,6092.76465
626.00000,6101.53369
626.50000,6107.18115
627.00000,6108.35791
627.50000,6105.00391
628.00000,6099.10303
628.50000,6091.83740
629.00000,6084.28857
629.50000,6077.15869
630.00000,6071.59668
630.50000,6068.57373
631.00000,6069.20410
631.50000,6074.00293
632.00000,6080.82861
632.50000,6087.38281
633.00000,6091.67822
633.50000,6093.32080
634.00000,6092.82813
634.50000,6092.08594
635.00000,6092.12256
635.50000,6092.93066
636.00000,6093.43506
636.50000,6092.39600
637.00000,6089.82568
637.50000,6086.96875
638.00000,6085.62793
638.50000,6086.40381
639.00000,6089.05371
639.50000,6092.13721
640.00000,6093.95801
640.50000,6092.94678
641.00000,6088.91455
641.50000,6082.34619
642.00000,6073.72607
642.50000,6064.44727
643.00000,6055.51270
643.50000,6048.01416
644.00000,6042.51709
644.50000,6039.59277
645.00000,6038.56738
645.50000,6038.58496
646.00000,6038.87109
646.50000,6039.09961
647.00000,6039.69727
647.50000,6041.52588
648.00000,6044.88867
648.50000,6049.76514
649.00000,6055.29004
649.50000,6060.75146
650.00000,6065.52197
650.50000,6069.34766
651.00000,6071.68311
651.50000,6071.93311
652.00000,6069.90088
652.50000,6065.57275
653.00000,6060.82715
653.50000,6057.97021
654.00000,6059.20557
654.50000,6063.97021
655.00000,6070.40039
655.50000,6074.85596
656.00000,6074.48779
656.50000,6066.57910
657.00000,6053.01367
657.50000,6036.20508
658.00000,6019.60547
658.50000,6006.02588
659.00000,5997.30322
659.50000,5993.38184
660.00000,5993.36914
660.50000,5996.71240
661.00000,6001.25439
661.50000,6005.19434
662.00000,6006.60742
662.50000,6005.09619
663.00000,6001.17578
663.50000,5997.28125
664.00000,5996.02344
664.50000,5999.90088
665.00000,6007.34375
665.50000,6016.10596
666.00000,6022.78809
666.50000,6025.37891
667.00000,6022.85840
667.50000,6017.31299
668.00000,6011.62695
668.50000,6009.30273
669.00000,6011.46729
669.50000,6018.10107
670.00000,6026.74414
670.50000,6033.86230
671.00000,6036.31543
671.50000,6033.74658
672.00000,6027.59814
672.50000,6020.70264
673.00000,6016.16650
673.50000,6015.80273
674.00000,6019.05762
674.50000,6023.31104
675.00000,6025.54150
675.50000,6024.39795
676.00000,6020.79590
676.50000,6017.26318
677.00000,6015.80371
677.50000,6016.78320
678.00000,6018.23926
678.50000,6017.54199
679.00000,6012.18457
679.50000,6003.17285
680.00000,5993.13281
680.50000,5986.27441
681.00000,5984.93701
681.50000,5990.16699
682.00000,5998.87500
682.50000,6007.31104
683.00000,6012.12939
683.50000,6012.99854
684.00000,6010.94482
684.50000,6008.10303
685.00000,6006.35059
685.50000,6006.25195
686.00000,6006.61475
686.50000,6005.64160
687.00000,6001.18359
687.50000,5993.63525
688.00000,5984.77490
688.50000,5977.83057
689.00000,5975.24756
689.50000,5979.07568
690.00000,5988.23584
690.50000,6000.02100
691.00000,6010.66943
691.50000,6017.14648
692.00000,6017.47266
692.50000,6011.56738
693.00000,6002.15674
693.50000,5992.27441
694.00000,5985.13477
694.50000,5982.26611
695.00000,5984.77295
695.50000,5990.59131
696.00000,5997.84082
696.50000,6003.90771
697.00000,6006.91650
697.50000,6005.02490
698.00000,5998.55322
698.50000,5988.50977
699.00000,5976.26953
699.50000,5964.23877
700.00000,5954.45361
700.50000,5948.39697
701.00000,5946.16943
701.50000,5947.89307
702.00000,5951.84619
702.50000,5956.39502
703.00000,5959.90039
703.50000,5961.82617
704.00000,5962.42773
704.50000,5962.97412
705.00000,5964.73389
705.50000,5968.75635
706.00000,5974.47461
706.50000,5980.77930
707.00000,5986.45313
707.50000,5991.01367
708.00000,5994.35889
708.50000,5996.74072
709.00000,5998.23730
709.50000,5998.18164
710.00000,5996.24365
710.50000,5992.21094
711.00000,5986.48486
711.50000,5980.43164
712.00000,5975.40088
712.50000,5972.25244
713.00000,5970.77002
713.50000,5970.54346
714.00000,5970.57568
714.50000,5970.19922
715.00000,5968.80225
715.50000,5966.20654
716.00000,5962.22461
716.50000,5957.37012
717.00000,5952.54932
717.50000,5949.23340
718.00000,5948.10303
718.50000,5949.37549
719.00000,5952.09619
719.50000,5954.52979
720.00000,5955.38428
720.50000,5954.54297
721.00000,5952.65137
721.50000,5950.46680
722.00000,5948.41895
722.50000,5946.30762
723.00000,5943.79785
723.50000,5941.12646
724.00000,5939.39453
724.50000,5939.77100
725.00000,5942.58203
725.50000,5946.66064
726.00000,5948.93457
726.50000,5946.53418
727.00000,5938.32422
727.50000,5926.29834
728.00000,5913.66113
728.50000,5904.12939
729.00000,5899.69238
729.50000,5900.98926
730.00000,5905.25977
730.50000,5910.29004
731.00000,5914.29053
731.50000,5916.99902
732.00000,5918.88574
732.50000,5920.68066
733.00000,5922.27295
733.50000,5922.77832
734.00000,5921.61914
734.50000,5918.48242
735.00000,5914.08545
735.50000,5909.57031
736.00000,5906.00586
736.50000,5903.56006
737.00000,5901.87891
737.50000,5900.32373
738.00000,5898.59814
738.50000,5897.23096
739.00000,5897.44385
739.50000,5900.12305
740.00000,5905.84668
740.50000,5913.09277
741.00000,5920.21924
741.50000,5925.51416
742.00000,5928.70850
742.50000,5930.23926
743.00000,5931.32275
743.50000,5932.49023
744.00000,5932.88916
744.50000,5931.10596
745.00000,5925.94580
745.50000,5918.01416
746.00000,5910.54883
746.50000,5907.91260
747.00000,5911.74023
747.50000,5920.22412
748.00000,5928.47754
748.50000,5930.93555
749.00000,5923.89551
749.50000,5907.86328
750.00000,5888.32715
750.50000,5871.58008
751.00000,5861.90918
751.50000,5859.80762
752.00000,5863.48975
752.50000,5868.12549
753.00000,5871.12061
753.50000,5872.29443
754.00000,5873.76611
754.50000,5877.95996
755.00000,5885.39258
755.50000,5895.14111
756.00000,5905.17285
756.50000,5913.22852
757.00000,5917.34180
757.50000,5916.52979
758.00000,5911.33301
758.50000,5902.23389
759.00000,5891.68994
759.50000,5881.99072
760.00000,5875.56641
760.50000,5872.78613
761.00000,5873.20703
761.50000,5875.04004
762.00000,5877.03125
762.50000,5879.18799
763.00000,5882.30762
763.50000,5887.00244
764.00000,5892.74463
764.50000,5897.48633
765.00000,5898.60596
765.50000,5894.92920
766.00000,5887.63965
766.50000,5879.41455
767.00000,5873.78906
767.50000,5872.96826
768.00000,5877.36914
768.50000,5884.27197
769.00000,5890.76758
769.50000,5894.51074
770.00000,5894.76514
770.50000,5891.21484
771.00000,5885.83936
771.50000,5880.43457
772.00000,5877.22119
772.50000,5877.26367
773.00000,5880.98047
773.50000,5886.35840
774.00000,5890.62256
774.50000,5890.29150
775.00000,5885.29297
775.50000,5877.28174
776.00000,5870.75879
776.50000,5869.65479
777.00000,5876.36328
777.50000,5888.17773
778.00000,5900.76172
778.50000,5908.98145
779.00000,5911.40918
779.50000,5908.74951
780.00000,5904.53516
780.50000,5902.34473
781.00000,5904.34717
781.50000,5909.14453
782.00000,5914.08301
782.50000,5916.05176
783.00000,5914.53662
783.50000,5910.56348
784.00000,5906.99414
784.50000,5906.08447
785.00000,5908.96777
785.50000,5914.07764
786.00000,5919.54834
786.50000,5923.56738
787.00000,5925.76660
787.50000,5926.38135
788.00000,5926.23242
788.50000,5925.89648
789.00000,5925.46533
789.50000,5924.92432
790.00000,5924.45459
790.50000,5924.55273
791.00000,5925.41602
791.50000,5926.70410
792.00000,5927.19385
792.50000,5925.71143
793.00000,5921.54736
793.50000,5916.31299
794.00000,5912.19824
794.50000,5911.73438
795.00000,5915.21729
795.50000,5921.85107
796.00000,5928.75830
796.50000,5933.27246
797.00000,5932.68652
797.50000,5927.62305
798.00000,5919.10693
798.50000,5909.26904
799.00000,5900.49658
799.50000,5895.07813
800.00000,5894.18262
800.50000,5898.01123
801.00000,5906.95898
801.50000,5918.53760
802.00000,5931.03027
802.50000,5942.49756
803.00000,5951.81299
803.50000,5957.80713
804.00000,5960.24658
804.50000,5958.95898
805.00000,5953.24316
805.50000,5944.56396
806.00000,5934.43506
806.50000,5925.36621
807.00000,5919.20166
807.50000,5917.24756
808.00000,5918.28271
808.50000,5920.64453
809.00000,5922.96875
809.50000,5925.11963
810.00000,5928.07422
810.50000,5932.66113
811.00000,5938.31738
811.50000,5943.27686
812.00000,5945.78564
812.50000,5945.34229
813.00000,5943.10742
813.50000,5941.83301
814.00000,5943.81250
814.50000,5949.40820
815.00000,5956.83008
815.50000,5963.65967
816.00000,5968.51904
816.50000,5971.91406
817.00000,5976.12207
817.50000,5983.18945
818.00000,5993.97754
818.50000,6006.50732
819.00000,6017.51660
819.50000,6023.43994
820.00000,6024.34961
820.50000,6021.65186
821.00000,6018.07617
821.50000,6015.92383
822.00000,6015.90088
822.50000,6016.69531
823.00000,6016.50781
823.50000,6013.65088
824.00000,6008.70264
824.50000,6002.85986
825.00000,5997.68408
825.50000,5993.64502
826.00000,5990.05664
826.50000,5985.45068
827.00000,5979.11035
827.50000,5971.64941
828.00000,5965.73096
828.50000,5964.55518
829.00000,5970.37988
829.50000,5982.03418
830.00000,5997.58057
830.50000,6013.13477
831.00000,6025.88379
831.50000,6033.54297
832.00000,6037.17725
832.50000,6037.89990
833.00000,6037.54639
833.50000,6037.62549
834.00000,6039.02881
834.50000,6041.67383
835.00000,6045.10400
835.50000,6048.70898
836.00000,6051.97070
836.50000,6054.71143
837.00000,6057.09180
837.50000,6059.34033
838.00000,6061.23828
838.50000,6062.10449
839.00000,6061.10889
839.50000,6057.55371
840.00000,6052.50098
840.50000,6047.66064
841.00000,6045.27930
841.50000,6046.43359
842.00000,6051.53857
842.50000,6058.42920
843.00000,6064.99854
843.50000,6069.40430
844.00000,6071.75488
844.50000,6073.02881
845.00000,6074.93896
845.50000,6078.50146
846.00000,6084.22754
846.50000,6091.26904
847.00000,6099.09766
847.50000,6107.63232
848.00000,6117.04199
848.50000,6127.69092
849.00000,6139.19971
849.50000,6150.74512
850.00000,6161.41895
850.50000,6171.16553
851.00000,6180.36230
851.50000,6189.46973
852.00000,6198.20703
852.50000,6204.82764
853.00000,6207.13281
853.50000,6203.80371
854.00000,6193.80664
854.50000,6180.79492
855.00000,6168.70605
855.50000,6162.24854
856.00000,6163.18896
856.50000,6172.36719
857.00000,6186.57031
857.50000,6202.27197
858.00000,6216.21387
858.50000,6227.25293
859.00000,6235.38672
859.50000,6241.80078
860.00000,6248.00830
860.50000,6254.89648
861.00000,6262.41650
861.50000,6269.81152
862.00000,6275.44824
862.50000,6278.23291
863.00000,6277.31885
863.50000,6273.66699
864.00000,6270.04395
864.50000,6270.50977
865.00000,6277.42676
865.50000,6291.00488
866.00000,6308.90332
866.50000,6325.64258
867.00000,6336.40479
867.50000,6339.38330
868.00000,6337.41309
868.50000,6335.83545
869.00000,6340.29346
869.50000,6353.65479
870.00000,6375.59766
870.50000,6400.33057
871.00000,6422.15967
871.50000,6436.88086
872.00000,6444.57373
872.50000,6446.42236
873.00000,6446.34277
873.50000,6446.49805
874.00000,6447.86035
874.50000,6449.98047
875.00000,6452.27979
875.50000,6454.37256
876.00000,6456.18945
876.50000,6457.40723
877.00000,6457.51025
877.50000,6455.68213
878.00000,6451.39844
878.50000,6445.56836
879.00000,6439.65527
879.50000,6435.36084
880.00000,6433.27539
880.50000,6432.93652
881.00000,6432.17871
881.50000,6429.21338
882.00000,6423.33740
882.50000,6416.00635
883.00000,6409.34082
883.50000,6404.87061
884.00000,6402.22607
884.50000,6399.20264
885.00000,6393.44287
885.50000,6383.68848
886.00000,6370.86719
886.50000,6357.58447
887.00000,6346.09180
887.50000,6336.70508
888.00000,6328.27344
888.50000,6319.32080
889.00000,6309.92432
889.50000,6302.08789
890.00000,6298.68945
890.50000,6300.35889
891.00000,6305.55078
891.50000,6309.16260
892.00000,6306.79834
892.50000,6295.78516
893.00000,6280.28613
893.50000,6266.05469
894.00000,6258.85107
894.50000,6259.48291
895.00000,6265.30811
895.50000,6269.59180
896.00000,6267.88477
896.50000,6259.20410
897.00000,6248.77588
897.50000,6242.77490
898.00000,6244.87207
898.50000,6253.51025
899.00000,6264.32520
899.50000,6271.39600
900.00000,6271.37012
900.50000,6263.70215
901.00000,6252.49219
901.50000,6241.92578
902.00000,6235.80469
902.50000,6235.56592
903.00000,6242.21631
903.50000,6252.81592
904.00000,6264.54541
904.50000,6273.65967
905.00000,6277.91797
905.50000,6275.95020
906.00000,6269.83789
906.50000,6262.98389
907.00000,6259.34717
907.50000,6260.02734
908.00000,6264.36865
908.50000,6269.73584
909.00000,6273.62061
909.50000,6275.14355
910.00000,6275.91455
910.50000,6278.00049
911.00000,6282.89551
911.50000,6288.97656
912.00000,6293.44141
912.50000,6293.46191
913.00000,6289.24219
913.50000,6282.87695
914.00000,6278.46289
914.50000,6278.85693
915.00000,6285.76709
915.50000,6296.38574
916.00000,6307.89893
916.50000,6317.45508
917.00000,6324.19141
917.50000,6328.17920
918.00000,6330.77295
918.50000,6332.58301
919.00000,6333.28760
919.50000,6332.61914
920.00000,6330.65186
920.50000,6328.80127
921.00000,6329.05469
921.50000,6333.93994
922.00000,6343.40039
922.50000,6356.13525
923.00000,6369.39697
923.50000,6380.17432
924.00000,6386.08545
924.50000,6386.68799
925.00000,6383.35205
925.50000,6377.53564
926.00000,6371.72803
926.50000,6367.82764
927.00000,6367.83105
927.50000,6372.08887
928.00000,6380.99219
928.50000,6393.00293
929.00000,6405.68848
929.50000,6416.19922
930.00000,6423.31641
930.50000,6427.04639
931.00000,6428.96143
931.50000,6431.50146
932.00000,6436.50000
932.50000,6444.10498
933.00000,6453.22510
933.50000,6462.49609
934.00000,6471.05615
934.50000,6479.04004
935.00000,6487.33057
935.50000,6496.71875
936.00000,6507.83447
936.50000,6520.67188
937.00000,6535.25537
937.50000,6552.32617
938.00000,6571.54541
938.50000,6592.16895
939.00000,6611.89355
939.50000,6628.22070
940.00000,6638.83008
940.50000,6645.22412
941.00000,6651.19727
941.50000,6662.98926
942.00000,6683.68311
942.50000,6714.46533
943.00000,6751.93945
943.50000,6790.26953
944.00000,6824.81934
944.50000,6855.23633
945.00000,6884.53516
945.50000,6918.34131
946.00000,6959.69385
946.50000,7009.42285
947.00000,7063.45996
947.50000,7115.36230
948.00000,7157.33594
948.50000,7186.71582
949.00000,7203.78027
949.50000,7211.40674
950.00000,7216.83594
950.50000,7225.63770
951.00000,7240.99121
951.50000,7261.80566
952.00000,7284.77832
952.50000,7304.95898
953.00000,7319.32764
953.50000,7327.20801
954.00000,7332.25879
954.50000,7338.45215
955.00000,7349.09521
955.50000,7364.82666
956.00000,7385.32275
956.50000,7407.59326
957.00000,7429.39990
957.50000,7448.50977
958.00000,7463.92920
958.50000,7474.40625
959.00000,7480.41211
959.50000,7483.51660
960.00000,7485.64502
960.50000,7488.61475
961.00000,7492.20117
961.50000,7493.40039
962.00000,7488.23145
962.50000,7471.20117
963.00000,7441.29980
963.50000,7401.01172
964.00000,7354.37744
964.50000,7308.85400
965.00000,7269.75977
965.50000,7240.21338
966.00000,7218.35742
966.50000,7201.30908
967.00000,7183.76514
967.50000,7161.97461
968.00000,7133.27100
968.50000,7100.17480
969.00000,7066.10938
969.50000,7035.58447
970.00000,7010.76270
970.50000,6992.49561
971.00000,6977.92773
971.50000,6964.53418
972.00000,6951.14111
972.50000,6938.65674
973.00000,6929.52686
973.50000,6925.87842
974.00000,6927.58350
974.50000,6934.09521
975.00000,6942.71533
975.50000,6951.62500
976.00000,6959.58545
976.50000,6966.41211
977.00000,6972.21973
977.50000,6977.68018
978.00000,6983.78320
978.50000,6992.16553
979.00000,7003.57031
979.50000,7018.11621
980.00000,7034.77246
980.50000,7051.20508
981.00000,7065.38672
981.50000,7076.67969
982.00000,7086.15430
982.50000,7095.76953
983.00000,7107.40430
983.50000,7122.07471
984.00000,7140.07520
984.50000,7160.58301
985.00000,7183.93750
985.50000,7210.72900
986.00000,7241.67139
986.50000,7278.45996
987.00000,7319.83008
987.50000,7364.54053
988.00000,7410.21680
988.50000,7454.40381
989.00000,7495.28076
989.50000,7533.23145
990.00000,7570.32568
990.50000,7610.65283
991.00000,7657.35400
991.50000,7713.23633
992.00000,7778.86084
992.50000,7851.02441
993.00000,7927.28418
993.50000,8005.02344
994.00000,8083.95459
994.50000,8166.23633
995.00000,8253.30469
995.50000,8346.33301
996.00000,8444.44336
996.50000,8545.19336
997.00000,8647.47070
997.50000,8751.30957
998.00000,8857.93359
998.50000,8968.89063
999.00000,9082.63477
999.50000,9196.39648
1000.00000,9306.20703
1000.50000,9409.77051
1001.00000,9504.56934
1001.50000,9591.07422
1002.00000,9668.15332
1002.50000,9731.19238
1003.00000,9778.71973
1003.50000,9806.21582
1004.00000,9813.33594
1004.50000,9803.72949
1005.00000,9777.29785
1005.50000,9737.83984
1006.00000,9685.29199
1006.50000,9617.95313
1007.00000,9539.16699
1007.50000,9451.14746
1008.00000,9358.66992
1008.50000,9265.21875
1009.00000,9171.35059
1009.50000,9075.38379
1010.00000,8974.82520
1010.50000,8867.81348
1011.00000,8756.19238
1011.50000,8642.67969
1012.00000,8531.48242
1012.50000,8425.93750
1013.00000,8330.67285
1013.50000,8245.47461
1014.00000,8170.38867
1014.50000,8103.49658
1015.00000,8040.41748
1015.50000,7978.79541
1016.00000,7918.25830
1016.50000,7860.89258
1017.00000,7811.54150
1017.50000,7770.69482
1018.00000,7737.52783
1018.50000,7708.05957
1019.00000,7677.90820
1019.50000,7645.50195
1020.00000,7613.01416
1020.50000,7583.66602
1021.00000,7560.34326
1021.50000,7540.75635
1022.00000,7521.43604
1022.50000,7498.78613
1023.00000,7472.70117
1023.50000,7445.85840
1024.00000,7422.30078
1024.50000,7403.90430
1025.00000,7389.97217
1025.50000,7376.05176
1026.00000,7358.23975
1026.50000,7334.64600
1027.00000,7306.79736
1027.50000,7277.08838
1028.00000,7248.56836
1028.50000,7223.04053
1029.00000,7202.13818
1029.50000,7185.71484
1030.00000,7174.45508
1030.50000,7167.83447
1031.00000,7164.06250
1031.50000,7161.16016
1032.00000,7157.02979
1032.50000,7150.78223
1033.00000,7142.50488
1033.50000,7133.40869
1034.00000,7124.20605
1034.50000,7115.19336
1035.00000,7106.42920
1035.50000,7098.46240
1036.00000,7091.97705
1036.50000,7087.55371
1037.00000,7084.88232
1037.50000,7082.18457
1038.00000,7077.44043
1038.50000,7069.89551
1039.00000,7060.79785
1039.50000,7053.19873
1040.00000,7049.83887
1040.50000,7052.33154
1041.00000,7060.18555
1041.50000,7070.09521
1042.00000,7078.77197
1042.50000,7083.69531
1043.00000,7084.14258
1043.50000,7079.53955
1044.00000,7071.86230
1044.50000,7062.16553
1045.00000,7051.58887
1045.50000,7041.02979
1046.00000,7031.03760
1046.50000,7021.99463
1047.00000,7014.48682
1047.50000,7010.37842
1048.00000,7010.85596
1048.50000,7017.78271
1049.00000,7031.55127
1049.50000,7049.60010
1050.00000,7068.46436
1050.50000,7083.94824
1051.00000,7093.62305
1051.50000,7096.16553
1052.00000,7094.49658
1052.50000,7090.84326
1053.00000,7087.16260
1053.50000,7083.88477
1054.00000,7080.29736
1054.50000,7075.68457
1055.00000,7070.09668
1055.50000,7064.51953
1056.00000,7060.24023
1056.50000,7058.22510
1057.00000,7058.28809
1057.50000,7059.23389
1058.00000,7059.70020
1058.50000,7059.01074
1059.00000,7057.57910
1059.50000,7057.07959
1060.00000,7059.21387
1060.50000,7065.35254
1061.00000,7074.68701
1061.50000,7084.68848
1062.00000,7091.88281
1062.50000,7094.71533
1063.00000,7093.58887
1063.50000,7091.31982
1064.00000,7091.55225
1064.50000,7096.76758
1065.00000,7105.99268
1065.50000,7116.00342
1066.00000,7122.63281
1066.50000,7124.47412
1067.00000,7122.08789
1067.50000,7118.09277
1068.00000,7115.42920
1068.50000,7115.86621
1069.00000,7119.17236
1069.50000,7124.32715
1070.00000,7130.63965
1070.50000,7137.14063
1071.00000,7142.74902
1071.50000,7145.57764
1072.00000,7144.52295
1072.50000,7139.20703
1073.00000,7132.71338
1073.50000,7129.32813
1074.00000,7134.49414
1074.50000,7147.58545
1075.00000,7165.51465
1075.50000,7181.42041
1076.00000,7189.86865
1076.50000,7187.58496
1077.00000,7178.47266
1077.50000,7168.21973
1078.00000,7162.83691
1078.50000,7163.55078
1079.00000,7169.14697
1079.50000,7176.09131
1080.00000,7181.72705
1080.50000,7185.35059
1081.00000,7188.22607
1081.50000,7191.17480
1082.00000,7193.56543
1082.50000,7193.94873
1083.00000,7191.18262
1083.50000,7186.60254
1084.00000,7183.69824
1084.50000,7187.58789
1085.00000,7199.69336
1085.50000,7218.63770
1086.00000,7239.78662
1086.50000,7257.23633
1087.00000,7267.05078
1087.50000,7270.09180
1088.00000,7270.94092
1088.50000,7275.25928
1089.00000,7285.38525
1089.50000,7300.07227
1090.00000,7314.47070
1090.50000,7323.63281
1091.00000,7324.50830
1091.50000,7319.23633
1092.00000,7312.66553
1092.50000,7310.24219
1093.00000,7313.54932
1093.50000,7321.50977
1094.00000,7330.56006
1094.50000,7337.24512
1095.00000,7339.99658
1095.50000,7340.53223
1096.00000,7341.84619
1096.50000,7347.56885
1097.00000,7358.02539
1097.50000,7372.15771
1098.00000,7386.85791
1098.50000,7399.07080
1099.00000,7407.08691
1099.50000,7412.79785
1100.00000,7419.87451
1100.50000,7433.45459
1101.00000,7454.07666
1101.50000,7479.84473
1102.00000,7504.90039
1102.50000,7523.60010
1103.00000,7531.64209
1103.50000,7531.48535
1104.00000,7528.07813
1104.50000,7527.25195
1105.00000,7531.54248
1105.50000,7540.80713
1106.00000,7552.34961
1106.50000,7563.56934
1107.00000,7573.65039
1107.50000,7583.67773
1108.00000,7595.00342
1108.50000,7608.68848
1109.00000,7624.15381
1109.50000,7640.78320
1110.00000,7657.68750
1110.50000,7674.06445
1111.00000,7688.78711
1111.50000,7701.30811
1112.00000,7711.66016
1112.50000,7721.04736
1113.00000,7731.77930
1113.50000,7746.10352
1114.00000,7764.66943
1114.50000,7786.19580
1115.00000,7809.19678
1115.50000,7832.31201
1116.00000,7855.72900
1116.50000,7880.67773
1117.00000,7907.73193
1117.50000,7936.80273
1118.00000,7966.49170
1118.50000,7995.46875
1119.00000,8022.83545
1119.50000,8049.01270
1120.00000,8074.52539
1120.50000,8099.97168
1121.00000,8125.82764
1121.50000,8152.59180
1122.00000,8180.37451
1122.50000,8208.68457
1123.00000,8236.29102
1123.50000,8262.37500
1124.00000,8287.43652
1124.50000,8314.44727
1125.00000,8346.95703
1125.50000,8388.64941
1126.00000,8437.96973
1126.50000,8490.13184
1127.00000,8538.43652
1127.50000,8580.03516
1128.00000,8616.02832
1128.50000,8652.05176
1129.00000,8693.34082
1129.50000,8742.13770
1130.00000,8794.09277
1130.50000,8843.62109
1131.00000,8886.32129
1131.50000,8925.09863
1132.00000,8965.54102
1132.50000,9013.36816
1133.00000,9068.40820
1133.50000,9126.22754
1134.00000,9179.67969
1134.50000,9225.45410
1135.00000,9265.23047
1135.50000,9306.79980
1136.00000,9357.52637
1136.50000,9420.71094
1137.00000,9493.34375
1137.50000,9571.97949
1138.00000,9652.46875
1138.50000,9734.28613
1139.00000,9819.22656
1139.50000,9908.09766
1140.00000,10001.43164
1140.50000,10099.05957
1141.00000,10201.82520
1141.50000,10315.09766
1142.00000,10442.02930
1142.50000,10585.50781
1143.00000,10747.12695
1143.50000,10921.98438
1144.00000,11109.59082
1144.50000,11309.98340
1145.00000,11524.68848
1145.50000,11760.96094
1146.00000,12018.27051
1146.50000,12298.28711
1147.00000,12602.61719
1147.50000,12926.98340
1148.00000,13272.46094
1148.50000,13635.60449
1149.00000,14011.81738
1149.50000,14398.66699
1150.00000,14790.35547
1150.50000,15183.91309
1151.00000,15575.41504
1151.50000,15959.78027
1152.00000,16326.20703
1152.50000,16663.96094
1153.00000,16963.87305
1153.50000,17206.11133
1154.00000,17393.76367
1154.50000,17518.21289
1155.00000,17572.69727
1155.50000,17563.25781
1156.00000,17478.75781
1156.50000,17326.43555
1157.00000,17112.88672
1157.50000,16834.30664
1158.00000,16508.75781
1158.50000,16139.49219
1159.00000,15733.31250
1159.50000,15302.29883
1160.00000,14853.57910
1160.50000,14400.19434
1161.00000,13952.58496
1161.50000,13522.31934
1162.00000,13112.97852
1162.50000,12730.23535
1163.00000,12375.70508
1163.50000,12045.88477
1164.00000,11742.93750
1164.50000,11461.43164
1165.00000,11199.51758
1165.50000,10959.09570
1166.00000,10737.33887
1166.50000,10537.26953
1167.00000,10358.88672
1167.50000,10198.65820
1168.00000,10055.98047
1168.50000,9924.53223
1169.00000,9801.77246
1169.50000,9688.05859
1170.00000,9583.46387
1170.50000,9491.19336
1171.00000,9411.69629
1171.50000,9342.55859
1172.00000,9282.12109
1172.50000,9225.95508
1173.00000,9172.65625
1173.50000,9122.64941
1174.00000,9076.38965
1174.50000,9034.76563
1175.00000,8996.82031
1175.50000,8961.17969
1176.00000,8928.02051
1176.50000,8898.42480
1177.00000,8875.35938
1177.50000,8861.93750
1178.00000,8857.52441
1178.50000,8861.70605
1179.00000,8871.28125
1179.50000,8883.83789
1180.00000,8898.88867
1180.50000,8916.11230
1181.00000,8935.81152
1181.50000,8957.20703
1182.00000,8978.19336
1182.50000,8995.97266
1183.00000,9009.07129
1183.50000,9017.75488
1184.00000,9023.57910
1184.50000,9030.02637
1185.00000,9039.84473
1185.50000,9054.55273
1186.00000,9073.34766
1186.50000,9095.71289
1187.00000,9120.67480
1187.50000,9148.48047
1188.00000,9180.33203
1188.50000,9215.12207
1189.00000,9250.40820
1189.50000,9281.65625
1190.00000,9305.51270
1190.50000,9318.83008
1191.00000,9323.89160
1191.50000,9323.14941
1192.00000,9317.48242
1192.50000,9306.83594
1193.00000,9288.44238
1193.50000,9261.24902
1194.00000,9227.65137
1194.50000,9191.16309
1195.00000,9156.11426
1195.50000,9123.91113
1196.00000,9093.24316
1196.50000,9061.23535
1197.00000,9025.83594
1197.50000,8986.93457
1198.00000,8945.24707
1198.50000,8899.55273
1199.00000,8848.80957
1199.50000,8792.19336
1200.00000,8732.18750
1200.50000,8675.49902
1201.00000,8630.52051
1201.50000,8600.72852
1202.00000,8582.48535
1202.50000,8568.16895
1203.00000,8548.40039
1203.50000,8519.50684
1204.00000,8484.81836
1204.50000,8452.92969
1205.00000,8431.39453
1205.50000,8420.56445
1206.00000,8415.62305
1206.50000,8410.42285
1207.00000,8401.65918
1207.50000,8390.34570
1208.00000,8380.48730
1208.50000,8374.78906
1209.00000,8373.53223
1209.50000,8373.28516
1210.00000,8370.78320
1210.50000,8363.72852
1211.00000,8353.62012
1211.50000,8341.97461
1212.00000,8329.75293
1212.50000,8316.36816
1213.00000,8299.48535
1213.50000,8277.57520
1214.00000,8250.04297
1214.50000,8216.59082
1215.00000,8179.82666
1215.50000,8142.14453
1216.00000,8107.11572
1216.50000,8077.59326
1217.00000,8056.26758
1217.50000,8040.88281
1218.00000,8027.24609
1218.50000,8008.99170
1219.00000,7982.67236
1219.50000,7947.26660
1220.00000,7906.86230
1220.50000,7867.32520
1221.00000,7833.75391
1221.50000,7806.04346
1222.00000,7781.58252
1222.50000,7756.65332
1223.00000,7729.76611
1223.50000,7702.68018
1224.00000,7679.48779
1224.50000,7662.93506
1225.00000,7654.75781
1225.50000,7651.23535
1226.00000,7649.02490
1226.50000,7645.68164
1227.00000,7641.44678
1227.50000,7638.12793
1228.00000,7637.07666
1228.50000,7637.62109
1229.00000,7637.51904
1229.50000,7634.86230
1230.00000,7629.41797
1230.50000,7623.31445
1231.00000,7619.67920
1231.50000,7621.10791
1232.00000,7626.80273
1232.50000,7633.57129
1233.00000,7636.21533
1233.50000,7631.95264
1234.00000,7619.73926
1234.50000,7602.08643
1235.00000,7584.43896
1235.50000,7572.49023
1236.00000,7569.10352
1236.50000,7574.00928
1237.00000,7585.95703
1237.50000,7600.57910
1238.00000,7615.83496
1238.50000,7630.83301
1239.00000,7645.46924
1239.50000,7658.75488
1240.00000,7668.78320
1240.50000,7673.46924
1241.00000,7670.65625
1241.50000,7662.82422
1242.00000,7652.98926
1242.50000,7645.21777
1243.00000,7641.55664
1243.50000,7642.48096
1244.00000,7645.30713
1244.50000,7647.47607
1245.00000,7647.08545
1245.50000,7644.92480
1246.00000,7643.20117
1246.50000,7645.11572
1247.00000,7652.41016
1247.50000,7666.01367
1248.00000,7682.51318
1248.50000,7697.79883
1249.00000,7707.63916
1249.50000,7712.07178
1250.00000,7713.42236
1250.50000,7716.70166
1251.00000,7725.47559
1251.50000,7741.71533
1252.00000,7761.70850
1252.50000,7781.27148
1253.00000,7796.37695
1253.50000,7806.84473
1254.00000,7814.43066
1254.50000,7823.02100
1255.00000,7835.62988
1255.50000,7855.14111
1256.00000,7880.30908
1256.50000,7909.55371
1257.00000,7939.86865
1257.50000,7967.82080
1258.00000,7990.08350
1258.50000,8005.62744
1259.00000,8015.16260
1259.50000,8019.19238
1260.00000,8020.64648
1260.50000,8021.29492
1261.00000,8022.98828
1261.50000,8026.66846
1262.00000,8032.47656
1262.50000,8038.56055
1263.00000,8042.43750
1263.50000,8041.15039
1264.00000,8035.68262
1264.50000,8028.47949
1265.00000,8023.42627
1265.50000,8022.16602
1266.00000,8023.78711
1266.50000,8024.71631
1267.00000,8023.04346
1267.50000,8020.28906
1268.00000,8020.55566
1268.50000,8026.63721
1269.00000,8036.70752
1269.50000,8045.23584
1270.00000,8046.87500
1270.50000,8043.46240
1271.00000,8042.28564
1271.50000,8055.11084
1272.00000,8085.02734
1272.50000,8129.68896
1273.00000,8177.01758
1273.50000,8214.31738
1274.00000,8230.06738
1274.50000,8225.81055
1275.00000,8206.13867
1275.50000,8176.95264
1276.00000,8145.83594
1276.50000,8117.48340
1277.00000,8096.43018
1277.50000,8085.96045
1278.00000,8091.72705
1278.50000,8112.13135
1279.00000,8145.01221
1279.50000,8185.58154
1280.00000,8225.65234
1280.50000,8256.24219
1281.00000,8269.09570
1281.50000,8260.14453
1282.00000,8224.13086
1282.50000,8171.22510
1283.00000,8112.34619
1283.50000,8062.38086
1284.00000,8030.07031
1284.50000,8019.13330
1285.00000,8022.43799
1285.50000,8030.79248
1286.00000,8036.60742
1286.50000,8037.26563
1287.00000,8033.07568
1287.50000,8025.60742
1288.00000,8016.16064
1288.50000,8004.23145
1289.00000,7989.89502
1289.50000,7974.26660
1290.00000,7959.71143
1290.50000,7947.94971
1291.00000,7939.14795
1291.50000,7930.69189
1292.00000,7918.48096
1292.50000,7897.97754
1293.00000,7869.10596
1293.50000,7834.73291
1294.00000,7800.39307
1294.50000,7772.02100
1295.00000,7754.02344
1295.50000,7746.79736
1296.00000,7745.69629
1296.50000,7744.97314
1297.00000,7738.99170
1297.50000,7725.34961
1298.00000,7704.47803
1298.50000,7682.14453
1299.00000,7664.40381
1299.50000,7656.26855
1300.00000,7657.78027
1300.50000,7666.20898
1301.00000,7674.39307
1301.50000,7676.74707
1302.00000,7669.45166
1302.50000,7655.50049
1303.00000,7639.20215
1303.50000,7625.96240
1304.00000,7618.14844
1304.50000,7616.04834
1305.00000,7616.04492
1305.50000,7615.31543
1306.00000,7612.07764
1306.50000,7606.94775
1307.00000,7601.18945
1307.50000,7596.51465
1308.00000,7594.00781
1308.50000,7594.93604
1309.00000,7598.64063
1309.50000,7603.78271
1310.00000,7607.37646
1310.50000,7606.68604
1311.00000,7599.56787
1311.50000,7587.69092
1312.00000,7574.92969
1312.50000,7566.55518
1313.00000,7564.67334
1313.50000,7569.44727
1314.00000,7578.51025
1314.50000,7588.26514
1315.00000,7596.50244
1315.50000,7602.67725
1316.00000,7606.92578
1316.50000,7608.60498
1317.00000,7607.70752
1317.50000,7603.94873
1318.00000,7598.00391
1318.50000,7591.41553
1319.00000,7585.32275
1319.50000,7579.92725
1320.00000,7574.69189
1320.50000,7569.06445
1321.00000,7563.47363
1321.50000,7559.30518
1322.00000,7558.25830
1322.50000,7560.33154
1323.00000,7564.49463
1323.50000,7568.04785
1324.00000,7568.74072
1324.50000,7564.74756
1325.00000,7557.33350
1325.50000,7548.26221
1326.00000,7540.30371
1326.50000,7535.38135
1327.00000,7534.90576
1327.50000,7537.39697
1328.00000,7540.51758
1328.50000,7540.88721
1329.00000,7536.74805
1329.50000,7527.92139
1330.00000,7517.15967
1330.50000,7508.00781
1331.00000,7503.81543
1331.50000,7504.07275
1332.00000,7506.59277
1332.50000,7508.15088
1333.00000,7507.36523
1333.50000,7505.33691
1334.00000,7505.28467
1334.50000,7509.34424
1335.00000,7517.85840
1335.50000,7526.82910
1336.00000,7532.14063
1336.50000,7531.05762
1337.00000,7525.21777
1337.50000,7516.76270
1338.00000,7507.97607
1338.50000,7499.37744
1339.00000,7490.75781
1339.50000,7483.05664
1340.00000,7479.28809
1340.50000,7483.79736
1341.00000,7497.11963
1341.50000,7517.60742
1342.00000,7538.50488
1342.50000,7553.59277
1343.00000,7557.93896
1343.50000,7554.61279
1344.00000,7546.78174
1344.50000,7538.08691
1345.00000,7530.35205
1345.50000,7524.15234
1346.00000,7519.91943
1346.50000,7518.92236
1347.00000,7523.77051
1347.50000,7533.93262
1348.00000,7548.18652
1348.50000,7563.51660
1349.00000,7577.37402
1349.50000,7588.64893
1350.00000,7597.96045
1350.50000,7605.52539
1351.00000,7610.09180
1351.50000,7610.89502
1352.00000,7607.33008
1352.50000,7601.20850
1353.00000,7595.99219
1353.50000,7595.83545
1354.00000,7601.91357
1354.50000,7613.17578
1355.00000,7626.18408
1355.50000,7636.04492
1356.00000,7638.85400
1356.50000,7633.69775
1357.00000,7623.12939
1357.50000,7610.65283
1358.00000,7600.21533
1358.50000,7593.24805
1359.00000,7588.62256
1359.50000,7583.14551
1360.00000,7574.38623
1360.50000,7562.50732
1361.00000,7549.72803
1361.50000,7538.66113
1362.00000,7529.69141
1362.50000,7522.15625
1363.00000,7515.87354
1363.50000,7511.98975
1364.00000,7513.22217
1364.50000,7519.92285
1365.00000,7529.00586
1365.50000,7534.20557
1366.00000,7531.50732
1366.50000,7520.64160
1367.00000,7506.92334
1367.50000,7497.95020
1368.00000,7498.44727
1368.50000,7505.45654
1369.00000,7512.84961
1369.50000,7514.03320
1370.00000,7508.92188
1370.50000,7500.66064
1371.00000,7494.78809
1371.50000,7494.14307
1372.00000,7498.68311
1372.50000,7504.45996
1373.00000,7508.05811
1373.50000,7507.29785
1374.00000,7504.26563
1374.50000,7501.25781
1375.00000,7500.26367
1375.50000,7501.45410
1376.00000,7504.41895
1376.50000,7508.33008
1377.00000,7513.22754
1377.50000,7519.80225
1378.00000,7527.47412
1378.50000,7534.26514
1379.00000,7536.87012
1379.50000,7533.97021
1380.00000,7527.39063
1380.50000,7523.53564
1381.00000,7528.40234
1381.50000,7545.90088
1382.00000,7570.22461
1382.50000,7593.06104
1383.00000,7605.88623
1383.50000,7607.18994
1384.00000,7600.09912
1384.50000,7593.60156
1385.00000,7593.52539
1385.50000,7600.77588
1386.00000,7610.25830
1386.50000,7617.84619
1387.00000,7622.32178
1387.50000,7625.67969
1388.00000,7630.80811
1388.50000,7638.42676
1389.00000,7647.34131
1389.50000,7655.14697
1390.00000,7660.39844
1390.50000,7662.28467
1391.00000,7661.19678
1391.50000,7657.83203
1392.00000,7652.67334
1392.50000,7647.54199
1393.00000,7644.29053
1393.50000,7644.11572
1394.00000,7645.50342
1394.50000,7645.22510
1395.00000,7640.25635
1395.50000,7630.48193
1396.00000,7618.96338
1396.50000,7611.40576
1397.00000,7610.99512
1397.50000,7616.10547
1398.00000,7620.24512
1398.50000,7615.86084
1399.00000,7600.69873
1399.50000,7578.27686
1400.00000,7556.49365
1400.50000,7542.79346
1401.00000,7540.58789
1401.50000,7546.89990
1402.00000,7554.22314
1402.50000,7556.70410
1403.00000,7554.12012
1403.50000,7549.87744
1404.00000,7549.09277
1404.50000,7553.68262
1405.00000,7562.97607
1405.50000,7573.17432
1406.00000,7580.37695
1406.50000,7581.33447
1407.00000,7576.69434
1407.50000,7568.91650
1408.00000,7561.79150
1408.50000,7558.14502
1409.00000,7558.90234
1409.50000,7561.37500
1410.00000,7561.04443
1410.50000,7552.80762
1411.00000,7537.27686
1411.50000,7518.49268
1412.00000,7503.91113
1412.50000,7498.37500
1413.00000,7502.94775
1413.50000,7513.13525
1414.00000,7523.64307
1414.50000,7530.95264
1415.00000,7535.26514
1415.50000,7537.58496
1416.00000,7538.34326
1416.50000,7537.47656
1417.00000,7535.00537
1417.50000,7533.04248
1418.00000,7534.27051
1418.50000,7540.48877
1419.00000,7548.38672
1419.50000,7553.10205
1420.00000,7549.81152
1420.50000,7539.56006
1421.00000,7526.78809
1421.50000,7518.68311
1422.00000,7519.26904
1422.50000,7530.27148
1423.00000,7545.58350
1423.50000,7560.36572
1424.00000,7571.57910
1424.50000,7579.68359
1425.00000,7585.87158
1425.50000,7591.39453
1426.00000,7596.25244
1426.50000,7599.64160
1427.00000,7601.80908
1427.50000,7603.67432
1428.00000,7606.70410
1428.50000,7611.26123
1429.00000,7616.93945
1429.50000,7622.81934
1430.00000,7628.92773
1430.50000,7636.76611
1431.00000,7647.48242
1431.50000,7661.27490
1432.00000,7675.62891
1432.50000,7686.70313
1433.00000,7690.59082
1433.50000,7689.14014
1434.00000,7686.96777
1434.50000,7691.14453
1435.00000,7704.65625
1435.50000,7727.62207
1436.00000,7754.70605
1436.50000,7779.33252
1437.00000,7795.94727
1437.50000,7805.19238
1438.00000,7810.70898
1438.50000,7817.88086
1439.00000,7829.76074
1439.50000,7847.24170
1440.00000,7868.01416
1440.50000,7888.77539
1441.00000,7906.21973
1441.50000,7919.29590
1442.00000,7927.85400
1442.50000,7932.32959
1443.00000,7934.38721
1443.50000,7934.45313
1444.00000,7932.83252
1444.50000,7929.78174
1445.00000,7925.47363
1445.50000,7920.80176
1446.00000,7916.46973
1446.50000,7912.98438
1447.00000,7910.22510
1447.50000,7908.02441
1448.00000,7906.32959
1448.50000,7905.58643
1449.00000,7907.22705
1449.50000,7911.84766
1450.00000,7919.87207
1450.50000,7930.20508
1451.00000,7939.89648
1451.50000,7944.72266
1452.00000,7941.72705
1452.50000,7931.09668
1453.00000,7915.48340
1453.50000,7900.84814
1454.00000,7891.22998
1454.50000,7887.28809
1455.00000,7885.12646
1455.50000,7879.72168
1456.00000,7869.04688
1456.50000,7855.53467
1457.00000,7845.93848
1457.50000,7844.31543
1458.00000,7850.83545
1458.50000,7859.75830
1459.00000,7864.00781
1459.50000,7858.23047
1460.00000,7845.02441
1460.50000,7830.19385
1461.00000,7821.04834
1461.50000,7819.67627
1462.00000,7824.06201
1462.50000,7829.02930
1463.00000,7831.10645
1463.50000,7829.89258
1464.00000,7829.01025
1464.50000,7832.12744
1465.00000,7841.68262
1465.50000,7855.17236
1466.00000,7868.83643
1466.50000,7878.99414
1467.00000,7885.14160
1467.50000,7888.50391
1468.00000,7891.97461
1468.50000,7897.01660
1469.00000,7903.68555
1469.50000,7910.73730
1470.00000,7917.31738
1470.50000,7923.20898
1471.00000,7928.47266
1471.50000,7932.50195
1472.00000,7935.06494
1472.50000,7936.71045
1473.00000,7939.77246
1473.50000,7946.73242
1474.00000,7959.48828
1474.50000,7976.06641
1475.00000,7992.25244
1475.50000,8002.99854
1476.00000,8008.07080
1476.50000,8009.42920
1477.00000,8011.34082
1477.50000,8017.13525
1478.00000,8028.80518
1478.50000,8045.18262
1479.00000,8064.28564
1479.50000,8084.28613
1480.00000,8103.52441
1480.50000,8121.25098
1481.00000,8137.43115
1481.50000,8152.85449
1482.00000,8168.22070
1482.50000,8183.80811
1483.00000,8199.44824
1483.50000,8215.54785
1484.00000,8233.89355
1484.50000,8257.67676
1485.00000,8289.38770
1485.50000,8327.73145
1486.00000,8369.77734
1486.50000,8410.51953
1487.00000,8447.24902
1487.50000,8479.52148
1488.00000,8510.13477
1488.50000,8540.69922
1489.00000,8571.20898
1489.50000,8601.12793
1490.00000,8631.49805
1490.50000,8665.46191
1491.00000,8706.69434
1491.50000,8758.50586
1492.00000,8818.34766
1492.50000,8883.65332
1493.00000,8951.17969
1493.50000,9020.02539
1494.00000,9091.55273
1494.50000,9166.38672
1495.00000,9244.63184
1495.50000,9326.15527
1496.00000,9410.70508
1496.50000,9500.79004
1497.00000,9599.05078
1497.50000,9706.69238
1498.00000,9826.30664
1498.50000,9955.42285
1499.00000,10093.32422
1499.50000,10239.97852
1500.00000,10394.13086
1500.50000,10557.32910
1501.00000,10729.52051
1501.50000,10909.21289
1502.00000,11096.51270
1502.50000,11289.12793
1503.00000,11487.79004
1503.50000,11695.59766
1504.00000,11914.98145
1504.50000,12151.06445
1505.00000,12403.37500
1505.50000,12667.10449
1506.00000,12937.95215
1506.50000,13210.12012
1507.00000,13481.30078
1507.50000,13749.75488
1508.00000,14013.21973
1508.50000,14265.01660
1509.00000,14499.21875
1509.50000,14713.59668
1510.00000,14907.38086
1510.50000,15089.92285
1511.00000,15266.15234
1511.50000,15437.70898
1512.00000,15601.15039
1512.50000,15744.55859
1513.00000,15857.66992
1513.50000,15932.57813
1514.00000,15959.08203
1514.50000,15946.17676
1515.00000,15896.86035
1515.50000,15821.16211
1516.00000,15730.57617
1516.50000,15628.04492
1517.00000,15513.72168
1517.50000,15383.36523
1518.00000,15231.76660
1518.50000,15063.42383
1519.00000,14881.09277
1519.50000,14688.49512
1520.00000,14486.32520
1520.50000,14269.04102
1521.00000,14036.71680
1521.50000,13793.47559
1522.00000,13548.54980
1522.50000,13309.92383
1523.00000,13080.44141
1523.50000,12855.74316
1524.00000,12629.79980
1524.50000,12398.63672
1525.00000,12164.39063
1525.50000,11930.61816
1526.00000,11699.74414
1526.50000,11471.23242
1527.00000,11245.07715
1527.50000,11022.76660
1528.00000,10806.63184
1528.50000,10599.77441
1529.00000,10399.08496
1529.50000,10201.39648
1530.00000,10006.07129
1530.50000,9816.79199
1531.00000,9642.53223
1531.50000,9488.20996
1532.00000,9352.49219
1532.50000,9231.58984
1533.00000,9114.33594
1533.50000,8995.99219
1534.00000,8877.69238
1534.50000,8764.26758
1535.00000,8662.07715
1535.50000,8571.95996
1536.00000,8491.02344
1536.50000,8415.08398
1537.00000,8339.36133
1537.50000,8264.25781
1538.00000,8194.57031
1538.50000,8135.26465
1539.00000,8092.02783
1539.50000,8062.08643
1540.00000,8039.64307
1540.50000,8016.96045
1541.00000,7988.80615
1541.50000,7954.43115
1542.00000,7916.86914
1542.50000,7879.90967
1543.00000,7846.25537
1543.50000,7816.03369
1544.00000,7788.67529
1544.50000,7763.83691
1545.00000,7740.55518
1545.50000,7718.84766
1546.00000,7698.95068
1546.50000,7681.29395
1547.00000,7667.07080
1547.50000,7655.74609
1548.00000,7646.01074
1548.50000,7635.39551
1549.00000,7622.43555
1549.50000,7606.95068
1550.00000,7590.51318
1550.50000,7574.87793
1551.00000,7561.61426
1551.50000,7550.88818
1552.00000,7542.96680
1552.50000,7537.84521
1553.00000,7534.40430
1553.50000,7531.25293
1554.00000,7526.75049
1554.50000,7520.38916
1555.00000,7512.61572
1555.50000,7504.76709
1556.00000,7496.80908
1556.50000,7487.20508
1557.00000,7474.98779
1557.50000,7460.78076
1558.00000,7448.03418
1558.50000,7440.10059
1559.00000,7439.63135
1559.50000,7442.49512
1560.00000,7443.10400
1560.50000,7436.20605
1561.00000,7421.53955
1561.50000,7401.20801
1562.00000,7380.78955
1562.50000,7364.37305
1563.00000,7354.85547
1563.50000,7349.10352
1564.00000,7344.37354
1564.50000,7338.53711
1565.00000,7332.18604
1565.50000,7328.59277
1566.00000,7330.94482
1566.50000,7340.56396
1567.00000,7355.38721
1567.50000,7369.74951
1568.00000,7379.09229
1568.50000,7381.04785
1569.00000,7376.83887
1569.50000,7367.79688
1570.00000,7356.96631
1570.50000,7346.86914
1571.00000,7340.68164
1571.50000,7339.82471
1572.00000,7344.84033
1572.50000,7352.73535
1573.00000,7358.93604
1573.50000,7358.87061
1574.00000,7353.45654
1574.50000,7346.42725
1575.00000,7342.13232
1575.50000,7341.58789
1576.00000,7343.35010
1576.50000,7344.53076
1577.00000,7344.10986
1577.50000,7343.59326
1578.00000,7345.00537
1578.50000,7348.46289
1579.00000,7351.79443
1579.50000,7352.38135
1580.00000,7348.42822
1580.50000,7340.46729
1581.00000,7329.88965
1581.50000,7317.11572
1582.00000,7303.02783
1582.50000,7289.13232
1583.00000,7278.82666
1583.50000,7274.63721
1584.00000,7278.20117
1584.50000,7285.75195
1585.00000,7291.74316
1585.50000,7290.53076
1586.00000,7282.20410
1586.50000,7268.26953
1587.00000,7251.81494
1587.50000,7235.40283
1588.00000,7220.15332
1588.50000,7206.71729
1589.00000,7196.14355
1589.50000,7190.43896
1590.00000,7188.80469
1590.50000,7189.92529
1591.00000,7191.48340
1591.50000,7192.24854
1592.00000,7192.45410
1592.50000,7192.32373
1593.00000,7190.51367
1593.50000,7183.35303
1594.00000,7169.70313
1594.50000,7150.42041
1595.00000,7131.22705
1595.50000,7117.30859
1596.00000,7111.77979
1596.50000,7111.48438
1597.00000,7112.24023
1597.50000,7110.50488
1598.00000,7106.16309
1598.50000,7100.20068
1599.00000,7092.83203
1599.50000,7083.13037
1600.00000,7069.82324
1600.50000,7054.73193
1601.00000,7040.89160
1601.50000,7031.31445
1602.00000,7024.38037
1602.50000,7017.03662
1603.00000,7007.00195
1603.50000,6995.60693
1604.00000,6987.60254
1604.50000,6986.73193
1605.00000,6993.15967
1605.50000,7002.62305
1606.00000,7009.52246
1606.50000,7010.11035
1607.00000,7004.49170
1607.50000,6994.95313
1608.00000,6983.15088
1608.50000,6970.72168
1609.00000,6958.26855
1609.50000,6946.83203
1610.00000,6937.55225
1610.50000,6932.00488
1611.00000,6930.54639
1611.50000,6932.46240
1612.00000,6936.47705
1612.50000,6940.06738
1613.00000,6940.86328
1613.50000,6936.62939
1614.00000,6927.47607
1614.50000,6914.06982
1615.00000,6899.54492
1615.50000,6886.38721
1616.00000,6876.83789
1616.50000,6871.00781
1617.00000,6869.19238
1617.50000,6870.67383
1618.00000,6872.94727
1618.50000,6872.09766
1619.00000,6865.22266
1619.50000,6851.97656
1620.00000,6835.18506
1620.50000,6821.44434
1621.00000,6817.14307
1621.50000,6823.59180
1622.00000,6835.17188
1622.50000,6844.21143
1623.00000,6844.82910
1623.50000,6835.97607
1624.00000,6820.94336
1624.50000,6807.31543
1625.00000,6799.76221
1625.50000,6798.17822
1626.00000,6798.80713
1626.50000,6797.93652
1627.00000,6794.74463
1627.50000,6791.29053
1628.00000,6790.70508
1628.50000,6792.91162
1629.00000,6795.66846
1629.50000,6796.03076
1630.00000,6793.77002
1630.50000,6791.85156
1631.00000,6794.00977
1631.50000,6800.29834
1632.00000,6806.10547
1632.50000,6805.45947
1633.00000,6794.18848
1633.50000,6775.39697
1634.00000,6756.84717
1634.50000,6747.09717
1635.00000,6746.49316
1635.50000,6751.53760
1636.00000,6755.80225
1636.50000,6755.25928
1637.00000,6749.40039
1637.50000,6742.30615
1638.00000,6737.00244
1638.50000,6734.40039
1639.00000,6732.27051
1639.50000,6728.82324
1640.00000,6724.21826
1640.50000,6721.23535
1641.00000,6723.21191
1641.50000,6730.00537
1642.00000,6738.22314
1642.50000,6741.49707
1643.00000,6736.30273
1643.50000,6722.71094
1644.00000,6706.82129
1644.50000,6695.33545
1645.00000,6692.63184
1645.50000,6695.96875
1646.00000,6699.75000
1646.50000,6697.40381
1647.00000,6689.44434
1647.50000,6679.32129
1648.00000,6672.21973
1648.50000,6670.18359
1649.00000,6672.32373
1649.50000,6674.12061
1650.00000,6672.39600
1650.50000,6665.99316
1651.00000,6657.29053
1651.50000,6648.61475
1652.00000,6642.12500
1652.50000,6638.81738
1653.00000,6639.49561
1653.50000,6643.21240
1654.00000,6648.68750
1654.50000,6653.39160
1655.00000,6654.57666
1655.50000,6649.10010
1656.00000,6636.89258
1656.50000,6620.61523
1657.00000,6603.81250
1657.50000,6590.30859
1658.00000,6582.37402
1658.50000,6580.93652
1659.00000,6583.22510
1659.50000,6587.11865
1660.00000,6590.84277
1660.50000,6593.74658
1661.00000,6595.48584
1661.50000,6595.96191
1662.00000,6594.64014
1662.50000,6590.99121
1663.00000,6585.50586
1663.50000,6578.85254
1664.00000,6572.28467
1664.50000,6566.87207
1665.00000,6563.68359
1665.50000,6562.47119
1666.00000,6562.81934
1666.50000,6563.44043
1667.00000,6562.80273
1667.50000,6559.71143
1668.00000,6555.32227
1668.50000,6551.85107
1669.00000,6551.93115
1669.50000,6555.14795
1670.00000,6559.72656
1670.50000,6562.82715
1671.00000,6563.85840
1671.50000,6564.52588
1672.00000,6567.08447
1672.50000,6571.62695
1673.00000,6575.36572
1673.50000,6575.07129
1674.00000,6570.54053
1674.50000,6565.86865
1675.00000,6565.39551
1675.50000,6570.65283
1676.00000,6576.34521
1676.50000,6575.30176
1677.00000,6562.96045
1677.50000,6544.99512
1678.00000,6529.34375
1678.50000,6522.85596
1679.00000,6524.83887
1679.50000,6529.51025
1680.00000,6529.99951
1680.50000,6525.22217
1681.00000,6518.67285
1681.50000,6514.95020
1682.00000,6515.23828
1682.50000,6515.78369
1683.00000,6512.63477
1683.50000,6504.11523
1684.00000,6493.55566
1684.50000,6484.58447
1685.00000,6480.08643
1685.50000,6479.10156
1686.00000,6480.23145
1686.50000,6482.13037
1687.00000,6484.19482
1687.50000,6485.98828
1688.00000,6486.96680
1688.50000,6486.66309
1689.00000,6484.75488
1689.50000,6481.28857
1690.00000,6475.74707
1690.50000,6468.38232
1691.00000,6460.73242
1691.50000,6455.89307
1692.00000,6454.96191
1692.50000,6456.83252
1693.00000,6457.47168
1693.50000,6453.48535
1694.00000,6445.25293
1694.50000,6438.49658
1695.00000,6437.95996
1695.50000,6445.43750
1696.00000,6454.09668
1696.50000,6455.47363
1697.00000,6445.27393
1697.50000,6428.35205
1698.00000,6412.81006
1698.50000,6405.79736
1699.00000,6408.81641
1699.50000,6419.22852
1700.00000,6429.57813
1700.50000,6436.01416
1701.00000,6437.12109
1701.50000,6434.08154
1702.00000,6427.73291
1702.50000,6420.39600
1703.00000,6414.27881
1703.50000,6411.92090
1704.00000,6413.35938
1704.50000,6417.33203
1705.00000,6420.36914
1705.50000,6419.91650
1706.00000,6415.03174
1706.50000,6408.31152
1707.00000,6402.79443
1707.50000,6401.40674
1708.00000,6403.41846
1708.50000,6406.17773
1709.00000,6406.23047
1709.50000,6401.99756
1710.00000,6393.41016
1710.50000,6383.71094
1711.00000,6375.49414
1711.50000,6369.68848
1712.00000,6364.88525
1712.50000,6359.93604
1713.00000,6355.31836
1713.50000,6353.03662
1714.00000,6355.21777
1714.50000,6359.98535
1715.00000,6363.82813
1715.50000,6362.56299
1716.00000,6356.25635
1716.50000,6348.63623
1717.00000,6344.88672
1717.50000,6346.94434
1718.00000,6353.71777
1718.50000,6359.60791
1719.00000,6360.48682
1719.50000,6355.49854
1720.00000,6347.84912
1720.50000,6341.05859
1721.00000,6337.71631
1721.50000,6338.31738
1722.00000,6342.50781
1722.50000,6348.50830
1723.00000,6355.42334
1723.50000,6361.94238
1724.00000,6366.25928
1724.50000,6365.67529
1725.00000,6359.31738
1725.50000,6348.07373
1726.00000,6334.89160
1726.50000,6325.01172
1727.00000,6322.76318
1727.50000,6328.02148
1728.00000,6336.02246
1728.50000,6340.91162
1729.00000,6339.41943
1729.50000,6332.31396
1730.00000,6323.60156
1730.50000,6316.52002
1731.00000,6310.91016
1731.50000,6304.30078
1732.00000,6295.28955
1732.50000,6285.89795
1733.00000,6280.43115
1733.50000,6281.71484
1734.00000,6290.23975
1734.50000,6301.38232
1735.00000,6310.30566
1735.50000,6313.55859
1736.00000,6310.71484
1736.50000,6301.67578
1737.00000,6289.55127
1737.50000,6277.72754
1738.00000,6270.21191
1738.50000,6268.07031
1739.00000,6271.11914
1739.50000,6276.69678
1740.00000,6282.18555
