280.00000,2938.75830
280.50000,2937.15332
281.00000,2937.48096
281.50000,2939.70703
282.00000,2942.80737
282.50000,2946.03101
283.00000,2948.75977
283.50000,2951.20166
284.00000,2954.01172
284.50000,2957.66504
285.00000,2962.08667
285.50000,2966.55884
286.00000,2969.75635
286.50000,2970.75903
287.00000,2969.81250
287.50000,2968.26709
288.00000,2967.72095
288.50000,2969.24097
289.00000,2972.79199
289.50000,2976.59473
290.00000,2978.55347
290.50000,2977.24170
291.00000,2972.59277
291.50000,2966.36182
292.00000,2961.36108
292.50000,2959.80835
293.00000,2961.91357
293.50000,2966.78784
294.00000,2971.76953
294.50000,2974.49243
295.00000,2973.27661
295.50000,2969.06812
296.00000,2963.73975
296.50000,2959.46167
297.00000,2957.47412
297.50000,2958.27002
298.00000,2960.40527
298.50000,2962.13379
299.00000,2962.24170
299.50000,2960.71680
300.00000,2958.03125
300.50000,2955.44214
301.00000,2954.08325
301.50000,2954.83203
302.00000,2957.27905
302.50000,2961.21704
303.00000,2966.02124
303.50000,2970.98584
304.00000,2975.11475
304.50000,2977.49805
305.00000,2977.60400
305.50000,2975.25537
306.00000,2971.49097
306.50000,2967.51636
307.00000,2964.89868
307.50000,2964.45752
308.00000,2966.08936
308.50000,2968.32837
309.00000,2970.02124
309.50000,2970.33447
310.00000,2969.59180
310.50000,2968.92139
311.00000,2969.50586
311.50000,2971.50830
312.00000,2974.38672
312.50000,2976.72388
313.00000,2977.28857
313.50000,2975.45459
314.00000,2972.56006
314.50000,2970.19556
315.00000,2969.59668
315.50000,2971.07764
316.00000,2974.34399
316.50000,2977.75562
317.00000,2980.05371
317.50000,2980.84839
318.00000,2980.70874
318.50000,2980.35571
319.00000,2980.44629
319.50000,2981.05005
320.00000,2981.47803
320.50000,2981.02563
321.00000,2979.34204
321.50000,2976.77661
322.00000,2974.24219
322.50000,2973.01563
323.00000,2973.80713
323.50000,2976.19507
324.00000,2979.17041
324.50000,2981.27710
325.00000,2981.19482
325.50000,2978.36890
326.00000,2973.59619
326.50000,2968.74780
327.00000,2965.77100
327.50000,2965.90820
328.00000,2969.76294
328.50000,2975.77637
329.00000,2981.79248
329.50000,2985.11499
330.00000,2984.79590
330.50000,2980.37671
331.00000,2973.89795
331.50000,2967.41431
332.00000,2963.47290
332.50000,2963.10791
333.00000,2966.16357
333.50000,2971.23145
334.00000,2976.84253
334.50000,2981.87573
335.00000,2986.09277
335.50000,2989.91895
336.00000,2994.19287
336.50000,2999.19580
337.00000,3004.73120
337.50000,3009.98706
338.00000,3014.10913
338.50000,3015.80371
339.00000,3015.33472
339.50000,3013.14941
340.00000,3009.95313
340.50000,3006.56470
341.00000,3003.55933
341.50000,3001.31641
342.00000,3000.13013
342.50000,3000.52148
343.00000,3002.41797
343.50000,3005.83057
344.00000,3010.18311
344.50000,3014.36157
345.00000,3016.64087
345.50000,3016.20825
346.00000,3013.23877
346.50000,3008.40405
347.00000,3003.43359
347.50000,2999.75269
348.00000,2998.40210
348.50000,2999.18921
349.00000,3001.55933
349.50000,3004.72583
350.00000,3008.46606
350.50000,3013.00659
351.00000,3018.39331
351.50000,3024.45142
352.00000,3030.07056
352.50000,3034.18115
353.00000,3035.65625
353.50000,3034.89502
354.00000,3032.80200
354.50000,3030.98657
355.00000,3030.83252
355.50000,3032.65723
356.00000,3035.58984
356.50000,3038.35938
357.00000,3039.59741
357.50000,3038.96094
358.00000,3036.59668
358.50000,3033.49268
359.00000,3030.65576
359.50000,3028.67456
360.00000,3027.64478
360.50000,3027.28809
361.00000,3027.20264
361.50000,3026.75195
362.00000,3025.46509
362.50000,3023.04321
363.00000,3019.78589
363.50000,3016.23706
364.00000,3013.37329
364.50000,3012.16040
365.00000,3013.46655
365.50000,3016.34766
366.00000,3019.90137
366.50000,3022.94824
367.00000,3024.85352
367.50000,3025.44897
368.00000,3025.48950
368.50000,3025.71411
369.00000,3026.26660
369.50000,3026.60352
370.00000,3026.01172
370.50000,3024.05908
371.00000,3021.27832
371.50000,3019.06860
372.00000,3018.62866
372.50000,3020.13916
373.00000,3022.84351
373.50000,3024.80542
374.00000,3024.07129
374.50000,3019.36182
375.00000,3011.83911
375.50000,3003.64526
376.00000,2997.15259
376.50000,2993.77026
377.00000,2994.23560
377.50000,2996.92432
378.00000,3000.01074
378.50000,3001.61890
379.00000,3001.35254
379.50000,2999.48535
380.00000,2997.43726
380.50000,2996.53101
381.00000,2998.12280
381.50000,3002.07471
382.00000,3007.49341
382.50000,3012.77783
383.00000,3016.54053
383.50000,3017.25415
384.00000,3015.02051
384.50000,3010.28174
385.00000,3004.37329
385.50000,2999.00513
386.00000,2995.32153
386.50000,2993.72705
387.00000,2993.95508
387.50000,2995.83472
388.00000,2998.63818
388.50000,3002.04028
389.00000,3005.77441
389.50000,3009.44946
390.00000,3012.40454
390.50000,3013.89087
391.00000,3013.39600
391.50000,3010.13306
392.00000,3005.30713
392.50000,3000.17090
393.00000,2996.25195
393.50000,2994.38330
394.00000,2995.10278
394.50000,2997.56885
395.00000,3000.37329
395.50000,3001.80054
396.00000,3001.43140
396.50000,2999.42871
397.00000,2996.86011
397.50000,2995.12354
398.00000,2995.71387
398.50000,2999.04834
399.00000,3004.35205
399.50000,3010.40210
400.00000,3015.69482
400.50000,3019.05713
401.00000,3019.83423
401.50000,3018.35205
402.00000,3014.84033
402.50000,3010.60352
403.00000,3006.46533
403.50000,3003.19824
404.00000,3001.01611
404.50000,3000.01733
405.00000,2999.86670
405.50000,2999.97852
406.00000,2999.95386
406.50000,2999.88110
407.00000,3000.21826
407.50000,3001.74707
408.00000,3004.68872
408.50000,3008.96729
409.00000,3013.44141
409.50000,3016.66138
410.00000,3017.23389
410.50000,3015.40625
411.00000,3011.96338
411.50000,3008.40625
412.00000,3006.19678
412.50000,3006.45630
413.00000,3008.49609
413.50000,3011.08350
414.00000,3012.93115
414.50000,3013.43262
415.00000,3012.51953
415.50000,3010.70557
416.00000,3009.00122
416.50000,3008.28076
417.00000,3008.93604
417.50000,3010.99976
418.00000,3014.63892
418.50000,3019.24048
419.00000,3024.25342
419.50000,3028.69019
420.00000,3031.77539
420.50000,3033.01196
421.00000,3032.91943
421.50000,3032.51221
422.00000,3033.34375
422.50000,3036.34814
423.00000,3042.19482
423.50000,3050.11353
424.00000,3058.25879
424.50000,3064.78638
425.00000,3068.57983
425.50000,3069.41431
426.00000,3067.49243
426.50000,3064.63428
427.00000,3062.45654
427.50000,3062.02856
428.00000,3063.16260
428.50000,3065.11206
429.00000,3066.41553
429.50000,3065.87451
430.00000,3062.39941
430.50000,3056.81665
431.00000,3050.56396
431.50000,3045.39209
432.00000,3042.31982
432.50000,3042.07983
433.00000,3043.75903
433.50000,3046.19482
434.00000,3047.86499
434.50000,3048.12646
435.00000,3047.02197
435.50000,3045.37720
436.00000,3044.19482
436.50000,3044.56982
437.00000,3046.70190
437.50000,3050.43018
438.00000,3054.86084
438.50000,3058.78931
439.00000,3061.22729
439.50000,3061.74756
440.00000,3060.60156
440.50000,3058.18555
441.00000,3055.60034
441.50000,3053.74536
442.00000,3053.22607
442.50000,3053.90112
443.00000,3055.59888
443.50000,3057.72998
444.00000,3059.66479
444.50000,3060.47900
445.00000,3059.52173
445.50000,3056.24731
446.00000,3050.63452
446.50000,3043.69507
447.00000,3036.72046
447.50000,3031.33887
448.00000,3028.64014
448.50000,3029.81299
449.00000,3033.51392
449.50000,3038.13574
450.00000,3041.86621
450.50000,3043.55029
451.00000,3042.15942
451.50000,3037.91431
452.00000,3031.35303
452.50000,3022.92847
453.00000,3014.16211
453.50000,3006.34741
454.00000,3000.94287
454.50000,2998.59424
455.00000,2999.92896
455.50000,3003.64038
456.00000,3007.88574
456.50000,3010.12793
457.00000,3009.70410
457.50000,3007.00024
458.00000,3003.95093
458.50000,3002.70410
459.00000,3005.36694
459.50000,3011.62012
460.00000,3019.90771
460.50000,3027.18848
461.00000,3031.45923
461.50000,3031.53394
462.00000,3027.92920
462.50000,3022.20532
463.00000,3015.53540
463.50000,3008.74219
464.00000,3001.53613
464.50000,2993.08643
465.00000,2983.33252
465.50000,2972.85889
466.00000,2963.29541
466.50000,2956.32520
467.00000,2954.25781
467.50000,2957.05249
468.00000,2963.83154
468.50000,2972.57080
469.00000,2981.02539
469.50000,2987.54419
470.00000,2991.46021
470.50000,2993.00708
471.00000,2992.29956
471.50000,2990.22949
472.00000,2987.07520
472.50000,2982.86523
473.00000,2977.77417
473.50000,2971.87744
474.00000,2965.60425
474.50000,2959.43896
475.00000,2954.07300
475.50000,2949.91919
476.00000,2947.38599
476.50000,2946.79663
477.00000,2947.96777
477.50000,2950.93726
478.00000,2955.06934
478.50000,2959.66919
479.00000,2963.96191
479.50000,2967.50806
480.00000,2970.30664
480.50000,2972.60767
481.00000,2974.60352
481.50000,2975.90967
482.00000,2975.82153
482.50000,2973.49780
483.00000,2967.87305
483.50000,2960.05103
484.00000,2951.96826
484.50000,2946.22095
485.00000,2944.44434
485.50000,2948.01367
486.00000,2955.22607
486.50000,2963.63037
487.00000,2969.62158
487.50000,2971.10645
488.00000,2967.51147
488.50000,2960.38892
489.00000,2952.31934
489.50000,2945.91675
490.00000,2942.60718
490.50000,2942.86499
491.00000,2946.53760
491.50000,2951.92578
492.00000,2957.89673
492.50000,2963.42578
493.00000,2967.79810
493.50000,2969.99316
494.00000,2969.86646
494.50000,2967.31396
495.00000,2962.69897
495.50000,2957.43555
496.00000,2952.63086
496.50000,2948.74731
497.00000,2945.45776
497.50000,2941.91357
498.00000,2937.40649
498.50000,2931.84497
499.00000,2926.28906
499.50000,2922.56519
500.00000,2922.50757
500.50000,2926.28711
501.00000,2932.79736
501.50000,2940.30396
502.00000,2946.53442
502.50000,2949.97607
503.00000,2950.06030
503.50000,2948.04956
504.00000,2945.45850
504.50000,2943.65259
505.00000,2943.26587
505.50000,2944.64771
506.00000,2947.06665
506.50000,2949.89526
507.00000,2952.34644
507.50000,2953.96484
508.00000,2954.69580
508.50000,2955.13599
509.00000,2955.96338
509.50000,2957.86206
510.00000,2960.61841
510.50000,2963.46582
511.00000,2964.91675
511.50000,2963.79150
512.00000,2959.61987
512.50000,2954.04028
513.00000,2948.98975
513.50000,2946.64624
514.00000,2947.26611
514.50000,2950.17529
515.00000,2953.15088
515.50000,2953.95117
516.00000,2951.36157
516.50000,2947.10132
517.00000,2943.41284
517.50000,2942.87695
518.00000,2945.95605
518.50000,2952.14160
519.00000,2959.06689
519.50000,2964.23389
520.00000,2965.31055
520.50000,2963.09473
521.00000,2958.69385
521.50000,2953.59204
522.00000,2949.02881
522.50000,2945.65601
523.00000,2943.53564
523.50000,2942.51343
524.00000,2942.88110
524.50000,2944.30469
525.00000,2946.46729
525.50000,2948.64575
526.00000,2950.04517
526.50000,2949.94409
527.00000,2948.36768
527.50000,2945.84302
528.00000,2942.99756
528.50000,2940.26245
529.00000,2937.30371
529.50000,2933.29272
530.00000,2927.73242
530.50000,2920.33936
531.00000,2911.98779
531.50000,2903.95361
532.00000,2898.05493
532.50000,2894.99707
533.00000,2894.82275
533.50000,2896.55371
534.00000,2898.71924
534.50000,2900.07983
535.00000,2900.01953
535.50000,2898.54492
536.00000,2895.98535
536.50000,2893.25244
537.00000,2891.03052
537.50000,2889.64185
538.00000,2888.91016
538.50000,2888.52588
539.00000,2887.98242
539.50000,2886.93042
540.00000,2885.14673
540.50000,2882.93140
541.00000,2880.78638
541.50000,2879.41992
542.00000,2879.13110
542.50000,2880.00513
543.00000,2881.26489
543.50000,2881.95313
544.00000,2880.87695
544.50000,2877.83105
545.00000,2873.07227
545.50000,2868.15723
546.00000,2864.87817
546.50000,2864.93726
547.00000,2867.88867
547.50000,2872.61646
548.00000,2877.10718
548.50000,2879.61523
549.00000,2878.98608
549.50000,2875.76660
550.00000,2871.60400
550.50000,2868.44824
551.00000,2867.13062
551.50000,2867.77563
552.00000,2869.91748
552.50000,2872.65088
553.00000,2875.47681
553.50000,2878.06494
554.00000,2880.15527
554.50000,2880.85962
555.00000,2879.74976
555.50000,2876.40747
556.00000,2871.22559
556.50000,2865.70239
557.00000,2861.74731
557.50000,2860.77368
558.00000,2863.08081
558.50000,2868.30005
559.00000,2873.95630
559.50000,2877.93872
560.00000,2878.78613
560.50000,2876.64941
561.00000,2871.89526
561.50000,2866.00098
562.00000,2860.14404
562.50000,2855.31763
563.00000,2851.69653
563.50000,2849.29028
564.00000,2847.76172
564.50000,2846.85229
565.00000,2846.79932
565.50000,2847.85791
566.00000,2850.33984
566.50000,2854.51611
567.00000,2859.64014
567.50000,2864.69043
568.00000,2868.16284
568.50000,2869.40991
569.00000,2868.19116
569.50000,2865.75098
570.00000,2863.30762
570.50000,2861.95825
571.00000,2861.71338
571.50000,2861.96167
572.00000,2861.53149
572.50000,2859.59253
573.00000,2855.92041
573.50000,2851.54272
574.00000,2847.42432
574.50000,2844.51855
575.00000,2843.04346
575.50000,2843.17358
576.00000,2844.64624
576.50000,2847.08203
577.00000,2850.17554
577.50000,2853.13672
578.00000,2855.20337
578.50000,2855.69971
579.00000,2854.82642
579.50000,2853.06226
580.00000,2851.36133
580.50000,2850.28296
581.00000,2849.73291
581.50000,2848.58887
582.00000,2845.41479
582.50000,2839.52026
583.00000,2831.99927
583.50000,2824.70117
584.00000,2819.79224
584.50000,2818.42114
585.00000,2821.30371
585.50000,2826.45825
586.00000,2832.25244
586.50000,2837.15479
587.00000,2841.01929
587.50000,2844.56885
588.00000,2848.66968
588.50000,2853.46265
589.00000,2858.15625
589.50000,2861.42334
590.00000,2861.90259
590.50000,2859.10229
591.00000,2854.10352
591.50000,2848.63794
592.00000,2844.72900
592.50000,2843.37256
593.00000,2845.04907
593.50000,2848.55640
594.00000,2852.93311
594.50000,2857.09009
595.00000,2860.39600
595.50000,2862.32397
596.00000,2862.88379
596.50000,2862.08960
597.00000,2860.02002
597.50000,2857.22363
598.00000,2854.09204
598.50000,2850.95654
599.00000,2847.78931
599.50000,2844.11304
600.00000,2839.54614
600.50000,2834.08911
601.00000,2828.72925
601.50000,2825.18384
602.00000,2825.27271
602.50000,2829.31543
603.00000,2835.98389
603.50000,2843.15625
604.00000,2848.49243
604.50000,2850.84302
605.00000,2850.53955
605.50000,2849.64233
606.00000,2850.00586
606.50000,2851.71338
607.00000,2853.19409
607.50000,2851.75806
608.00000,2846.59570
608.50000,2838.10449
609.00000,2828.59351
609.50000,2820.91040
610.00000,2817.25928
610.50000,2817.24316
611.00000,2818.88647
611.50000,2819.69702
612.00000,2818.78906
612.50000,2816.51270
613.00000,2814.05957
613.50000,2812.28418
614.00000,2811.25000
614.50000,2810.24463
615.00000,2808.82397
615.50000,2807.42505
616.00000,2807.34399
616.50000,2809.65137
617.00000,2813.84692
617.50000,2817.89917
618.00000,2819.14941
618.50000,2816.58765
619.00000,2810.99756
619.50000,2804.88208
620.00000,2801.28833
620.50000,2802.20581
621.00000,2807.09839
621.50000,2812.97217
622.00000,2816.67969
622.50000,2817.04834
623.00000,2814.48608
623.50000,2810.42310
624.00000,2806.72070
624.50000,2804.31567
625.00000,2803.18994
625.50000,2802.80884
626.00000,2802.98950
626.50000,2803.69653
627.00000,2804.83154
627.50000,2805.74243
628.00000,2805.50684
628.50000,2803.24512
629.00000,2799.22070
629.50000,2794.73291
630.00000,2791.76831
630.50000,2791.34033
631.00000,2793.37378
631.50000,2796.20898
632.00000,2797.54102
632.50000,2795.94629
633.00000,2792.00244
633.50000,2787.47949
634.00000,2784.78809
634.50000,2785.04663
635.00000,2788.48242
635.50000,2794.03491
636.00000,2799.66504
636.50000,2803.40112
637.00000,2804.13037
637.50000,2802.01099
638.00000,2797.33984
638.50000,2791.90015
639.00000,2787.25635
639.50000,2785.08179
640.00000,2785.89355
640.50000,2789.90869
641.00000,2795.63477
641.50000,2801.32593
642.00000,2804.90210
642.50000,2805.92334
643.00000,2804.58789
643.50000,2801.88770
644.00000,2798.98193
644.50000,2796.56274
645.00000,2794.69238
645.50000,2793.07593
646.00000,2791.28394
646.50000,2789.11548
647.00000,2786.64160
647.50000,2784.33789
648.00000,2782.78491
648.50000,2782.70630
649.00000,2784.11646
649.50000,2786.69067
650.00000,2789.67847
650.50000,2792.09497
651.00000,2793.22705
651.50000,2793.07251
652.00000,2792.31812
652.50000,2791.80469
653.00000,2791.90698
653.50000,2792.16260
654.00000,2791.48096
654.50000,2789.25146
655.00000,2785.30762
655.50000,2780.47046
656.00000,2775.72290
656.50000,2771.65503
657.00000,2767.86475
657.50000,2763.60645
658.00000,2758.38184
658.50000,2753.05542
659.00000,2749.68579
659.50000,2749.99561
660.00000,2754.04517
660.50000,2760.61865
661.00000,2766.30566
661.50000,2768.22363
662.00000,2764.65942
662.50000,2757.38281
663.00000,2749.41919
663.50000,2744.76953
664.00000,2745.91089
664.50000,2754.04419
665.00000,2765.41260
665.50000,2776.73291
666.00000,2784.50586
666.50000,2787.56763
667.00000,2785.69995
667.50000,2781.33154
668.00000,2776.97046
668.50000,2774.88574
669.00000,2775.10156
669.50000,2776.52344
670.00000,2776.83374
670.50000,2774.73657
671.00000,2770.07227
671.50000,2764.73120
672.00000,2760.68848
672.50000,2759.62378
673.00000,2760.73071
673.50000,2762.38672
674.00000,2762.37549
674.50000,2759.83984
675.00000,2755.24902
675.50000,2751.20898
676.00000,2750.16016
676.50000,2753.83984
677.00000,2760.97754
677.50000,2770.03735
678.00000,2778.75244
678.50000,2785.56152
679.00000,2789.01172
679.50000,2789.14600
680.00000,2785.92627
680.50000,2779.32349
681.00000,2770.62207
681.50000,2761.10986
682.00000,2752.70117
682.50000,2746.59595
683.00000,2743.93994
683.50000,2744.07764
684.00000,2746.50342
684.50000,2750.68774
685.00000,2755.80713
685.50000,2761.28833
686.00000,2766.21704
686.50000,2769.72168
687.00000,2770.68457
687.50000,2769.62842
688.00000,2767.65796
688.50000,2766.33252
689.00000,2766.42676
689.50000,2767.89722
690.00000,2769.60645
690.50000,2770.53369
691.00000,2770.09277
691.50000,2769.10645
692.00000,2768.55200
692.50000,2769.11670
693.00000,2770.32129
693.50000,2770.88843
694.00000,2769.83325
694.50000,2767.32617
695.00000,2764.48193
695.50000,2762.76636
696.00000,2762.92334
696.50000,2764.41870
697.00000,2765.67017
697.50000,2764.84131
698.00000,2761.28760
698.50000,2755.42896
699.00000,2748.41650
699.50000,2742.11768
700.00000,2738.11499
700.50000,2737.48486
701.00000,2740.31250
701.50000,2746.92310
702.00000,2755.76318
702.50000,2764.86401
703.00000,2771.35840
703.50000,2773.66382
704.00000,2770.85498
704.50000,2764.38892
705.00000,2757.18140
705.50000,2752.35815
706.00000,2751.15112
706.50000,2752.79346
707.00000,2755.26758
707.50000,2756.59448
708.00000,2756.07617
708.50000,2754.74072
709.00000,2754.27417
709.50000,2756.35718
710.00000,2760.57886
710.50000,2765.51440
711.00000,2768.77051
711.50000,2768.98242
712.00000,2765.72388
712.50000,2760.88501
713.00000,2757.00928
713.50000,2756.50488
714.00000,2759.20703
714.50000,2764.01367
715.00000,2768.69775
715.50000,2771.38647
716.00000,2770.96021
716.50000,2768.15894
717.00000,2764.45605
717.50000,2761.33301
718.00000,2759.26074
718.50000,2757.80835
719.00000,2755.76807
719.50000,2752.36401
720.00000,2747.28687
720.50000,2741.25928
721.00000,2735.21411
721.50000,2730.34521
722.00000,2727.34204
722.50000,2727.11377
723.00000,2730.34595
723.50000,2736.62598
724.00000,2745.36426
724.50000,2754.41748
725.00000,2761.60107
725.50000,2764.30640
726.00000,2763.09082
726.50000,2758.93750
727.00000,2753.85010
727.50000,2749.36328
728.00000,2746.02979
728.50000,2743.25610
729.00000,2740.48120
729.50000,2737.77246
730.00000,2735.90332
730.50000,2735.94946
731.00000,2738.21265
731.50000,2741.74072
732.00000,2745.03662
732.50000,2747.01147
733.00000,2747.87549
733.50000,2748.86719
734.00000,2751.17676
734.50000,2755.17188
735.00000,2759.67554
735.50000,2762.86938
736.00000,2762.52319
736.50000,2758.52026
737.00000,2751.54443
737.50000,2743.29688
738.00000,2735.95239
738.50000,2731.38770
739.00000,2730.54907
739.50000,2733.11914
740.00000,2738.57886
740.50000,2744.83740
741.00000,2750.06323
741.50000,2752.47314
742.00000,2751.99756
742.50000,2749.30347
743.00000,2746.50195
743.50000,2745.42578
744.00000,2747.60352
744.50000,2751.93335
745.00000,2756.71338
745.50000,2759.50854
746.00000,2758.97241
746.50000,2754.59155
747.00000,2747.98047
747.50000,2740.99365
748.00000,2735.63574
748.50000,2732.70068
749.00000,2732.58008
749.50000,2734.86060
750.00000,2738.38794
750.50000,2742.23242
751.00000,2745.51636
751.50000,2747.76880
752.00000,2748.53833
752.50000,2748.06714
753.00000,2746.45044
753.50000,2744.14404
754.00000,2741.90112
754.50000,2740.48755
755.00000,2740.09180
755.50000,2740.28735
756.00000,2739.94971
756.50000,2738.12720
757.00000,2734.46436
757.50000,2730.07031
758.00000,2726.87427
758.50000,2727.13574
759.00000,2730.76929
759.50000,2736.15967
760.00000,2740.13525
760.50000,2740.39526
761.00000,2736.45654
761.50000,2731.13501
762.00000,2727.87378
762.50000,2729.67041
763.00000,2735.33667
763.50000,2741.93823
764.00000,2745.10840
764.50000,2742.85156
765.00000,2735.01196
765.50000,2725.01123
766.00000,2716.89941
766.50000,2714.69385
767.00000,2718.05957
767.50000,2725.12329
768.00000,2732.10645
768.50000,2735.63501
769.00000,2733.82959
769.50000,2727.92969
770.00000,2720.60156
770.50000,2715.12378
771.00000,2713.19043
771.50000,2715.14673
772.00000,2719.51929
772.50000,2723.70435
773.00000,2725.64917
773.50000,2725.14380
774.00000,2723.49731
774.50000,2722.94238
775.00000,2724.78809
775.50000,2729.20142
776.00000,2734.79858
776.50000,2739.71216
777.00000,2742.88696
777.50000,2744.80713
778.00000,2746.41772
778.50000,2748.41699
779.00000,2750.53979
779.50000,2751.93994
780.00000,2751.85034
780.50000,2750.50610
781.00000,2748.72241
781.50000,2747.57422
782.00000,2747.35474
782.50000,2747.38452
783.00000,2746.37671
783.50000,2743.30811
784.00000,2738.33691
784.50000,2732.89624
785.00000,2728.77905
785.50000,2726.92090
786.00000,2727.51172
786.50000,2730.37598
787.00000,2734.54077
787.50000,2739.55811
788.00000,2744.81763
788.50000,2749.57837
789.00000,2752.53491
789.50000,2752.94556
790.00000,2750.42993
790.50000,2745.44702
791.00000,2739.97388
791.50000,2736.14844
792.00000,2735.61768
792.50000,2738.49902
793.00000,2744.06372
793.50000,2749.94629
794.00000,2754.28271
794.50000,2755.64722
795.00000,2754.49414
795.50000,2751.84058
796.00000,2749.62793
796.50000,2749.27515
797.00000,2751.88818
797.50000,2756.40601
798.00000,2761.55103
798.50000,2765.76514
799.00000,2768.46558
799.50000,2769.85132
800.00000,2771.07715
800.50000,2773.00073
801.00000,2775.73853
801.50000,2778.10767
802.00000,2778.83618
802.50000,2777.22705
803.00000,2774.10718
803.50000,2770.84619
804.00000,2768.80957
804.50000,2768.25732
805.00000,2768.34131
805.50000,2767.40332
806.00000,2764.27808
806.50000,2759.17798
807.00000,2753.89258
807.50000,2750.97607
808.00000,2751.87720
808.50000,2756.60083
809.00000,2763.97729
809.50000,2771.28198
810.00000,2776.59741
810.50000,2779.33569
811.00000,2780.38257
811.50000,2780.74097
812.00000,2781.24463
812.50000,2781.84961
813.00000,2781.90039
813.50000,2781.03516
814.00000,2779.48047
814.50000,2778.40283
815.00000,2779.01465
815.50000,2782.38477
816.00000,2787.47046
816.50000,2792.36987
817.00000,2794.24561
817.50000,2791.88818
818.00000,2785.06812
818.50000,2776.29736
819.00000,2769.06226
819.50000,2767.26587
820.00000,2771.30493
820.50000,2780.29517
821.00000,2791.58374
821.50000,2801.74316
822.00000,2808.17993
822.50000,2810.40552
823.00000,2809.71094
823.50000,2808.04272
824.00000,2807.70605
824.50000,2809.97852
825.00000,2814.97217
825.50000,2821.12573
826.00000,2826.55957
826.50000,2829.64429
827.00000,2829.86304
827.50000,2827.11499
828.00000,2823.07715
828.50000,2818.90259
829.00000,2815.40649
829.50000,2812.65649
830.00000,2810.70654
830.50000,2809.70044
831.00000,2810.12842
831.50000,2813.00537
832.00000,2818.03516
832.50000,2824.59106
833.00000,2831.06836
833.50000,2835.89844
834.00000,2837.64966
834.50000,2836.56177
835.00000,2833.50220
835.50000,2829.65234
836.00000,2826.37280
836.50000,2824.68579
837.00000,2825.26880
837.50000,2828.06860
838.00000,2832.97729
838.50000,2838.56836
839.00000,2843.29468
839.50000,2845.54907
840.00000,2845.43872
840.50000,2843.78271
841.00000,2842.38696
841.50000,2842.52563
842.00000,2844.70020
842.50000,2847.73901
843.00000,2850.55029
843.50000,2852.76660
844.00000,2855.40503
844.50000,2860.25439
845.00000,2868.33472
845.50000,2878.84180
846.00000,2889.64355
846.50000,2898.11572
847.00000,2902.85376
847.50000,2904.14429
848.00000,2904.44409
848.50000,2905.86108
849.00000,2909.05713
849.50000,2912.95166
850.00000,2915.63086
850.50000,2916.19531
851.00000,2914.82910
851.50000,2912.92310
852.00000,2912.12207
852.50000,2913.70166
853.00000,2917.72778
853.50000,2923.65112
854.00000,2931.03638
854.50000,2938.79712
855.00000,2945.92334
855.50000,2951.03491
856.00000,2953.43945
856.50000,2952.72168
857.00000,2950.44019
857.50000,2948.76025
858.00000,2950.33154
858.50000,2955.38159
859.00000,2962.98877
859.50000,2970.52734
860.00000,2975.72803
860.50000,2977.46460
861.00000,2977.19702
861.50000,2976.93115
862.00000,2978.62402
862.50000,2982.32520
863.00000,2987.24585
863.50000,2991.94019
864.00000,2995.61401
864.50000,2998.25610
865.00000,3000.77490
865.50000,3003.86255
866.00000,3007.71387
866.50000,3011.69653
867.00000,3015.17725
867.50000,3018.10596
868.00000,3021.33765
868.50000,3026.77734
869.00000,3035.71680
869.50000,3048.77197
870.00000,3065.34717
870.50000,3082.45996
871.00000,3096.49902
871.50000,3104.18311
872.00000,3104.92944
872.50000,3098.92603
873.00000,3090.47656
873.50000,3083.38818
874.00000,3081.10156
874.50000,3083.55981
875.00000,3089.30078
875.50000,3094.91968
876.00000,3097.94336
876.50000,3096.96851
877.00000,3093.95996
877.50000,3091.20581
878.00000,3090.90869
878.50000,3093.07227
879.00000,3096.32373
879.50000,3098.07129
880.00000,3096.57617
880.50000,3090.61108
881.00000,3082.18286
881.50000,3073.33936
882.00000,3066.38916
882.50000,3062.12061
883.00000,3060.42773
883.50000,3059.55933
884.00000,3057.83887
884.50000,3054.00513
885.00000,3048.78833
885.50000,3043.55762
886.00000,3040.11230
886.50000,3039.01563
887.00000,3039.71606
887.50000,3039.89624
888.00000,3037.40063
888.50000,3030.52222
889.00000,3020.96484
889.50000,3011.38452
890.00000,3005.18848
890.50000,3003.73267
891.00000,3006.99585
891.50000,3011.72998
892.00000,3014.93335
892.50000,3014.32593
893.00000,3010.92529
893.50000,3006.68994
894.00000,3003.96655
894.50000,3003.35303
895.00000,3003.83276
895.50000,3003.06714
896.00000,2999.51294
896.50000,2992.93433
897.00000,2985.43750
897.50000,2979.15088
898.00000,2975.14209
898.50000,2972.73267
899.00000,2970.57910
899.50000,2967.66406
900.00000,2964.31299
900.50000,2962.14331
901.00000,2962.45581
901.50000,2965.81567
902.00000,2970.65088
902.50000,2974.60303
903.00000,2975.06201
903.50000,2972.12256
904.00000,2967.13574
904.50000,2962.93750
905.00000,2961.83252
905.50000,2965.27832
906.00000,2972.09790
906.50000,2979.96289
907.00000,2986.01563
907.50000,2988.89307
908.00000,2988.26709
908.50000,2985.27466
909.00000,2982.05957
909.50000,2980.47388
910.00000,2981.26270
910.50000,2984.09033
911.00000,2988.20166
911.50000,2992.33350
912.00000,2995.92383
912.50000,2999.02051
913.00000,3002.07324
913.50000,3005.37280
914.00000,3008.73413
914.50000,3011.67969
915.00000,3013.60059
915.50000,3014.67700
916.00000,3015.49438
916.50000,3017.11157
917.00000,3020.23682
917.50000,3025.34961
918.00000,3031.71606
918.50000,3038.37256
919.00000,3044.17456
919.50000,3048.59058
920.00000,3051.27417
920.50000,3052.31470
921.00000,3052.03760
921.50000,3050.39307
922.00000,3047.83887
922.50000,3045.00293
923.00000,3043.15137
923.50000,3043.44580
924.00000,3047.08838
924.50000,3053.91992
925.00000,3062.38940
925.50000,3070.18896
926.00000,3075.31152
926.50000,3076.84180
927.00000,3075.22241
927.50000,3072.76953
928.00000,3071.57153
928.50000,3072.79248
929.00000,3076.05835
929.50000,3080.43091
930.00000,3084.69751
930.50000,3088.58813
931.00000,3092.62500
931.50000,3097.55664
932.00000,3104.05176
932.50000,3112.01831
933.00000,3120.95044
933.50000,3130.26831
934.00000,3139.13452
934.50000,3146.60156
935.00000,3151.48926
935.50000,3153.55591
936.00000,3152.96338
936.50000,3151.80127
937.00000,3152.60815
937.50000,3158.57227
938.00000,3169.40283
938.50000,3183.67651
939.00000,3197.88135
939.50000,3208.88867
940.00000,3214.70654
940.50000,3217.02173
941.00000,3218.93970
941.50000,3224.63672
942.00000,3235.91406
942.50000,3253.76514
943.00000,3277.22339
943.50000,3303.92358
944.00000,3332.26465
944.50000,3360.48926
945.00000,3387.53906
945.50000,3412.55103
946.00000,3435.98706
946.50000,3458.70825
947.00000,3482.19165
947.50000,3507.25830
948.00000,3533.58081
948.50000,3558.75562
949.00000,3579.83472
949.50000,3593.50854
950.00000,3600.48608
950.50000,3602.16333
951.00000,3602.17896
951.50000,3603.62817
952.00000,3608.47607
952.50000,3615.86279
953.00000,3624.46094
953.50000,3633.14526
954.00000,3641.92798
954.50000,3652.01318
955.00000,3664.64453
955.50000,3679.93262
956.00000,3697.11206
956.50000,3713.81226
957.00000,3727.91235
957.50000,3737.65845
958.00000,3743.50903
958.50000,3746.04956
959.00000,3747.05981
959.50000,3748.03564
960.00000,3750.05078
960.50000,3752.96313
961.00000,3755.89941
961.50000,3757.01489
962.00000,3754.69678
962.50000,3746.81909
963.00000,3733.23462
963.50000,3714.97607
964.00000,3693.19287
964.50000,3670.47266
965.00000,3648.10132
965.50000,3626.49854
966.00000,3605.11548
966.50000,3583.27466
967.00000,3561.00977
967.50000,3539.21631
968.00000,3519.75269
968.50000,3503.30762
969.00000,3489.93359
969.50000,3478.15405
970.00000,3466.09253
970.50000,3452.97852
971.00000,3440.23926
971.50000,3430.51929
972.00000,3427.35596
972.50000,3430.20264
973.00000,3436.91455
973.50000,3442.87061
974.00000,3444.58960
974.50000,3440.29907
975.00000,3432.92920
975.50000,3426.14795
976.00000,3423.55347
976.50000,3425.22070
977.00000,3429.96387
977.50000,3435.47388
978.00000,3440.58154
978.50000,3445.74219
979.00000,3452.13745
979.50000,3460.42993
980.00000,3470.35449
980.50000,3480.68604
981.00000,3490.88159
981.50000,3501.37158
982.00000,3513.03027
982.50000,3526.64990
983.00000,3541.25854
983.50000,3555.36475
984.00000,3567.39478
984.50000,3577.46973
985.00000,3586.76489
985.50000,3597.37085
986.00000,3610.64282
986.50000,3627.64844
987.00000,3647.17627
987.50000,3668.33228
988.00000,3690.21143
988.50000,3712.23560
989.00000,3734.41626
989.50000,3757.18921
990.00000,3781.30420
990.50000,3808.50244
991.00000,3839.46216
991.50000,3875.24268
992.00000,3916.22266
992.50000,3961.35449
993.00000,4010.62939
993.50000,4063.36304
994.00000,4119.30371
994.50000,4178.82520
995.00000,4240.76758
995.50000,4304.43262
996.00000,4369.00342
996.50000,4434.10449
997.00000,4500.25244
997.50000,4568.01465
998.00000,4637.74463
998.50000,4709.53418
999.00000,4782.24902
999.50000,4854.64404
1000.00000,4924.98340
1000.50000,4991.76465
1001.00000,5052.19531
1001.50000,5105.31934
1002.00000,5150.18896
1002.50000,5185.25244
1003.00000,5212.05518
1003.50000,5229.55176
1004.00000,5237.09912
1004.50000,5234.74170
1005.00000,5219.84473
1005.50000,5194.08203
1006.00000,5158.02100
1006.50000,5111.54102
1007.00000,5056.96338
1007.50000,4994.26270
1008.00000,4925.35596
1008.50000,4853.38574
1009.00000,4781.98047
1009.50000,4713.98535
1010.00000,4650.21289
1010.50000,4589.08740
1011.00000,4527.29932
1011.50000,4462.58008
1012.00000,4395.60547
1012.50000,4329.35645
1013.00000,4268.73047
1013.50000,4215.48877
1014.00000,4170.11914
1014.50000,4131.06348
1015.00000,4095.07520
1015.50000,4060.84521
1016.00000,4027.94629
1016.50000,3996.65405
1017.00000,3967.49634
1017.50000,3939.60181
1018.00000,3912.28540
1018.50000,3885.24170
1019.00000,3859.03418
1019.50000,3835.39502
1020.00000,3815.65845
1020.50000,3800.33740
1021.00000,3789.66675
1021.50000,3781.23560
1022.00000,3772.92456
1022.50000,3762.38452
1023.00000,3748.64941
1023.50000,3731.46777
1024.00000,3712.81787
1024.50000,3694.94629
1025.00000,3680.25903
1025.50000,3668.81714
1026.00000,3659.80957
1026.50000,3651.19897
1027.00000,3641.42920
1027.50000,3630.01123
1028.00000,3618.12646
1028.50000,3607.05542
1029.00000,3597.59253
1029.50000,3588.92114
1030.00000,3579.78223
1030.50000,3569.14478
1031.00000,3557.15186
1031.50000,3544.66602
1032.00000,3532.96997
1032.50000,3522.93555
1033.00000,3515.41992
1033.50000,3510.60352
1034.00000,3509.49390
1034.50000,3512.24487
1035.00000,3517.61890
1035.50000,3523.14380
1036.00000,3525.69409
1036.50000,3523.37256
1037.00000,3516.51294
1037.50000,3508.79761
1038.00000,3504.13110
1038.50000,3504.36182
1039.00000,3508.03564
1039.50000,3511.74268
1040.00000,3512.38110
1040.50000,3509.39990
1041.00000,3505.19727
1041.50000,3503.15210
1042.00000,3505.04932
1042.50000,3508.66846
1043.00000,3509.98828
1043.50000,3504.01929
1044.00000,3491.56909
1044.50000,3475.70410
1045.00000,3462.30127
1045.50000,3455.38745
1046.00000,3457.04565
1046.50000,3464.27881
1047.00000,3473.31201
1047.50000,3481.16235
1048.00000,3487.39038
1048.50000,3492.88232
1049.00000,3498.65527
1049.50000,3504.44165
1050.00000,3508.57471
1050.50000,3509.75635
1051.00000,3507.99463
1051.50000,3504.67456
1052.00000,3502.32861
1052.50000,3502.58984
1053.00000,3505.40039
1053.50000,3509.09766
1054.00000,3511.80615
1054.50000,3512.58276
1055.00000,3511.40259
1055.50000,3508.40332
1056.00000,3504.02026
1056.50000,3498.02637
1057.00000,3490.81885
1057.50000,3483.86475
1058.00000,3480.02905
1058.50000,3481.14600
1059.00000,3487.70459
1059.50000,3498.15625
1060.00000,3508.42676
1060.50000,3514.91724
1061.00000,3516.09644
1061.50000,3513.30078
1062.00000,3508.93921
1062.50000,3506.10596
1063.00000,3506.56738
1063.50000,3511.09497
1064.00000,3518.38159
1064.50000,3527.04492
1065.00000,3534.70020
1065.50000,3539.06616
1066.00000,3536.99731
1066.50000,3529.07300
1067.00000,3517.11914
1067.50000,3505.55786
1068.00000,3498.74487
1068.50000,3499.84790
1069.00000,3507.22339
1069.50000,3516.72070
1070.00000,3523.35645
1070.50000,3525.40967
1071.00000,3523.93042
1071.50000,3522.70605
1072.00000,3525.00391
1072.50000,3532.21973
1073.00000,3541.81787
1073.50000,3550.33301
1074.00000,3554.29565
1074.50000,3554.16992
1075.00000,3551.75537
1075.50000,3550.17456
1076.00000,3551.34253
1076.50000,3555.84155
1077.00000,3561.80835
1077.50000,3567.09106
1078.00000,3569.45361
1078.50000,3568.77539
1079.00000,3565.66821
1079.50000,3562.17969
1080.00000,3560.56689
1080.50000,3563.07251
1081.00000,3569.44702
1081.50000,3578.02808
1082.00000,3585.62988
1082.50000,3589.52759
1083.00000,3588.19946
1083.50000,3583.16309
1084.00000,3578.06104
1084.50000,3577.30884
1085.00000,3582.51318
1085.50000,3592.93555
1086.00000,3605.46582
1086.50000,3615.80127
1087.00000,3620.78809
1087.50000,3620.16821
1088.00000,3616.35767
1088.50000,3612.62378
1089.00000,3611.86841
1089.50000,3615.39819
1090.00000,3623.01563
1090.50000,3632.30518
1091.00000,3641.07202
1091.50000,3647.59692
1092.00000,3651.53540
1092.50000,3653.01245
1093.00000,3653.50708
1093.50000,3653.97388
1094.00000,3655.05908
1094.50000,3656.83105
1095.00000,3659.46240
1095.50000,3663.26489
1096.00000,3668.72729
1096.50000,3676.82373
1097.00000,3686.95557
1097.50000,3698.10669
1098.00000,3708.22168
1098.50000,3715.53613
1099.00000,3718.43408
1099.50000,3717.50000
1100.00000,3714.41333
1100.50000,3711.48169
1101.00000,3710.67969
1101.50000,3713.10669
1102.00000,3718.61865
1102.50000,3725.84814
1103.00000,3733.93823
1103.50000,3742.55737
1104.00000,3752.25562
1104.50000,3764.19556
1105.00000,3778.05811
1105.50000,3792.61255
1106.00000,3805.39795
1106.50000,3814.77393
1107.00000,3820.14868
1107.50000,3824.13257
1108.00000,3829.81982
1108.50000,3840.03809
1109.00000,3853.67017
1109.50000,3867.83691
1110.00000,3878.51318
1110.50000,3884.11523
1111.00000,3885.19775
1111.50000,3885.94800
1112.00000,3889.82446
1112.50000,3898.76782
1113.00000,3910.57251
1113.50000,3922.44165
1114.00000,3932.10962
1114.50000,3939.75854
1115.00000,3947.13379
1115.50000,3956.16772
1116.00000,3967.39063
1116.50000,3980.07129
1117.00000,3992.98901
1117.50000,4006.28613
1118.00000,4021.25562
1118.50000,4038.85791
1119.00000,4059.17139
1119.50000,4079.70239
1120.00000,4098.01660
1120.50000,4112.67041
1121.00000,4125.23291
1121.50000,4138.31348
1122.00000,4154.25635
1122.50000,4173.32471
1123.00000,4194.51904
1123.50000,4215.62354
1124.00000,4235.77002
1124.50000,4255.36133
1125.00000,4275.43018
1125.50000,4296.58301
1126.00000,4318.42676
1126.50000,4340.45215
1127.00000,4363.00244
1127.50000,4387.17139
1128.00000,4414.43799
1128.50000,4445.37061
1129.00000,4478.48877
1129.50000,4511.72217
1130.00000,4542.98486
1130.50000,4571.42822
1131.00000,4596.86621
1131.50000,4620.88965
1132.00000,4644.84424
1132.50000,4670.26855
1133.00000,4697.96143
1133.50000,4728.29395
1134.00000,4759.65967
1134.50000,4789.91748
1135.00000,4816.86279
1135.50000,4841.41553
1136.00000,4866.78467
1136.50000,4898.08252
1137.00000,4938.10596
1137.50000,4988.31104
1138.00000,5043.90820
1138.50000,5100.39844
1139.00000,5154.82617
1139.50000,5208.34229
1140.00000,5264.54785
1140.50000,5326.99023
1141.00000,5396.21387
1141.50000,5472.18262
1142.00000,5552.40967
1142.50000,5636.92334
1143.00000,5728.24756
1143.50000,5827.80615
1144.00000,5938.51709
1144.50000,6061.02490
1145.00000,6194.99268
1145.50000,6344.28955
1146.00000,6508.32959
1146.50000,6688.53027
1147.00000,6885.09375
1147.50000,7092.72217
1148.00000,7308.55762
1148.50000,7529.07129
1149.00000,7753.06836
1149.50000,7982.91406
1150.00000,8220.00879
1150.50000,8466.26465
1151.00000,8720.78125
1151.50000,8976.96191
1152.00000,9223.31055
1152.50000,9446.72168
1153.00000,9637.52637
1153.50000,9781.12500
1154.00000,9886.17383
1154.50000,9955.03516
1155.00000,9991.21094
1155.50000,9998.43262
1156.00000,9964.29980
1156.50000,9881.94922
1157.00000,9747.22461
1157.50000,9552.85547
1158.00000,9319.60938
1158.50000,9060.40625
1159.00000,8791.11621
1159.50000,8522.58594
1160.00000,8258.63281
1160.50000,7997.25000
1161.00000,7735.18604
1161.50000,7470.08252
1162.00000,7203.92041
1162.50000,6942.62354
1163.00000,6695.66309
1163.50000,6469.92480
1164.00000,6274.98730
1164.50000,6106.51660
1165.00000,5958.46631
1165.50000,5824.26709
1166.00000,5696.13672
1166.50000,5574.01025
1167.00000,5460.97412
1167.50000,5359.36670
1168.00000,5272.07227
1168.50000,5194.75732
1169.00000,5124.23242
1169.50000,5059.13867
1170.00000,4999.17432
1170.50000,4946.57227
1171.00000,4901.36963
1171.50000,4861.06934
1172.00000,4822.96533
1172.50000,4784.91113
1173.00000,4747.84180
1173.50000,4715.05664
1174.00000,4688.37061
1174.50000,4668.46680
1175.00000,4652.29248
1175.50000,4636.35938
1176.00000,4618.50635
1176.50000,4599.91211
1177.00000,4583.37939
1177.50000,4572.01074
1178.00000,4565.92773
1178.50000,4564.44873
1179.00000,4565.22607
1179.50000,4567.06592
1180.00000,4570.93164
1180.50000,4578.10254
1181.00000,4589.91602
1181.50000,4605.86670
1182.00000,4623.04492
1182.50000,4638.21289
1183.00000,4649.67188
1183.50000,4658.05469
1184.00000,4665.70898
1184.50000,4675.49268
1185.00000,4688.99854
1185.50000,4705.97949
1186.00000,4724.71191
1186.50000,4744.08496
1187.00000,4763.56250
1187.50000,4783.12891
1188.00000,4802.37695
1188.50000,4820.42822
1189.00000,4836.20459
1189.50000,4849.54297
1190.00000,4861.42773
1190.50000,4872.33398
1191.00000,4881.50488
1191.50000,4886.41602
1192.00000,4883.07373
1192.50000,4871.62695
1193.00000,4853.22705
1193.50000,4831.95410
1194.00000,4811.23828
1194.50000,4791.96484
1195.00000,4772.02197
1195.50000,4748.88232
1196.00000,4721.07764
1196.50000,4690.79688
1197.00000,4660.93262
1197.50000,4633.88184
1198.00000,4609.68701
1198.50000,4587.22900
1199.00000,4564.71680
1199.50000,4541.74512
1200.00000,4518.92725
1200.50000,4496.80322
1201.00000,4475.06738
1201.50000,4452.59131
1202.00000,4428.70459
1202.50000,4403.69873
1203.00000,4379.36328
1203.50000,4357.46484
1204.00000,4339.30811
1204.50000,4324.50391
1205.00000,4313.31006
1205.50000,4305.79053
1206.00000,4302.13330
1206.50000,4302.83057
1207.00000,4305.44873
1207.50000,4307.41357
1208.00000,4306.03711
1208.50000,4301.04443
1209.00000,4293.60107
1209.50000,4286.59668
1210.00000,4281.93994
1210.50000,4280.33936
1211.00000,4279.77832
1211.50000,4278.19775
1212.00000,4273.98047
1212.50000,4267.15674
1213.00000,4257.79639
1213.50000,4246.31494
1214.00000,4232.27734
1214.50000,4214.36133
1215.00000,4193.25977
1215.50000,4170.42871
1216.00000,4148.97021
1216.50000,4131.28516
1217.00000,4118.51318
1217.50000,4107.97168
1218.00000,4096.24756
1218.50000,4079.83862
1219.00000,4058.97681
1219.50000,4035.49902
1220.00000,4012.89404
1220.50000,3993.32642
1221.00000,3977.59131
1221.50000,3963.79639
1222.00000,3950.50269
1222.50000,3937.36035
1223.00000,3925.13379
1223.50000,3914.88428
1224.00000,3906.45459
1224.50000,3898.55249
1225.00000,3889.75659
1225.50000,3880.05737
1226.00000,3870.72974
1226.50000,3863.77954
1227.00000,3859.51685
1227.50000,3856.82178
1228.00000,3852.96875
1228.50000,3846.30322
1229.00000,3836.68774
1229.50000,3827.14648
1230.00000,3821.03662
1230.50000,3821.28882
1231.00000,3827.13184
1231.50000,3836.62671
1232.00000,3845.74634
1232.50000,3851.55347
1233.00000,3851.83667
1233.50000,3848.59058
1234.00000,3844.04858
1234.50000,3840.70630
1235.00000,3839.20532
1235.50000,3838.60181
1236.00000,3837.01172
1236.50000,3833.77222
1237.00000,3830.20581
1237.50000,3829.12744
1238.00000,3832.92261
1238.50000,3841.24878
1239.00000,3850.49902
1239.50000,3856.42969
1240.00000,3857.26660
1240.50000,3854.18994
1241.00000,3850.36304
1241.50000,3848.86743
1242.00000,3850.63281
1242.50000,3854.15527
1243.00000,3857.25244
1243.50000,3858.84009
1244.00000,3859.84912
1244.50000,3861.63989
1245.00000,3864.99829
1245.50000,3868.85425
1246.00000,3871.62378
1246.50000,3872.33667
1247.00000,3871.72949
1247.50000,3871.78882
1248.00000,3874.67163
1248.50000,3881.68481
1249.00000,3893.23291
1249.50000,3907.35059
1250.00000,3921.97192
1250.50000,3934.51880
1251.00000,3943.56396
1251.50000,3948.39355
1252.00000,3951.35156
1252.50000,3954.93750
1253.00000,3961.32568
1253.50000,3970.07056
1254.00000,3979.53223
1254.50000,3987.84961
1255.00000,3995.04028
1255.50000,4003.14502
1256.00000,4014.04639
1256.50000,4027.71411
1257.00000,4041.17651
1257.50000,4050.78296
1258.00000,4054.68408
1258.50000,4056.04883
1259.00000,4059.48022
1259.50000,4069.02100
1260.00000,4082.13818
1260.50000,4093.77979
1261.00000,4098.09766
1261.50000,4094.79248
1262.00000,4087.25073
1262.50000,4082.13818
1263.00000,4082.97632
1263.50000,4089.43115
1264.00000,4095.47485
1264.50000,4096.10449
1265.00000,4089.71143
1265.50000,4080.06738
1266.00000,4072.40356
1266.50000,4070.16089
1267.00000,4073.07202
1267.50000,4078.50928
1268.00000,4082.98071
1268.50000,4084.84570
1269.00000,4083.99023
1269.50000,4081.24365
1270.00000,4076.94189
1270.50000,4072.19727
1271.00000,4068.85718
1271.50000,4070.42651
1272.00000,4078.37183
1272.50000,4093.03198
1273.00000,4110.76074
1273.50000,4126.20996
1274.00000,4133.77197
1274.50000,4133.16699
1275.00000,4126.94922
1275.50000,4120.07471
1276.00000,4116.84180
1276.50000,4118.91943
1277.00000,4124.61670
1277.50000,4130.93750
1278.00000,4135.20215
1278.50000,4136.71582
1279.00000,4135.80029
1279.50000,4133.39941
1280.00000,4130.84717
1280.50000,4129.16797
1281.00000,4129.08398
1281.50000,4130.71143
1282.00000,4133.83984
1282.50000,4137.14404
1283.00000,4139.49658
1283.50000,4140.32422
1284.00000,4140.52051
1284.50000,4141.56836
1285.00000,4144.31689
1285.50000,4148.08398
1286.00000,4150.48584
1286.50000,4149.27246
1287.00000,4142.96240
1287.50000,4131.99365
1288.00000,4119.15967
1288.50000,4107.04102
1289.00000,4097.14844
1289.50000,4089.25391
1290.00000,4082.14575
1290.50000,4074.16528
1291.00000,4064.39722
1291.50000,4052.82349
1292.00000,4040.43262
1292.50000,4028.49609
1293.00000,4018.19604
1293.50000,4010.16650
1294.00000,4004.61304
1294.50000,3999.86401
1295.00000,3993.84668
1295.50000,3984.40259
1296.00000,3971.20264
1296.50000,3954.97314
1297.00000,3938.55542
1297.50000,3924.28198
1298.00000,3913.76953
1298.50000,3905.86377
1299.00000,3899.31494
1299.50000,3893.09180
1300.00000,3887.44482
1300.50000,3883.91724
1301.00000,3883.23438
1301.50000,3885.24219
1302.00000,3888.87158
1302.50000,3892.35498
1303.00000,3894.49243
1303.50000,3894.65601
1304.00000,3892.67432
1304.50000,3887.72607
1305.00000,3880.19263
1305.50000,3870.88989
1306.00000,3861.80908
1306.50000,3855.04883
1307.00000,3852.10620
1307.50000,3852.28223
1308.00000,3853.58008
1308.50000,3854.61719
1309.00000,3855.65063
1309.50000,3858.20020
1310.00000,3863.92554
1310.50000,3872.14185
1311.00000,3880.70874
1311.50000,3886.57373
1312.00000,3888.22168
1312.50000,3885.10059
1313.00000,3879.79443
1313.50000,3874.03442
1314.00000,3868.87085
1314.50000,3864.33252
1315.00000,3860.67993
1315.50000,3858.74683
1316.00000,3859.55591
1316.50000,3864.17285
1317.00000,3870.78296
1317.50000,3877.00537
1318.00000,3879.96753
1318.50000,3878.78052
1319.00000,3873.51953
1319.50000,3866.44653
1320.00000,3859.41138
1320.50000,3853.45679
1321.00000,3848.16748
1321.50000,3842.93188
1322.00000,3837.62549
1322.50000,3833.04346
1323.00000,3830.79565
1323.50000,3831.53564
1324.00000,3834.98828
1324.50000,3840.07568
1325.00000,3844.92749
1325.50000,3848.40039
1326.00000,3850.28711
1326.50000,3851.19653
1327.00000,3851.42627
1327.50000,3850.82349
1328.00000,3848.57764
1328.50000,3843.49536
1329.00000,3835.95776
1329.50000,3827.08667
1330.00000,3819.06030
1330.50000,3813.59351
1331.00000,3812.22046
1331.50000,3814.00293
1332.00000,3817.63623
1332.50000,3821.46875
1333.00000,3824.42651
1333.50000,3826.36182
1334.00000,3827.98657
1334.50000,3829.92114
1335.00000,3832.07153
1335.50000,3833.45093
1336.00000,3833.04077
1336.50000,3830.67944
1337.00000,3827.74561
1337.50000,3825.72900
1338.00000,3825.02710
1338.50000,3824.47656
1339.00000,3821.85400
1339.50000,3816.82104
1340.00000,3811.10474
1340.50000,3808.73364
1341.00000,3812.22388
1341.50000,3822.03223
1342.00000,3833.64526
1342.50000,3841.89258
1343.00000,3842.84253
1343.50000,3839.53711
1344.00000,3836.41528
1344.50000,3837.96362
1345.00000,3844.17065
1345.50000,3852.00391
1346.00000,3856.87207
1346.50000,3856.91431
1347.00000,3853.17505
1347.50000,3850.06299
1348.00000,3850.63525
1348.50000,3855.17773
1349.00000,3860.92212
1349.50000,3865.15137
1350.00000,3867.71411
1350.50000,3870.63647
1351.00000,3877.13940
1351.50000,3887.68164
1352.00000,3900.82861
1352.50000,3912.89551
1353.00000,3921.03979
1353.50000,3923.59717
1354.00000,3922.74463
1354.50000,3921.02271
1355.00000,3920.55957
1355.50000,3921.31348
1356.00000,3921.94849
1356.50000,3920.95020
1357.00000,3917.99561
1357.50000,3913.45264
1358.00000,3908.57251
1358.50000,3903.98633
1359.00000,3899.73096
1359.50000,3895.41626
1360.00000,3890.83496
1360.50000,3886.18555
1361.00000,3881.80640
1361.50000,3877.90796
1362.00000,3874.11816
1362.50000,3870.00562
1363.00000,3865.33960
1363.50000,3860.57056
1364.00000,3856.79346
1364.50000,3855.37500
1365.00000,3857.21362
1365.50000,3863.34741
1366.00000,3872.06323
1366.50000,3881.13208
1367.00000,3887.08179
1367.50000,3887.61548
1368.00000,3881.30859
1368.50000,3870.28882
1369.00000,3857.80786
1369.50000,3847.78247
1370.00000,3842.20459
1370.50000,3841.90405
1371.00000,3845.76392
1371.50000,3850.90137
1372.00000,3854.51611
1372.50000,3854.90381
1373.00000,3852.21606
1373.50000,3848.31885
1374.00000,3846.43970
1374.50000,3848.69946
1375.00000,3854.91675
1375.50000,3862.30200
1376.00000,3867.53125
1376.50000,3869.07324
1377.00000,3867.73071
1377.50000,3865.97485
1378.00000,3866.24121
1378.50000,3869.40430
1379.00000,3874.41162
1379.50000,3879.57178
1380.00000,3884.21265
1380.50000,3888.96631
1381.00000,3894.67578
1381.50000,3901.73022
1382.00000,3909.24023
1382.50000,3916.03589
1383.00000,3921.06177
1383.50000,3923.97803
1384.00000,3924.32373
1384.50000,3922.92285
1385.00000,3921.14136
1385.50000,3921.76611
1386.00000,3926.85791
1386.50000,3937.85059
1387.00000,3952.79272
1387.50000,3967.65332
1388.00000,3977.38354
1388.50000,3980.54126
1389.00000,3978.06421
1389.50000,3973.30347
1390.00000,3969.87695
1390.50000,3968.97217
1391.00000,3968.49536
1391.50000,3965.68359
1392.00000,3958.56421
1392.50000,3949.39502
1393.00000,3941.65967
1393.50000,3939.22095
1394.00000,3942.26978
1394.50000,3948.95020
1395.00000,3954.93091
1395.50000,3957.44507
1396.00000,3955.71265
1396.50000,3953.23584
1397.00000,3952.94312
1397.50000,3955.52734
1398.00000,3958.31885
1398.50000,3957.25342
1399.00000,3950.45630
1399.50000,3939.22900
1400.00000,3927.13306
1400.50000,3918.01196
1401.00000,3913.51978
1401.50000,3912.72949
1402.00000,3913.33301
1402.50000,3914.58984
1403.00000,3916.99878
1403.50000,3921.07520
1404.00000,3926.16772
1404.50000,3930.07446
1405.00000,3930.83301
1405.50000,3928.34302
1406.00000,3924.71069
1406.50000,3922.39502
1407.00000,3922.18750
1407.50000,3922.87915
1408.00000,3922.26831
1408.50000,3919.56445
1409.00000,3915.23584
1409.50000,3910.82568
1410.00000,3907.34155
1410.50000,3904.99878
1411.00000,3903.15137
1411.50000,3901.50073
1412.00000,3900.12744
1412.50000,3898.93555
1413.00000,3897.32422
1413.50000,3894.66919
1414.00000,3891.24731
1414.50000,3888.52808
1415.00000,3888.07520
1415.50000,3890.47778
1416.00000,3894.67407
1416.50000,3898.34937
1417.00000,3900.11768
1417.50000,3900.93213
1418.00000,3903.15088
1418.50000,3909.16504
1419.00000,3917.84790
1419.50000,3926.61816
1420.00000,3931.90869
1420.50000,3932.52979
1421.00000,3928.74585
1421.50000,3923.36133
1422.00000,3918.91211
1422.50000,3917.48901
1423.00000,3918.78198
1423.50000,3922.21094
1424.00000,3926.98047
1424.50000,3932.20728
1425.00000,3937.25586
1425.50000,3941.57178
1426.00000,3944.80786
1426.50000,3946.50269
1427.00000,3946.99194
1427.50000,3946.71606
1428.00000,3946.94287
1428.50000,3949.13135
1429.00000,3955.01025
1429.50000,3964.33691
1430.00000,3975.55664
1430.50000,3985.87964
1431.00000,3993.13989
1431.50000,3996.42773
1432.00000,3996.99878
1432.50000,3997.23047
1433.00000,3998.96802
1433.50000,4002.35059
1434.00000,4007.00220
1434.50000,4013.18726
1435.00000,4021.48389
1435.50000,4033.02222
1436.00000,4047.58521
1436.50000,4063.25684
1437.00000,4077.27759
1437.50000,4087.78906
1438.00000,4094.40283
1438.50000,4097.78369
1439.00000,4099.56348
1439.50000,4100.48926
1440.00000,4101.55127
1440.50000,4104.06738
1441.00000,4110.39697
1441.50000,4120.98486
1442.00000,4134.88818
1442.50000,4148.80908
1443.00000,4159.22852
1443.50000,4164.36572
1444.00000,4165.96777
1444.50000,4167.06055
1445.00000,4169.84229
1445.50000,4173.56592
1446.00000,4176.14209
1446.50000,4175.87354
1447.00000,4174.17920
1447.50000,4174.55859
1448.00000,4179.35791
1448.50000,4187.36035
1449.00000,4194.01611
1449.50000,4194.77686
1450.00000,4187.32129
1450.50000,4173.11523
1451.00000,4156.91406
1451.50000,4142.26318
1452.00000,4130.33936
1452.50000,4120.40527
1453.00000,4112.34277
1453.50000,4106.59814
1454.00000,4104.34863
1454.50000,4105.33301
1455.00000,4107.09570
1455.50000,4106.77295
1456.00000,4103.48926
1456.50000,4098.86865
1457.00000,4096.68115
1457.50000,4098.83545
1458.00000,4105.42041
1458.50000,4113.97461
1459.00000,4121.40576
1459.50000,4125.00684
1460.00000,4124.28564
1460.50000,4119.65723
1461.00000,4112.08301
1461.50000,4104.20068
1462.00000,4098.70850
1462.50000,4097.75684
1463.00000,4101.38037
1463.50000,4108.69971
1464.00000,4116.46826
1464.50000,4121.89453
1465.00000,4122.41846
1465.50000,4118.38916
1466.00000,4110.85059
1466.50000,4103.36816
1467.00000,4099.43115
1467.50000,4102.79199
1468.00000,4112.38916
1468.50000,4125.06152
1469.00000,4135.16113
1469.50000,4138.96338
1470.00000,4135.61035
1470.50000,4129.98389
1471.00000,4128.43555
1471.50000,4136.72021
1472.00000,4153.03564
1472.50000,4173.40186
1473.00000,4191.56641
1473.50000,4203.37451
1474.00000,4206.45166
1474.50000,4202.84814
1475.00000,4196.31836
1475.50000,4191.08398
1476.00000,4189.55957
1476.50000,4192.59131
1477.00000,4199.32715
1477.50000,4207.58398
1478.00000,4216.24854
1478.50000,4225.30664
1479.00000,4235.57178
1479.50000,4248.10645
1480.00000,4261.81445
1480.50000,4275.15186
1481.00000,4286.40820
1481.50000,4295.30322
1482.00000,4302.37207
1482.50000,4309.49219
1483.00000,4318.48340
1483.50000,4331.69287
1484.00000,4349.17676
1484.50000,4370.07666
1485.00000,4391.64209
1485.50000,4410.75732
1486.00000,4424.84912
1486.50000,4435.13818
1487.00000,4444.69482
1487.50000,4457.77344
1488.00000,4475.91162
1488.50000,4498.46631
1489.00000,4522.85107
1489.50000,4547.35596
1490.00000,4572.32813
1490.50000,4599.01123
1491.00000,4628.01318
1491.50000,4658.47363
1492.00000,4688.15332
1492.50000,4715.69971
1493.00000,4742.60303
1493.50000,4772.32373
1494.00000,4810.53809
1494.50000,4859.04883
1495.00000,4917.70605
1495.50000,4983.20508
1496.00000,5048.83154
1496.50000,5109.34424
1497.00000,5164.63770
1497.50000,5219.68652
1498.00000,5283.21680
1498.50000,5359.67529
1499.00000,5450.37988
1499.50000,5552.42041
1500.00000,5658.91846
1500.50000,5766.30957
1501.00000,5873.51709
1501.50000,5981.28125
1502.00000,6090.81982
1502.50000,6203.13330
1503.00000,6321.51074
1503.50000,6452.16895
1504.00000,6598.33545
1504.50000,6763.13770
1505.00000,6940.22168
1505.50000,7120.24707
1506.00000,7295.92334
1506.50000,7466.66943
1507.00000,7634.62109
1507.50000,7801.54590
1508.00000,7965.56250
1508.50000,8120.13037
1509.00000,8261.14551
1509.50000,8389.76563
1510.00000,8509.12305
1510.50000,8624.40723
1511.00000,8734.61523
1511.50000,8834.80664
1512.00000,8921.17969
1512.50000,8988.31543
1513.00000,9037.41895
1513.50000,9069.13281
1514.00000,9079.11621
1514.50000,9068.26465
1515.00000,9033.75684
1515.50000,8978.33887
1516.00000,8909.44824
1516.50000,8831.11914
1517.00000,8747.19629
1517.50000,8657.05078
1518.00000,8557.02246
1518.50000,8446.30469
1519.00000,8322.68750
1519.50000,8186.93018
1520.00000,8042.36426
1520.50000,7892.11230
1521.00000,7741.94434
1521.50000,7595.47656
1522.00000,7453.46094
1522.50000,7312.39160
1523.00000,7167.80908
1523.50000,7016.83350
1524.00000,6860.27979
1524.50000,6700.92871
1525.00000,6543.63232
1525.50000,6391.86816
1526.00000,6248.27832
1526.50000,6112.52979
1527.00000,5985.18945
1527.50000,5863.78760
1528.00000,5744.63672
1528.50000,5623.88086
1529.00000,5500.47852
1529.50000,5377.24854
1530.00000,5260.25879
1530.50000,5153.29590
1531.00000,5059.27051
1531.50000,4975.44678
1532.00000,4898.37207
1532.50000,4827.46973
1533.00000,4761.96240
1533.50000,4702.38379
1534.00000,4647.67334
1534.50000,4595.19482
1535.00000,4544.32178
1535.50000,4496.69922
1536.00000,4455.23389
1536.50000,4423.11230
1537.00000,4396.28857
1537.50000,4368.98096
1538.00000,4336.18359
1538.50000,4298.25537
1539.00000,4259.29590
1539.50000,4224.87207
1540.00000,4197.35742
1540.50000,4176.40283
1541.00000,4157.83008
1541.50000,4140.65918
1542.00000,4126.34326
1542.50000,4116.18359
1543.00000,4109.97119
1543.50000,4103.50146
1544.00000,4092.56128
1544.50000,4074.20020
1545.00000,4052.35962
1545.50000,4031.72388
1546.00000,4016.43115
1546.50000,4006.94019
1547.00000,4002.10645
1547.50000,3998.36719
1548.00000,3993.65308
1548.50000,3987.48486
1549.00000,3981.22998
1549.50000,3976.49072
1550.00000,3974.01270
1550.50000,3972.88501
1551.00000,3970.61768
1551.50000,3964.70215
1552.00000,3953.98999
1552.50000,3940.45190
1553.00000,3928.17896
1553.50000,3920.53320
1554.00000,3917.44604
1554.50000,3915.98901
1555.00000,3912.18799
1555.50000,3904.70410
1556.00000,3894.98584
1556.50000,3886.08521
1557.00000,3879.45947
1557.50000,3874.74316
1558.00000,3870.16504
1558.50000,3864.92651
1559.00000,3859.78979
1559.50000,3855.98999
1560.00000,3853.41382
1560.50000,3850.27100
1561.00000,3844.81787
1561.50000,3836.38867
1562.00000,3827.02490
1562.50000,3819.42871
1563.00000,3816.83765
1563.50000,3818.49487
1564.00000,3823.30811
1564.50000,3829.22388
1565.00000,3834.50269
1565.50000,3838.06714
1566.00000,3840.05859
1566.50000,3841.13721
1567.00000,3842.25366
1567.50000,3843.88892
1568.00000,3845.88135
1568.50000,3847.63403
1569.00000,3848.83008
1569.50000,3849.61426
1570.00000,3850.45898
1570.50000,3851.24268
1571.00000,3850.91992
1571.50000,3848.82129
1572.00000,3845.08618
1572.50000,3841.53931
1573.00000,3840.26563
1573.50000,3843.10620
1574.00000,3848.63599
1574.50000,3854.54883
1575.00000,3858.55420
1575.50000,3860.14453
1576.00000,3859.55322
1576.50000,3857.86230
1577.00000,3856.06494
1577.50000,3855.18042
1578.00000,3855.78296
1578.50000,3858.04272
1579.00000,3861.01636
1579.50000,3862.67041
1580.00000,3860.74756
1580.50000,3854.75220
1581.00000,3846.30981
1581.50000,3837.77881
1582.00000,3830.59253
1582.50000,3824.89233
1583.00000,3820.51831
1583.50000,3817.84937
1584.00000,3818.83398
1584.50000,3824.00317
1585.00000,3831.04199
1585.50000,3835.00488
1586.00000,3832.37549
1586.50000,3822.04858
1587.00000,3807.31763
1587.50000,3794.16528
1588.00000,3787.05566
1588.50000,3784.87305
1589.00000,3784.08398
1589.50000,3781.05518
1590.00000,3775.70215
1590.50000,3770.41162
1591.00000,3768.63916
1591.50000,3770.65479
1592.00000,3773.63330
1592.50000,3773.21289
1593.00000,3767.08594
1593.50000,3755.51074
1594.00000,3743.39868
1594.50000,3735.73364
1595.00000,3734.74121
1595.50000,3737.95068
1596.00000,3741.31958
1596.50000,3741.00879
1597.00000,3735.83057
1597.50000,3726.73877
1598.00000,3717.09399
1598.50000,3708.99512
1599.00000,3702.89014
1599.50000,3697.95630
1600.00000,3693.28418
1600.50000,3687.97388
1601.00000,3681.30908
1601.50000,3672.68677
1602.00000,3663.31396
1602.50000,3655.66626
1603.00000,3652.85815
1603.50000,3656.04150
1604.00000,3664.79297
1604.50000,3674.35938
1605.00000,3680.85352
1605.50000,3682.81665
1606.00000,3682.65161
1606.50000,3682.52344
1607.00000,3682.48926
1607.50000,3680.12036
1608.00000,3671.07739
1608.50000,3656.99536
1609.00000,3642.27148
1609.50000,3633.35864
1610.00000,3632.53882
1610.50000,3638.68896
1611.00000,3645.56250
1611.50000,3647.91602
1612.00000,3643.47119
1612.50000,3636.24219
1613.00000,3629.96973
1613.50000,3626.98169
1614.00000,3625.87305
1614.50000,3623.42529
1615.00000,3617.55200
1615.50000,3609.31396
1616.00000,3602.24072
1616.50000,3599.56201
1617.00000,3602.77832
1617.50000,3610.10400
1618.00000,3617.19995
1618.50000,3620.05103
1619.00000,3617.80908
1619.50000,3611.64917
1620.00000,3603.55225
1620.50000,3595.96265
1621.00000,3590.32202
1621.50000,3586.93311
1622.00000,3584.80664
1622.50000,3582.38452
1623.00000,3578.04248
1623.50000,3571.36328
1624.00000,3564.14502
1624.50000,3560.36548
1625.00000,3563.62646
1625.50000,3573.96606
1626.00000,3587.33667
1626.50000,3598.05444
1627.00000,3602.31885
1627.50000,3598.99683
1628.00000,3589.65845
1628.50000,3577.48511
1629.00000,3563.54150
1629.50000,3549.08569
1630.00000,3536.10962
1630.50000,3528.59619
1631.00000,3527.87793
1631.50000,3532.44946
1632.00000,3538.19507
1632.50000,3540.83496
1633.00000,3538.46606
1633.50000,3533.24438
1634.00000,3528.86377
1634.50000,3528.28540
1635.00000,3530.67603
1635.50000,3534.25244
1636.00000,3536.75537
1636.50000,3537.05298
1637.00000,3534.37305
1637.50000,3529.38428
1638.00000,3523.13452
1638.50000,3516.88257
1639.00000,3511.86499
1639.50000,3508.98120
1640.00000,3509.01392
1640.50000,3512.13159
1641.00000,3519.19287
1641.50000,3529.48389
1642.00000,3540.77539
1642.50000,3548.62549
1643.00000,3549.94385
1643.50000,3543.76831
1644.00000,3533.71021
1644.50000,3524.61255
1645.00000,3519.28638
1645.50000,3516.33447
1646.00000,3512.91382
1646.50000,3507.26733
1647.00000,3502.07861
1647.50000,3501.13062
1648.00000,3506.11743
1648.50000,3513.95776
1649.00000,3518.91675
1649.50000,3516.64771
1650.00000,3507.76440
1650.50000,3496.31445
1651.00000,3487.42920
1651.50000,3483.78809
1652.00000,3484.77954
1652.50000,3487.73682
1653.00000,3490.44409
1653.50000,3491.90503
1654.00000,3491.89868
1654.50000,3490.45532
1655.00000,3488.55542
1655.50000,3487.96875
1656.00000,3490.48755
1656.50000,3496.09375
1657.00000,3503.16504
1657.50000,3508.36499
1658.00000,3509.33105
1658.50000,3505.42554
1659.00000,3499.64380
1659.50000,3494.31250
1660.00000,3489.90112
1660.50000,3484.93604
1661.00000,3476.99976
1661.50000,3466.21094
1662.00000,3454.90063
1662.50000,3446.98022
1663.00000,3444.25586
1663.50000,3447.09497
1664.00000,3452.62598
1664.50000,3457.52563
1665.00000,3459.22681
1665.50000,3458.51709
1666.00000,3457.02539
1666.50000,3456.86157
1667.00000,3458.69580
1667.50000,3461.75537
1668.00000,3463.57690
1668.50000,3462.33350
1669.00000,3456.59375
1669.50000,3448.14722
1670.00000,3439.08960
1670.50000,3432.33716
1671.00000,3429.23169
1671.50000,3430.27344
1672.00000,3433.69092
1672.50000,3437.35278
1673.00000,3438.96484
1673.50000,3438.15234
1674.00000,3436.19873
1674.50000,3435.69897
1675.00000,3438.24731
1675.50000,3444.13574
1676.00000,3450.79028
1676.50000,3455.40552
1677.00000,3456.29224
1677.50000,3455.00171
1678.00000,3453.18799
1678.50000,3451.70215
1679.00000,3449.61987
1679.50000,3444.96997
1680.00000,3438.30469
1680.50000,3431.93970
1681.00000,3429.32227
1681.50000,3430.97021
1682.00000,3435.10962
1682.50000,3437.50781
1683.00000,3436.10425
1683.50000,3431.30688
1684.00000,3426.53320
1684.50000,3424.07764
1685.00000,3424.11816
1685.50000,3424.10815
1686.00000,3422.37451
1686.50000,3419.74512
1687.00000,3418.52905
1687.50000,3421.15552
1688.00000,3426.28076
1688.50000,3430.61206
1689.00000,3430.49902
1689.50000,3425.60791
1690.00000,3417.03589
1690.50000,3407.50073
1691.00000,3398.43677
1691.50000,3389.52393
1692.00000,3380.00073
1692.50000,3370.20557
1693.00000,3362.09009
1693.50000,3357.79102
1694.00000,3359.07715
1694.50000,3364.60693
1695.00000,3372.17041
1695.50000,3379.38867
1696.00000,3384.70288
1696.50000,3387.40576
1697.00000,3388.24390
1697.50000,3388.68286
1698.00000,3389.84326
1698.50000,3391.80615
1699.00000,3393.50659
1699.50000,3392.61035
1700.00000,3388.66016
1700.50000,3382.27319
1701.00000,3375.71899
1701.50000,3371.02075
1702.00000,3369.13818
1702.50000,3368.46143
1703.00000,3367.40747
1703.50000,3365.58862
1704.00000,3364.34351
1704.50000,3365.53711
1705.00000,3370.12134
1705.50000,3376.61938
1706.00000,3382.88110
1706.50000,3386.79688
1707.00000,3386.93921
1707.50000,3381.71606
1708.00000,3372.03052
1708.50000,3359.51855
1709.00000,3347.75635
1709.50000,3340.33740
1710.00000,3340.90894
1710.50000,3347.76831
1711.00000,3356.93530
1711.50000,3363.94360
1712.00000,3367.46143
1712.50000,3368.53491
1713.00000,3369.69189
1713.50000,3371.47363
1714.00000,3371.24365
1714.50000,3366.59375
1715.00000,3357.16382
1715.50000,3346.08276
1716.00000,3338.35083
1716.50000,3336.85620
1717.00000,3339.66821
1717.50000,3343.13916
1718.00000,3344.36792
1718.50000,3343.97778
1719.00000,3344.08398
1719.50000,3345.90674
1720.00000,3347.96411
1720.50000,3347.59619
1721.00000,3343.71338
1721.50000,3337.87744
1722.00000,3333.47632
1722.50000,3332.17920
1723.00000,3333.84790
1723.50000,3336.70215
1724.00000,3338.85742
1724.50000,3339.33594
1725.00000,3337.97681
1725.50000,3334.41113
1726.00000,3327.74902
1726.50000,3319.13916
1727.00000,3310.90430
1727.50000,3306.23779
1728.00000,3306.23096
1728.50000,3310.69946
1729.00000,3316.63574
1729.50000,3321.37622
1730.00000,3323.47803
1730.50000,3323.99292
1731.00000,3324.08423
1731.50000,3324.63525
1732.00000,3325.49438
1732.50000,3325.78979
1733.00000,3325.12354
1733.50000,3324.00732
1734.00000,3324.07764
1734.50000,3326.75049
1735.00000,3332.50122
1735.50000,3338.99609
1736.00000,3343.01733
1736.50000,3341.05420
1737.00000,3333.76392
1737.50000,3324.03540
1738.00000,3316.65210
1738.50000,3313.71582
1739.00000,3314.93066
1739.50000,3317.02368
1740.00000,3316.68262
