280.00000,1480.70227
280.50000,1483.92859
281.00000,1487.27698
281.50000,1489.97595
282.00000,1491.82825
282.50000,1492.93665
283.00000,1493.82837
283.50000,1495.11719
284.00000,1497.08276
284.50000,1499.52771
285.00000,1502.03809
285.50000,1503.96863
286.00000,1504.86707
286.50000,1504.49475
287.00000,1502.99866
287.50000,1500.89282
288.00000,1498.70386
288.50000,1497.04871
289.00000,1496.46130
289.50000,1497.25378
290.00000,1498.89490
290.50000,1500.90771
291.00000,1502.61914
291.50000,1503.56384
292.00000,1503.30286
292.50000,1502.20374
293.00000,1500.72253
293.50000,1499.27209
294.00000,1498.12537
294.50000,1497.44153
295.00000,1497.30933
295.50000,1497.74133
296.00000,1498.94092
296.50000,1500.86377
297.00000,1503.35461
297.50000,1505.99084
298.00000,1507.98059
298.50000,1508.42175
299.00000,1506.91333
299.50000,1503.67542
300.00000,1498.96094
300.50000,1493.76831
301.00000,1489.06189
301.50000,1485.96228
302.00000,1484.68335
302.50000,1485.58044
303.00000,1488.41870
303.50000,1492.60461
304.00000,1497.56519
304.50000,1502.29407
305.00000,1506.17297
305.50000,1508.84607
306.00000,1510.58826
306.50000,1511.69922
307.00000,1512.68530
307.50000,1513.79480
308.00000,1514.79504
308.50000,1515.23364
309.00000,1514.62988
309.50000,1512.66724
310.00000,1509.69836
310.50000,1506.35315
311.00000,1503.54700
311.50000,1501.72314
312.00000,1501.20813
312.50000,1501.49902
313.00000,1502.17834
313.50000,1502.79944
314.00000,1503.32336
314.50000,1504.09631
315.00000,1505.50293
315.50000,1507.70642
316.00000,1510.60583
316.50000,1513.28662
317.00000,1514.54822
317.50000,1513.41443
318.00000,1509.90503
318.50000,1504.23926
319.00000,1497.85669
319.50000,1492.41016
320.00000,1489.87170
320.50000,1490.13782
321.00000,1492.87769
321.50000,1496.78601
322.00000,1500.33069
322.50000,1502.06812
323.00000,1501.75342
323.50000,1500.26465
324.00000,1498.74658
324.50000,1498.17358
325.00000,1499.07825
325.50000,1501.16980
326.00000,1503.45837
326.50000,1504.81104
327.00000,1504.91980
327.50000,1503.94617
328.00000,1502.43481
328.50000,1501.13293
329.00000,1500.50183
329.50000,1500.28345
330.00000,1499.88257
330.50000,1498.69763
331.00000,1496.75562
331.50000,1494.47693
332.00000,1492.89355
332.50000,1492.96484
333.00000,1495.19031
333.50000,1499.07153
334.00000,1503.60535
334.50000,1507.52747
335.00000,1509.95801
335.50000,1510.41577
336.00000,1509.48792
336.50000,1508.27917
337.00000,1507.64270
337.50000,1507.93591
338.00000,1508.88281
338.50000,1509.52466
339.00000,1508.73083
339.50000,1505.81763
340.00000,1500.75806
340.50000,1494.62329
341.00000,1488.89661
341.50000,1485.46350
342.00000,1485.84460
342.50000,1491.17859
343.00000,1499.94250
343.50000,1510.81006
344.00000,1521.53894
344.50000,1530.10901
345.00000,1534.19336
345.50000,1534.19678
346.00000,1531.46680
346.50000,1527.64478
347.00000,1524.63269
347.50000,1523.58923
348.00000,1524.64624
348.50000,1526.55688
349.00000,1527.67725
349.50000,1527.09900
350.00000,1524.70605
350.50000,1521.02527
351.00000,1517.41284
351.50000,1515.18127
352.00000,1514.70410
352.50000,1515.35864
353.00000,1516.36084
353.50000,1516.88574
354.00000,1516.61609
354.50000,1515.75610
355.00000,1515.12671
355.50000,1515.39893
356.00000,1516.70837
356.50000,1518.70776
357.00000,1520.92261
357.50000,1522.84033
358.00000,1524.20789
358.50000,1525.08411
359.00000,1525.64441
359.50000,1525.71680
360.00000,1524.95654
360.50000,1523.04102
361.00000,1519.46130
361.50000,1514.78430
362.00000,1510.02051
362.50000,1506.47009
363.00000,1504.89148
363.50000,1505.94556
364.00000,1509.11584
364.50000,1513.25476
365.00000,1516.57166
365.50000,1517.95959
366.00000,1516.75562
366.50000,1513.02905
367.00000,1507.96387
367.50000,1502.91614
368.00000,1499.50183
368.50000,1498.36792
369.00000,1499.70374
369.50000,1502.17603
370.00000,1504.58508
370.50000,1505.66345
371.00000,1504.98108
371.50000,1502.79407
372.00000,1500.50757
372.50000,1499.13855
373.00000,1499.46533
373.50000,1501.02783
374.00000,1503.16064
374.50000,1504.89929
375.00000,1505.89087
375.50000,1506.44202
376.00000,1507.20496
376.50000,1508.52258
377.00000,1510.24634
377.50000,1511.57043
378.00000,1511.29907
378.50000,1509.11523
379.00000,1505.74829
379.50000,1502.31860
380.00000,1499.98438
380.50000,1499.27625
381.00000,1500.01257
381.50000,1500.85486
382.00000,1500.70251
382.50000,1499.35986
383.00000,1497.48279
383.50000,1496.15808
384.00000,1496.14099
384.50000,1497.58618
385.00000,1499.68420
385.50000,1501.20752
386.00000,1501.47229
386.50000,1500.68274
387.00000,1499.62219
387.50000,1499.32471
388.00000,1500.24390
388.50000,1502.08337
389.00000,1503.93335
389.50000,1505.08545
390.00000,1505.16516
390.50000,1504.45801
391.00000,1503.47131
391.50000,1502.60803
392.00000,1501.79639
392.50000,1500.73120
393.00000,1499.21497
393.50000,1497.47070
394.00000,1496.01526
394.50000,1495.38745
395.00000,1495.78174
395.50000,1496.79395
396.00000,1497.58765
396.50000,1497.65466
397.00000,1496.94702
397.50000,1495.99182
398.00000,1495.46082
398.50000,1495.61914
399.00000,1495.93103
399.50000,1495.29919
400.00000,1493.17078
400.50000,1489.45825
401.00000,1485.11792
401.50000,1481.68372
402.00000,1481.31543
402.50000,1484.01440
403.00000,1488.95581
403.50000,1494.70459
404.00000,1499.56726
404.50000,1502.39417
405.00000,1502.90344
405.50000,1501.75354
406.00000,1499.55713
406.50000,1496.80042
407.00000,1493.47827
407.50000,1489.44507
408.00000,1484.98987
408.50000,1480.74463
409.00000,1477.82690
409.50000,1476.78442
410.00000,1477.95093
410.50000,1480.39868
411.00000,1483.24316
411.50000,1485.61877
412.00000,1487.32092
412.50000,1488.80469
413.00000,1491.03552
413.50000,1494.50940
414.00000,1499.42773
414.50000,1504.91870
415.00000,1510.01404
415.50000,1513.57568
416.00000,1515.20789
416.50000,1514.97253
417.00000,1513.64246
417.50000,1511.86963
418.00000,1509.99817
418.50000,1508.09473
419.00000,1506.00073
419.50000,1503.59338
420.00000,1501.18274
420.50000,1499.47620
421.00000,1499.15491
421.50000,1500.55554
422.00000,1503.90991
422.50000,1508.15161
423.00000,1512.02551
423.50000,1514.02356
424.00000,1513.84094
424.50000,1511.57678
425.00000,1508.57043
425.50000,1506.22522
426.00000,1506.10522
426.50000,1508.34485
427.00000,1512.34607
427.50000,1516.43860
428.00000,1519.23853
428.50000,1519.59937
429.00000,1517.76416
429.50000,1514.49609
430.00000,1510.94360
430.50000,1508.25842
431.00000,1506.89001
431.50000,1506.56470
432.00000,1506.59302
432.50000,1506.25415
433.00000,1505.11975
433.50000,1503.13025
434.00000,1500.65881
434.50000,1498.60571
435.00000,1497.83118
435.50000,1498.83118
436.00000,1501.42786
436.50000,1505.22705
437.00000,1509.08057
437.50000,1511.91150
438.00000,1512.86902
438.50000,1512.33691
439.00000,1510.68359
439.50000,1508.53186
440.00000,1506.23669
440.50000,1503.79236
441.00000,1501.15344
441.50000,1498.62561
442.00000,1497.19702
442.50000,1497.67896
443.00000,1500.83472
443.50000,1506.04163
444.00000,1511.78088
444.50000,1515.69641
445.00000,1516.31384
445.50000,1513.57385
446.00000,1509.10181
446.50000,1505.17847
447.00000,1503.57678
447.50000,1504.39746
448.00000,1506.42505
448.50000,1507.50488
449.00000,1506.25073
449.50000,1502.88403
450.00000,1498.94043
450.50000,1496.20862
451.00000,1496.07202
451.50000,1498.16760
452.00000,1501.19202
452.50000,1503.11072
453.00000,1503.10583
453.50000,1501.37830
454.00000,1499.09155
454.50000,1497.51001
455.00000,1497.58972
455.50000,1499.12122
456.00000,1501.35620
456.50000,1503.14490
457.00000,1503.91089
457.50000,1503.46191
458.00000,1502.06860
458.50000,1500.22815
459.00000,1498.30310
459.50000,1496.55029
460.00000,1495.06567
460.50000,1493.81860
461.00000,1492.65698
461.50000,1491.44141
462.00000,1490.02832
462.50000,1488.35168
463.00000,1486.34290
463.50000,1484.09387
464.00000,1481.69885
464.50000,1479.28931
465.00000,1477.00708
465.50000,1475.07568
466.00000,1473.75342
466.50000,1473.24133
467.00000,1473.95825
467.50000,1475.85400
468.00000,1478.81628
468.50000,1482.49878
469.00000,1486.33411
469.50000,1489.74060
470.00000,1492.16003
470.50000,1493.26819
471.00000,1492.59631
471.50000,1490.66907
472.00000,1488.23584
472.50000,1486.31628
473.00000,1485.50598
473.50000,1486.04468
474.00000,1487.21973
474.50000,1487.96118
475.00000,1486.72205
475.50000,1483.16870
476.00000,1477.82336
476.50000,1472.14514
477.00000,1467.70313
477.50000,1465.95374
478.00000,1466.98254
478.50000,1470.03284
479.00000,1473.77893
479.50000,1476.39746
480.00000,1476.73889
480.50000,1474.42456
481.00000,1470.15552
481.50000,1464.70984
482.00000,1459.43896
482.50000,1455.44275
483.00000,1454.04712
483.50000,1455.26270
484.00000,1458.88074
484.50000,1464.16028
485.00000,1470.06006
485.50000,1475.69397
486.00000,1480.45032
486.50000,1484.05359
487.00000,1486.32043
487.50000,1487.67944
488.00000,1488.36926
488.50000,1488.62085
489.00000,1488.59436
489.50000,1488.25049
490.00000,1487.53638
490.50000,1486.28674
491.00000,1484.20935
491.50000,1481.35901
492.00000,1477.85437
492.50000,1474.08789
493.00000,1470.53052
493.50000,1467.81116
494.00000,1466.20825
494.50000,1465.94177
495.00000,1467.07202
495.50000,1468.94763
496.00000,1470.80481
496.50000,1471.76672
497.00000,1471.26514
497.50000,1468.71375
498.00000,1464.81555
498.50000,1460.47705
499.00000,1457.22156
499.50000,1456.08301
500.00000,1457.51416
500.50000,1460.65845
501.00000,1464.22900
501.50000,1466.67627
502.00000,1467.30640
502.50000,1465.92358
503.00000,1463.20410
503.50000,1460.54578
504.00000,1459.22900
504.50000,1459.77759
505.00000,1462.13025
505.50000,1466.03943
506.00000,1470.40027
506.50000,1474.25488
507.00000,1476.56494
507.50000,1476.94409
508.00000,1475.39319
508.50000,1472.88892
509.00000,1470.41760
509.50000,1468.95361
510.00000,1468.57874
510.50000,1468.87012
511.00000,1468.74646
511.50000,1467.28589
512.00000,1464.27844
512.50000,1460.96350
513.00000,1458.90515
513.50000,1460.04077
514.00000,1464.52759
514.50000,1472.01221
515.00000,1480.53979
515.50000,1487.53015
516.00000,1490.22424
516.50000,1488.35974
517.00000,1482.34351
517.50000,1473.27551
518.00000,1463.41235
518.50000,1454.53455
519.00000,1448.07227
519.50000,1444.65405
520.00000,1445.23010
520.50000,1448.82910
521.00000,1454.89453
521.50000,1462.47302
522.00000,1469.96631
522.50000,1475.62891
523.00000,1478.02002
523.50000,1476.65820
524.00000,1471.10193
524.50000,1464.00073
525.00000,1457.64685
525.50000,1454.43787
526.00000,1454.93188
526.50000,1458.96082
527.00000,1464.31165
527.50000,1468.56104
528.00000,1468.88904
528.50000,1465.38269
529.00000,1459.29797
529.50000,1452.84192
530.00000,1447.94885
530.50000,1445.88269
531.00000,1446.14905
531.50000,1447.50610
532.00000,1448.40784
532.50000,1447.89832
533.00000,1445.92957
533.50000,1443.24292
534.00000,1440.75806
534.50000,1439.21704
535.00000,1438.75671
535.50000,1439.16870
536.00000,1440.10144
536.50000,1440.99487
537.00000,1441.45996
537.50000,1441.35059
538.00000,1440.82092
538.50000,1440.13770
539.00000,1439.70740
539.50000,1439.82458
540.00000,1440.65955
540.50000,1441.85217
541.00000,1442.81384
541.50000,1442.79919
542.00000,1441.53308
542.50000,1438.84851
543.00000,1435.39954
543.50000,1431.91333
544.00000,1429.33167
544.50000,1428.15845
545.00000,1428.84802
545.50000,1431.20618
546.00000,1434.38293
546.50000,1437.38770
547.00000,1439.31543
547.50000,1439.53821
548.00000,1437.72803
548.50000,1434.56494
549.00000,1430.77954
549.50000,1427.43164
550.00000,1425.28735
550.50000,1424.89697
551.00000,1425.79553
551.50000,1427.59338
552.00000,1429.77051
552.50000,1431.83655
553.00000,1433.47290
553.50000,1434.59106
554.00000,1435.25781
554.50000,1435.50964
555.00000,1435.54517
555.50000,1435.37268
556.00000,1434.93823
556.50000,1434.25183
557.00000,1433.38745
557.50000,1432.62927
558.00000,1432.29907
558.50000,1432.76257
559.00000,1433.70703
559.50000,1434.41956
560.00000,1433.93701
560.50000,1431.85339
561.00000,1428.10815
561.50000,1423.80347
562.00000,1420.25647
562.50000,1419.05139
563.00000,1420.30481
563.50000,1423.57935
564.00000,1427.27832
564.50000,1430.02551
565.00000,1430.76099
565.50000,1429.62451
566.00000,1427.12500
566.50000,1423.90637
567.00000,1420.73352
567.50000,1418.09229
568.00000,1416.36365
568.50000,1415.59277
569.00000,1415.87891
569.50000,1416.75647
570.00000,1417.68994
570.50000,1418.05469
571.00000,1417.70972
571.50000,1416.91199
572.00000,1416.45374
572.50000,1417.09229
573.00000,1419.18921
573.50000,1421.89746
574.00000,1424.22461
574.50000,1425.15710
575.00000,1424.70422
575.50000,1423.38770
576.00000,1422.38684
576.50000,1422.56091
577.00000,1424.34680
577.50000,1426.56885
578.00000,1427.77612
578.50000,1426.50378
579.00000,1422.62500
579.50000,1416.38757
580.00000,1409.27893
580.50000,1402.87231
581.00000,1399.02551
581.50000,1398.11755
582.00000,1400.23499
582.50000,1404.36438
583.00000,1408.95361
583.50000,1412.70959
584.00000,1414.85510
584.50000,1415.29297
585.00000,1414.10999
585.50000,1412.23633
586.00000,1410.24158
586.50000,1408.53699
587.00000,1407.14563
587.50000,1406.03162
588.00000,1405.21667
588.50000,1404.89038
589.00000,1405.48755
589.50000,1407.03516
590.00000,1409.52319
590.50000,1412.58691
591.00000,1415.69702
591.50000,1418.39746
592.00000,1420.62939
592.50000,1422.49878
593.00000,1424.07776
593.50000,1425.38672
594.00000,1426.19690
594.50000,1426.24683
595.00000,1425.49976
595.50000,1423.96875
596.00000,1422.10339
596.50000,1420.30334
597.00000,1418.83301
597.50000,1417.62634
598.00000,1416.55347
598.50000,1415.47949
599.00000,1414.39429
599.50000,1413.40857
600.00000,1412.59998
600.50000,1411.95361
601.00000,1411.34387
601.50000,1410.67725
602.00000,1410.08264
602.50000,1409.86023
603.00000,1410.21301
603.50000,1411.18848
604.00000,1412.23535
604.50000,1412.66553
605.00000,1411.77747
605.50000,1409.70056
606.00000,1407.06384
606.50000,1405.10510
607.00000,1404.49060
607.50000,1405.39185
608.00000,1406.65771
608.50000,1407.09741
609.00000,1405.69165
609.50000,1402.66699
610.00000,1398.83435
610.50000,1395.64465
611.00000,1394.07605
611.50000,1394.40112
612.00000,1395.45544
612.50000,1396.31848
613.00000,1396.37073
613.50000,1395.80554
614.00000,1395.19238
614.50000,1395.13293
615.00000,1395.74744
615.50000,1396.65576
616.00000,1397.04773
616.50000,1396.32214
617.00000,1394.40295
617.50000,1391.75635
618.00000,1388.84644
618.50000,1386.16357
619.00000,1384.01294
619.50000,1382.79968
620.00000,1382.64856
620.50000,1383.88440
621.00000,1386.47119
621.50000,1389.69055
622.00000,1392.42590
622.50000,1393.68835
623.00000,1392.94824
623.50000,1390.15076
624.00000,1386.44470
624.50000,1382.91016
625.00000,1380.47607
625.50000,1379.30383
626.00000,1379.21179
626.50000,1379.42603
627.00000,1379.59448
627.50000,1379.84680
628.00000,1380.53528
628.50000,1381.97302
629.00000,1383.94385
629.50000,1385.78406
630.00000,1386.39636
630.50000,1385.27795
631.00000,1382.32703
631.50000,1378.19360
632.00000,1374.30652
632.50000,1371.85510
633.00000,1371.25696
633.50000,1372.11304
634.00000,1373.69702
634.50000,1374.93030
635.00000,1375.22375
635.50000,1374.54126
636.00000,1373.56848
636.50000,1373.16797
637.00000,1373.90625
637.50000,1375.65466
638.00000,1378.04846
638.50000,1380.41956
639.00000,1382.45959
639.50000,1384.17029
640.00000,1385.78345
640.50000,1387.36609
641.00000,1388.64233
641.50000,1389.07361
642.00000,1387.70923
642.50000,1384.69873
643.00000,1380.48535
643.50000,1376.07935
644.00000,1372.44360
644.50000,1370.37122
645.00000,1369.77466
645.50000,1370.27319
646.00000,1371.45471
646.50000,1372.82043
647.00000,1374.18982
647.50000,1375.44031
648.00000,1376.44373
648.50000,1376.93640
649.00000,1376.84375
649.50000,1376.18970
650.00000,1375.06470
650.50000,1373.69385
651.00000,1372.11511
651.50000,1370.34216
652.00000,1368.50500
652.50000,1367.10583
653.00000,1366.88574
653.50000,1368.51172
654.00000,1372.31396
654.50000,1377.32715
655.00000,1382.28650
655.50000,1385.64771
656.00000,1386.55945
656.50000,1384.24023
657.00000,1379.64661
657.50000,1373.59204
658.00000,1366.99915
658.50000,1360.69104
659.00000,1355.28784
659.50000,1351.21838
660.00000,1348.73169
660.50000,1348.32861
661.00000,1349.41797
661.50000,1351.39990
662.00000,1353.32202
662.50000,1354.42834
663.00000,1354.27759
663.50000,1353.23450
664.00000,1352.04456
664.50000,1351.73499
665.00000,1352.70386
665.50000,1355.15991
666.00000,1358.89514
666.50000,1363.22546
667.00000,1367.44019
667.50000,1370.78735
668.00000,1372.75183
668.50000,1372.72705
669.00000,1371.17249
669.50000,1368.52429
670.00000,1365.67859
670.50000,1363.45166
671.00000,1362.45642
671.50000,1362.61572
672.00000,1363.57739
672.50000,1364.81848
673.00000,1365.72229
673.50000,1365.80554
674.00000,1364.78528
674.50000,1362.71790
675.00000,1359.51648
675.50000,1355.47620
676.00000,1350.91113
676.50000,1346.33276
677.00000,1342.41272
677.50000,1340.04260
678.00000,1339.91943
678.50000,1342.04089
679.00000,1346.27991
679.50000,1351.28918
680.00000,1355.80115
680.50000,1358.55066
681.00000,1359.45605
681.50000,1358.81116
682.00000,1357.67712
682.50000,1356.69043
683.00000,1355.82532
683.50000,1354.53357
684.00000,1352.31934
684.50000,1349.16443
685.00000,1345.95984
685.50000,1343.97852
686.00000,1344.12488
686.50000,1346.30139
687.00000,1349.77905
687.50000,1352.83350
688.00000,1354.34985
688.50000,1354.06848
689.00000,1352.94775
689.50000,1352.12952
690.00000,1352.55151
690.50000,1354.41687
691.00000,1357.62244
691.50000,1361.26318
692.00000,1364.75305
692.50000,1367.68176
693.00000,1370.02380
693.50000,1371.65613
694.00000,1372.50879
694.50000,1372.35718
695.00000,1370.66016
695.50000,1367.64929
696.00000,1363.68396
696.50000,1359.76245
697.00000,1356.99817
697.50000,1356.56274
698.00000,1358.33167
698.50000,1361.35059
699.00000,1363.82129
699.50000,1364.11938
700.00000,1361.53174
700.50000,1357.23096
701.00000,1353.39758
701.50000,1352.34937
702.00000,1354.47729
702.50000,1358.72314
703.00000,1362.74475
703.50000,1364.39246
704.00000,1362.58215
704.50000,1358.37451
705.00000,1354.12598
705.50000,1352.37952
706.00000,1353.68433
706.50000,1356.91687
707.00000,1360.05505
707.50000,1361.70715
708.00000,1361.70923
708.50000,1361.37390
709.00000,1362.17297
709.50000,1365.15149
710.00000,1369.33105
710.50000,1373.03357
711.00000,1374.13879
711.50000,1372.19312
712.00000,1367.66736
712.50000,1362.81445
713.00000,1359.69885
713.50000,1359.98389
714.00000,1362.92212
714.50000,1367.40796
715.00000,1371.82104
715.50000,1375.00012
716.00000,1376.28101
716.50000,1375.93921
717.00000,1374.51758
717.50000,1372.25220
718.00000,1369.42212
718.50000,1365.93823
719.00000,1361.80371
719.50000,1357.45508
720.00000,1353.54675
720.50000,1350.70630
721.00000,1349.22949
721.50000,1349.30774
722.00000,1350.23975
722.50000,1351.51660
723.00000,1352.68555
723.50000,1353.64795
724.00000,1354.57031
724.50000,1355.69446
725.00000,1357.06323
725.50000,1358.40771
726.00000,1359.30188
726.50000,1359.39307
727.00000,1358.64282
727.50000,1357.39307
728.00000,1355.99548
728.50000,1354.73511
729.00000,1353.61084
729.50000,1352.34888
730.00000,1350.62561
730.50000,1348.14136
731.00000,1344.90100
731.50000,1341.26941
732.00000,1337.87720
732.50000,1335.46826
733.00000,1334.66016
733.50000,1336.08398
734.00000,1339.35779
734.50000,1344.11267
735.00000,1349.35986
735.50000,1354.07654
736.00000,1357.12817
736.50000,1358.26318
737.00000,1357.49634
737.50000,1355.26294
738.00000,1352.65649
738.50000,1350.73071
739.00000,1350.38721
739.50000,1351.79285
740.00000,1354.69849
740.50000,1357.75757
741.00000,1359.65820
741.50000,1359.19678
742.00000,1356.57764
742.50000,1352.56934
743.00000,1348.90247
743.50000,1346.90942
744.00000,1347.59375
744.50000,1349.85388
745.00000,1352.32483
745.50000,1353.42151
746.00000,1352.70691
746.50000,1350.72803
747.00000,1349.01990
747.50000,1348.66101
748.00000,1350.30969
748.50000,1353.04651
749.00000,1355.86475
749.50000,1357.64612
750.00000,1357.93958
750.50000,1356.40515
751.00000,1353.40198
751.50000,1349.30310
752.00000,1344.48242
752.50000,1339.74597
753.00000,1336.02258
753.50000,1334.30005
754.00000,1334.59485
754.50000,1336.65588
755.00000,1339.20679
755.50000,1341.16907
756.00000,1341.72498
756.50000,1341.21863
757.00000,1340.30029
757.50000,1339.84326
758.00000,1340.21411
758.50000,1341.32568
759.00000,1342.44971
759.50000,1342.96790
760.00000,1342.52869
760.50000,1341.61523
761.00000,1341.07104
761.50000,1341.80481
762.00000,1344.15454
762.50000,1348.25586
763.00000,1353.12939
763.50000,1357.70288
764.00000,1360.61084
764.50000,1361.25549
765.00000,1359.11353
765.50000,1354.72034
766.00000,1349.15100
766.50000,1343.58740
767.00000,1339.07385
767.50000,1336.21667
768.00000,1335.21289
768.50000,1335.41614
769.00000,1336.31653
769.50000,1337.44958
770.00000,1338.71375
770.50000,1340.38708
771.00000,1342.67334
771.50000,1345.65210
772.00000,1348.95776
772.50000,1351.81897
773.00000,1353.20325
773.50000,1352.61523
774.00000,1350.24609
774.50000,1346.78552
775.00000,1343.78052
775.50000,1342.56421
776.00000,1343.98242
776.50000,1347.32996
777.00000,1351.32800
777.50000,1354.16418
778.00000,1354.60498
778.50000,1351.72168
779.00000,1346.77112
779.50000,1341.23413
780.00000,1337.14075
780.50000,1335.66333
781.00000,1337.54041
781.50000,1341.54749
782.00000,1346.14600
782.50000,1349.68506
783.00000,1351.64514
783.50000,1352.29907
784.00000,1352.81616
784.50000,1354.17590
785.00000,1356.65930
785.50000,1359.36389
786.00000,1361.17871
786.50000,1360.99097
787.00000,1358.98767
787.50000,1355.64673
788.00000,1351.98706
788.50000,1348.78577
789.00000,1346.58606
789.50000,1345.35486
790.00000,1345.13892
790.50000,1346.14404
791.00000,1348.20789
791.50000,1351.14136
792.00000,1354.20154
792.50000,1356.56042
793.00000,1357.42798
793.50000,1357.06726
794.00000,1355.99060
794.50000,1354.96765
795.00000,1354.51196
795.50000,1354.81372
796.00000,1355.61365
796.50000,1356.56824
797.00000,1357.39954
797.50000,1357.99536
798.00000,1358.31628
798.50000,1358.41931
799.00000,1358.53625
799.50000,1359.09851
800.00000,1360.53271
800.50000,1363.00037
801.00000,1366.36511
801.50000,1369.62927
802.00000,1371.82031
802.50000,1372.16199
803.00000,1370.82275
803.50000,1368.13989
804.00000,1364.98169
804.50000,1361.91699
805.00000,1359.28235
805.50000,1357.07947
806.00000,1355.45068
806.50000,1354.67334
807.00000,1354.90442
807.50000,1356.36597
808.00000,1358.64197
808.50000,1361.19995
809.00000,1363.46838
809.50000,1365.22473
810.00000,1366.49634
810.50000,1367.49243
811.00000,1368.33997
811.50000,1368.93604
812.00000,1369.18298
812.50000,1369.05774
813.00000,1368.68933
813.50000,1368.39246
814.00000,1368.46643
814.50000,1369.07654
815.00000,1370.15955
815.50000,1371.58203
816.00000,1372.98926
816.50000,1374.05042
817.00000,1374.44495
817.50000,1374.27454
818.00000,1373.86633
818.50000,1373.88403
819.00000,1374.82898
819.50000,1376.95605
820.00000,1379.58289
820.50000,1381.92212
821.00000,1383.21545
821.50000,1383.53040
822.00000,1383.36572
822.50000,1383.61243
823.00000,1384.79749
823.50000,1387.14819
824.00000,1390.02881
824.50000,1392.90247
825.00000,1395.32666
825.50000,1397.18958
826.00000,1398.23535
826.50000,1398.16162
827.00000,1396.64929
827.50000,1393.27832
828.00000,1389.00378
828.50000,1385.20020
829.00000,1383.60718
829.50000,1384.74915
830.00000,1388.47803
830.50000,1392.96973
831.00000,1396.42749
831.50000,1397.20068
832.00000,1395.72070
832.50000,1392.92261
833.00000,1390.38367
833.50000,1389.11511
834.00000,1389.49585
834.50000,1390.73889
835.00000,1392.00830
835.50000,1392.75183
836.00000,1393.24524
836.50000,1394.18042
837.00000,1396.23828
837.50000,1399.34985
838.00000,1402.82336
838.50000,1405.42078
839.00000,1406.39124
839.50000,1405.66528
840.00000,1404.55688
840.50000,1404.58582
841.00000,1406.92871
841.50000,1411.51404
842.00000,1417.69177
842.50000,1423.81763
843.00000,1428.69226
843.50000,1431.47412
844.00000,1432.51038
844.50000,1431.98523
845.00000,1430.24915
845.50000,1427.52820
846.00000,1423.82898
846.50000,1419.80371
847.00000,1416.36816
847.50000,1414.86548
848.00000,1415.84912
848.50000,1419.73645
849.00000,1425.56238
849.50000,1431.91357
850.00000,1437.30750
850.50000,1441.04358
851.00000,1442.93164
851.50000,1443.43188
852.00000,1443.57971
852.50000,1444.17065
853.00000,1445.47791
853.50000,1447.16125
854.00000,1448.42908
854.50000,1448.75415
855.00000,1448.09546
855.50000,1447.22083
856.00000,1447.23438
856.50000,1449.14319
857.00000,1452.69019
857.50000,1456.79016
858.00000,1459.73376
858.50000,1460.64539
859.00000,1459.41125
859.50000,1457.15527
860.00000,1455.47876
860.50000,1455.63098
861.00000,1457.54443
861.50000,1460.52649
862.00000,1463.68066
862.50000,1466.37170
863.00000,1468.48743
863.50000,1470.33997
864.00000,1472.32605
864.50000,1474.74365
865.00000,1477.59106
865.50000,1480.77246
866.00000,1484.15027
866.50000,1487.50452
867.00000,1490.61157
867.50000,1493.26794
868.00000,1495.42468
868.50000,1497.05640
869.00000,1498.41187
869.50000,1499.69421
870.00000,1501.05371
870.50000,1502.48083
871.00000,1503.81946
871.50000,1504.77600
872.00000,1505.08386
872.50000,1504.32043
873.00000,1502.63586
873.50000,1500.42798
874.00000,1498.65820
874.50000,1498.34265
875.00000,1500.53223
875.50000,1505.16467
876.00000,1511.18286
876.50000,1516.89612
877.00000,1520.72546
877.50000,1521.77356
878.00000,1520.13110
878.50000,1517.25879
879.00000,1514.41431
879.50000,1512.34814
880.00000,1510.83740
880.50000,1508.92297
881.00000,1505.77173
881.50000,1501.05334
882.00000,1495.34241
882.50000,1489.92175
883.00000,1486.20056
883.50000,1484.80872
884.00000,1485.57751
884.50000,1488.02136
885.00000,1490.85046
885.50000,1493.12195
886.00000,1493.98804
886.50000,1493.20459
887.00000,1490.53027
887.50000,1486.62378
888.00000,1482.33716
888.50000,1478.78784
889.00000,1476.60962
889.50000,1476.11938
890.00000,1476.94751
890.50000,1478.31750
891.00000,1479.71570
891.50000,1481.00146
892.00000,1482.34436
892.50000,1483.85583
893.00000,1485.15259
893.50000,1485.30322
894.00000,1483.29700
894.50000,1478.94043
895.00000,1472.43811
895.50000,1465.38989
896.00000,1459.22815
896.50000,1455.17896
897.00000,1453.04675
897.50000,1452.39722
898.00000,1452.43042
898.50000,1452.74805
899.00000,1453.51855
899.50000,1454.90613
900.00000,1456.89539
900.50000,1459.03162
901.00000,1460.60645
901.50000,1460.95593
902.00000,1460.06104
902.50000,1458.52100
903.00000,1457.35266
903.50000,1457.43750
904.00000,1459.26868
904.50000,1462.66455
905.00000,1466.46375
905.50000,1469.28064
906.00000,1470.07349
906.50000,1468.74597
907.00000,1465.82019
907.50000,1463.08264
908.00000,1462.02759
908.50000,1463.57898
909.00000,1467.01575
909.50000,1471.04736
910.00000,1473.96802
910.50000,1474.92212
911.00000,1473.71680
911.50000,1471.82202
912.00000,1470.60266
912.50000,1471.09973
913.00000,1473.15710
913.50000,1476.20459
914.00000,1479.15161
914.50000,1481.28052
915.00000,1482.08997
915.50000,1481.91675
916.00000,1481.07410
916.50000,1480.08154
917.00000,1479.42249
917.50000,1479.57959
918.00000,1480.57581
918.50000,1482.09082
919.00000,1483.30872
919.50000,1483.36975
920.00000,1481.62427
920.50000,1478.46802
921.00000,1475.36145
921.50000,1474.65735
922.00000,1477.76697
922.50000,1485.04810
923.00000,1495.45874
923.50000,1505.93005
924.00000,1513.50598
924.50000,1516.38110
925.00000,1514.99097
925.50000,1510.47217
926.00000,1505.50110
926.50000,1501.65027
927.00000,1499.49927
927.50000,1498.15295
928.00000,1496.67090
928.50000,1494.68396
929.00000,1492.86401
929.50000,1492.91748
930.00000,1495.73315
930.50000,1501.46094
931.00000,1508.78174
931.50000,1515.15991
932.00000,1517.91077
932.50000,1515.96594
933.00000,1510.18799
933.50000,1502.48975
934.00000,1496.10120
934.50000,1493.36694
935.00000,1495.50488
935.50000,1501.26477
936.00000,1509.35547
936.50000,1517.94067
937.00000,1526.13672
937.50000,1533.77893
938.00000,1541.28223
938.50000,1548.78271
939.00000,1555.98694
939.50000,1562.46985
940.00000,1567.90552
940.50000,1572.82068
941.00000,1578.11902
941.50000,1584.94690
942.00000,1593.28357
942.50000,1602.46191
943.00000,1610.97192
943.50000,1617.68616
944.00000,1622.10535
944.50000,1625.68481
945.00000,1630.51355
945.50000,1639.32813
946.00000,1652.58008
946.50000,1670.03442
947.00000,1689.51660
947.50000,1708.34229
948.00000,1723.87280
948.50000,1735.42188
949.00000,1743.10278
949.50000,1747.32605
950.00000,1749.62537
950.50000,1750.81165
951.00000,1751.80042
951.50000,1753.22876
952.00000,1755.54797
952.50000,1758.50549
953.00000,1761.61743
953.50000,1764.28271
954.00000,1766.41089
954.50000,1768.42920
955.00000,1771.17310
955.50000,1775.13879
956.00000,1780.44531
956.50000,1786.10950
957.00000,1791.17957
957.50000,1794.93555
958.00000,1797.64783
958.50000,1799.86658
959.00000,1802.28235
959.50000,1805.10706
960.00000,1808.10095
960.50000,1810.68787
961.00000,1812.27246
961.50000,1812.19958
962.00000,1810.20557
962.50000,1805.56140
963.00000,1798.31396
963.50000,1789.00635
964.00000,1778.45984
964.50000,1768.18066
965.00000,1759.19519
965.50000,1751.96790
966.00000,1745.99170
966.50000,1740.64636
967.00000,1735.06323
967.50000,1728.57361
968.00000,1720.21338
968.50000,1709.77222
969.00000,1697.05334
969.50000,1682.91516
970.00000,1669.16809
970.50000,1658.22412
971.00000,1651.23645
971.50000,1648.10657
972.00000,1647.84412
972.50000,1648.22253
973.00000,1648.28906
973.50000,1648.36621
974.00000,1649.53528
974.50000,1653.00403
975.00000,1658.23755
975.50000,1663.82898
976.00000,1667.75964
976.50000,1669.33350
977.00000,1668.95190
977.50000,1668.56482
978.00000,1670.04956
978.50000,1674.83020
979.00000,1681.77905
979.50000,1689.02417
980.00000,1694.13574
980.50000,1696.25146
981.00000,1695.51245
981.50000,1693.78516
982.00000,1693.00647
982.50000,1694.81067
983.00000,1698.92334
983.50000,1704.83765
984.00000,1712.17297
984.50000,1720.80029
985.00000,1731.23975
985.50000,1743.12903
986.00000,1755.10364
986.50000,1764.71582
987.00000,1771.01721
987.50000,1774.59387
988.00000,1778.50806
988.50000,1786.25488
989.00000,1800.64490
989.50000,1820.36084
990.00000,1841.93030
990.50000,1861.13000
991.00000,1876.57288
991.50000,1889.31018
992.00000,1902.70483
992.50000,1919.43152
993.00000,1940.62280
993.50000,1964.16040
994.00000,1987.54480
994.50000,2009.00647
995.00000,2029.38403
995.50000,2050.64844
996.00000,2075.05542
996.50000,2103.12549
997.00000,2134.80200
997.50000,2168.35962
998.00000,2202.55835
998.50000,2236.76904
999.00000,2271.00659
999.50000,2305.65137
1000.00000,2340.99243
1000.50000,2376.72388
1001.00000,2411.51416
1001.50000,2443.21021
1002.00000,2469.17871
1002.50000,2485.96558
1003.00000,2494.32300
1003.50000,2494.99194
1004.00000,2491.14526
1004.50000,2485.76196
1005.00000,2479.42773
1005.50000,2470.78662
1006.00000,2457.38574
1006.50000,2436.95703
1007.00000,2411.35815
1007.50000,2383.23267
1008.00000,2356.13696
1008.50000,2331.45703
1009.00000,2308.18994
1009.50000,2283.16626
1010.00000,2253.89307
1010.50000,2219.71167
1011.00000,2183.60278
1011.50000,2149.24219
1012.00000,2119.39478
1012.50000,2094.13428
1013.00000,2072.19653
1013.50000,2050.45874
1014.00000,2027.39880
1014.50000,2003.18835
1015.00000,1979.56262
1015.50000,1958.53564
1016.00000,1940.64954
1016.50000,1925.01917
1017.00000,1910.32446
1017.50000,1895.38794
1018.00000,1880.53125
1018.50000,1867.41089
1019.00000,1857.51794
1019.50000,1852.26892
1020.00000,1850.60010
1020.50000,1850.47644
1021.00000,1849.29492
1021.50000,1845.47620
1022.00000,1838.40857
1022.50000,1828.91333
1023.00000,1818.75830
1023.50000,1809.53259
1024.00000,1802.03906
1024.50000,1796.28223
1025.00000,1791.90906
1025.50000,1787.99158
1026.00000,1784.06702
1026.50000,1779.96204
1027.00000,1775.75208
1027.50000,1771.44910
1028.00000,1766.89746
1028.50000,1761.83508
1029.00000,1756.04382
1029.50000,1749.86401
1030.00000,1743.82568
1030.50000,1738.45093
1031.00000,1733.73071
1031.50000,1729.19714
1032.00000,1724.16711
1032.50000,1718.48303
1033.00000,1712.93726
1033.50000,1708.94482
1034.00000,1708.12415
1034.50000,1710.72900
1035.00000,1715.35107
1035.50000,1719.58911
1036.00000,1721.13562
1036.50000,1718.85608
1037.00000,1713.19348
1037.50000,1706.71790
1038.00000,1701.98230
1038.50000,1700.48303
1039.00000,1701.81702
1039.50000,1704.51892
1040.00000,1706.20508
1040.50000,1705.48682
1041.00000,1702.30969
1041.50000,1698.43140
1042.00000,1695.94421
1042.50000,1696.19299
1043.00000,1699.04602
1043.50000,1703.51819
1044.00000,1707.51221
1044.50000,1709.57947
1045.00000,1709.03125
1045.50000,1706.60461
1046.00000,1703.21509
1046.50000,1700.19287
1047.00000,1698.46594
1047.50000,1698.96912
1048.00000,1701.31860
1048.50000,1705.00085
1049.00000,1708.86731
1049.50000,1711.83252
1050.00000,1713.08228
1050.50000,1712.87280
1051.00000,1711.74536
1051.50000,1709.97083
1052.00000,1707.48962
1052.50000,1703.73572
1053.00000,1698.61169
1053.50000,1693.13000
1054.00000,1689.32947
1054.50000,1688.79138
1055.00000,1691.92810
1055.50000,1697.79260
1056.00000,1703.64758
1056.50000,1707.36121
1057.00000,1708.20776
1057.50000,1707.24915
1058.00000,1705.99268
1058.50000,1705.70093
1059.00000,1706.63672
1059.50000,1708.40662
1060.00000,1710.21033
1060.50000,1711.45984
1061.00000,1711.68274
1061.50000,1710.58167
1062.00000,1707.73108
1062.50000,1703.94348
1063.00000,1700.65173
1063.50000,1700.11865
1064.00000,1703.27881
1064.50000,1710.21558
1065.00000,1718.59534
1065.50000,1725.57092
1066.00000,1728.13013
1066.50000,1726.44604
1067.00000,1721.73340
1067.50000,1716.54163
1068.00000,1713.23193
1068.50000,1713.37659
1069.00000,1716.58203
1069.50000,1721.41455
1070.00000,1726.07056
1070.50000,1729.20874
1071.00000,1730.42981
1071.50000,1730.46667
1072.00000,1730.68811
1072.50000,1731.92383
1073.00000,1733.57141
1073.50000,1734.14063
1074.00000,1731.61694
1074.50000,1726.43921
1075.00000,1720.26978
1075.50000,1716.04053
1076.00000,1715.27551
1076.50000,1717.91321
1077.00000,1721.18591
1077.50000,1722.76074
1078.00000,1721.87561
1078.50000,1721.05920
1079.00000,1723.67139
1079.50000,1731.81995
1080.00000,1743.84509
1080.50000,1755.90820
1081.00000,1763.68811
1081.50000,1765.28406
1082.00000,1761.14771
1082.50000,1755.51550
1083.00000,1751.79309
1083.50000,1751.74500
1084.00000,1754.41602
1084.50000,1757.83545
1085.00000,1759.84094
1085.50000,1759.60022
1086.00000,1757.42114
1086.50000,1754.89124
1087.00000,1753.32422
1087.50000,1753.36121
1088.00000,1754.68079
1088.50000,1756.73499
1089.00000,1758.89648
1089.50000,1761.27551
1090.00000,1764.68848
1090.50000,1769.71228
1091.00000,1776.54248
1091.50000,1784.01025
1092.00000,1790.44116
1092.50000,1793.83533
1093.00000,1794.24915
1093.50000,1792.39954
1094.00000,1789.69470
1094.50000,1787.28516
1095.00000,1785.36768
1095.50000,1783.50781
1096.00000,1781.52612
1096.50000,1780.13159
1097.00000,1780.35156
1097.50000,1783.08105
1098.00000,1788.23999
1098.50000,1794.37012
1099.00000,1800.08435
1099.50000,1804.77380
1100.00000,1808.91467
1100.50000,1813.54492
1101.00000,1818.99561
1101.50000,1824.53040
1102.00000,1828.39392
1102.50000,1829.45801
1103.00000,1827.30762
1103.50000,1823.88037
1104.00000,1821.57129
1104.50000,1823.01331
1105.00000,1828.13916
1105.50000,1835.99304
1106.00000,1844.19177
1106.50000,1850.62891
1107.00000,1853.76318
1107.50000,1854.12268
1108.00000,1852.81897
1108.50000,1851.23608
1109.00000,1850.57813
1109.50000,1851.72351
1110.00000,1855.18347
1110.50000,1860.96167
1111.00000,1869.39282
1111.50000,1879.57495
1112.00000,1890.36353
1112.50000,1899.96948
1113.00000,1907.08679
1113.50000,1910.67493
1114.00000,1911.17188
1114.50000,1910.13647
1115.00000,1909.44714
1115.50000,1910.68750
1116.00000,1914.76318
1116.50000,1922.14648
1117.00000,1932.02649
1117.50000,1944.14575
1118.00000,1957.79517
1118.50000,1972.09497
1119.00000,1985.76904
1119.50000,1997.49207
1120.00000,2006.08447
1120.50000,2011.04419
1121.00000,2013.84412
1121.50000,2016.26013
1122.00000,2020.10632
1122.50000,2025.79004
1123.00000,2032.44031
1123.50000,2038.10046
1124.00000,2041.66089
1124.50000,2043.82849
1125.00000,2047.23584
1125.50000,2055.40137
1126.00000,2069.69629
1126.50000,2088.99976
1127.00000,2110.76538
1127.50000,2131.27686
1128.00000,2148.65967
1128.50000,2163.04834
1129.00000,2176.30762
1129.50000,2189.83667
1130.00000,2203.88306
1130.50000,2217.75122
1131.00000,2230.60938
1131.50000,2242.81616
1132.00000,2255.28979
1132.50000,2268.79932
1133.00000,2282.86646
1133.50000,2295.95337
1134.00000,2306.88550
1134.50000,2315.93066
1135.00000,2325.23608
1135.50000,2337.55396
1136.00000,2355.00757
1136.50000,2377.30298
1137.00000,2401.98486
1137.50000,2426.77173
1138.00000,2450.55078
1138.50000,2473.87329
1139.00000,2498.13184
1139.50000,2523.78979
1140.00000,2550.29883
1140.50000,2576.44287
1141.00000,2601.97852
1141.50000,2628.68799
1142.00000,2659.43286
1142.50000,2696.99536
1143.00000,2743.54443
1143.50000,2797.11035
1144.00000,2856.54028
1144.50000,2919.87012
1145.00000,2986.08521
1145.50000,3056.16406
1146.00000,3130.37866
1146.50000,3209.77979
1147.00000,3295.77832
1147.50000,3388.15552
1148.00000,3488.05566
1148.50000,3594.51172
1149.00000,3705.45850
1149.50000,3818.86182
1150.00000,3932.09863
1150.50000,4044.11938
1151.00000,4154.73291
1151.50000,4263.94482
1152.00000,4369.64941
1152.50000,4468.38770
1153.00000,4556.62549
1153.50000,4628.46777
1154.00000,4686.11719
1154.50000,4729.82129
1155.00000,4760.13965
1155.50000,4777.67676
1156.00000,4775.88330
1156.50000,4750.82861
1157.00000,4699.92432
1157.50000,4618.45996
1158.00000,4515.54736
1158.50000,4395.92578
1159.00000,4266.33203
1159.50000,4132.92871
1160.00000,3999.09497
1160.50000,3867.41138
1161.00000,3739.57300
1161.50000,3617.68579
1162.00000,3501.38257
1162.50000,3391.16138
1163.00000,3286.85718
1163.50000,3187.84814
1164.00000,3095.34912
1164.50000,3008.76709
1165.00000,2927.90527
1165.50000,2853.25781
1166.00000,2784.10864
1166.50000,2722.19409
1167.00000,2668.88354
1167.50000,2623.78491
1168.00000,2586.61621
1168.50000,2553.08008
1169.00000,2519.95557
1169.50000,2485.38721
1170.00000,2450.52002
1170.50000,2418.51660
1171.00000,2392.40308
1171.50000,2372.67163
1172.00000,2358.69556
1172.50000,2346.52783
1173.00000,2333.56543
1173.50000,2318.59131
1174.00000,2302.77344
1174.50000,2288.21680
1175.00000,2276.75806
1175.50000,2268.79004
1176.00000,2264.17871
1176.50000,2260.85010
1177.00000,2257.41919
1177.50000,2253.15356
1178.00000,2248.60132
1178.50000,2245.10815
1179.00000,2243.80591
1179.50000,2244.72095
1180.00000,2246.83472
1180.50000,2247.96313
1181.00000,2246.62378
1181.50000,2242.94702
1182.00000,2239.19678
1182.50000,2238.62866
1183.00000,2243.14063
1183.50000,2252.58081
1184.00000,2265.55664
1184.50000,2278.81714
1185.00000,2290.50513
1185.50000,2300.18066
1186.00000,2308.90088
1186.50000,2317.77832
1187.00000,2327.27930
1187.50000,2337.02417
1188.00000,2346.11108
1188.50000,2354.04688
1189.00000,2360.63770
1189.50000,2366.16504
1190.00000,2371.06055
1190.50000,2375.36255
1191.00000,2378.99316
1191.50000,2381.60791
1192.00000,2382.48657
1192.50000,2381.36670
1193.00000,2377.60254
1193.50000,2371.05103
1194.00000,2362.13281
1194.50000,2350.81323
1195.00000,2337.73877
1195.50000,2323.19116
1196.00000,2307.64990
1196.50000,2292.35059
1197.00000,2279.04907
1197.50000,2269.24072
1198.00000,2262.95557
1198.50000,2259.08569
1199.00000,2254.32739
1199.50000,2245.76025
1200.00000,2231.53296
1200.50000,2213.67969
1201.00000,2195.62744
1201.50000,2181.62402
1202.00000,2173.68311
1202.50000,2172.46118
1203.00000,2173.75317
1203.50000,2173.53638
1204.00000,2167.94507
1204.50000,2156.71924
1205.00000,2141.32739
1205.50000,2125.81104
1206.00000,2113.58691
1206.50000,2107.89014
1207.00000,2107.32910
1207.50000,2109.99512
1208.00000,2112.81494
1208.50000,2113.72632
1209.00000,2112.19995
1209.50000,2109.81934
1210.00000,2108.33569
1210.50000,2109.03662
1211.00000,2110.99146
1211.50000,2112.55957
1212.00000,2111.77002
1212.50000,2107.93359
1213.00000,2100.66333
1213.50000,2091.03613
1214.00000,2080.01538
1214.50000,2068.55371
1215.00000,2057.80957
1215.50000,2048.86279
1216.00000,2042.06165
1216.50000,2036.23108
1217.00000,2029.00439
1217.50000,2018.50342
1218.00000,2004.51245
1218.50000,1988.99219
1219.00000,1975.56335
1219.50000,1967.11951
1220.00000,1963.69873
1220.50000,1962.44373
1221.00000,1959.76758
1221.50000,1953.77075
1222.00000,1944.83191
1222.50000,1934.99939
1223.00000,1926.39441
1223.50000,1919.79224
1224.00000,1914.56042
1224.50000,1910.01514
1225.00000,1906.75342
1225.50000,1905.66565
1226.00000,1907.24939
1226.50000,1910.30872
1227.00000,1911.87659
1227.50000,1908.63074
1228.00000,1899.82507
1228.50000,1887.60059
1229.00000,1875.70203
1229.50000,1867.78638
1230.00000,1866.02405
1230.50000,1870.71265
1231.00000,1879.10742
1231.50000,1888.60242
1232.00000,1896.31665
1232.50000,1900.67932
1233.00000,1900.43958
1233.50000,1897.38428
1234.00000,1893.34033
1234.50000,1890.69995
1235.00000,1890.67334
1235.50000,1893.57849
1236.00000,1897.84180
1236.50000,1901.72266
1237.00000,1903.61279
1237.50000,1903.61438
1238.00000,1902.30042
1238.50000,1900.76672
1239.00000,1899.75488
1239.50000,1899.57556
1240.00000,1900.02917
1240.50000,1900.93042
1241.00000,1902.26611
1241.50000,1903.94214
1242.00000,1905.90356
1242.50000,1907.97339
1243.00000,1909.97766
1243.50000,1911.82007
1244.00000,1913.51404
1244.50000,1915.00269
1245.00000,1915.98511
1245.50000,1916.21912
1246.00000,1915.46436
1246.50000,1913.97839
1247.00000,1912.42615
1247.50000,1911.60596
1248.00000,1911.77734
1248.50000,1912.74023
1249.00000,1914.09302
1249.50000,1915.67798
1250.00000,1918.09888
1250.50000,1922.27905
1251.00000,1928.64050
1251.50000,1937.33862
1252.00000,1947.05151
1252.50000,1956.63330
1253.00000,1965.15186
1253.50000,1972.57129
1254.00000,1979.00793
1254.50000,1984.80005
1255.00000,1990.22217
1255.50000,1995.58606
1256.00000,2001.31885
1256.50000,2007.58691
1257.00000,2013.78870
1257.50000,2018.62500
1258.00000,2020.52856
1258.50000,2019.69678
1259.00000,2017.85840
1259.50000,2017.78674
1260.00000,2020.67773
1260.50000,2025.95117
1261.00000,2030.91711
1261.50000,2033.07703
1262.00000,2031.24548
1262.50000,2027.30347
1263.00000,2023.72705
1263.50000,2022.37842
1264.00000,2022.35376
1264.50000,2021.90356
1265.00000,2019.58899
1265.50000,2016.05737
1266.00000,2013.38428
1266.50000,2013.47913
1267.00000,2016.55090
1267.50000,2021.23181
1268.00000,2025.14294
1268.50000,2026.84558
1269.00000,2026.15930
1269.50000,2024.07178
1270.00000,2021.57263
1270.50000,2019.81030
1271.00000,2019.81372
1271.50000,2022.93774
1272.00000,2028.86682
1272.50000,2036.58203
1273.00000,2043.50549
1273.50000,2047.43420
1274.00000,2046.93115
1274.50000,2043.95886
1275.00000,2041.10364
1275.50000,2040.72864
1276.00000,2042.21875
1276.50000,2043.42981
1277.00000,2042.10645
1277.50000,2038.22473
1278.00000,2033.83899
1278.50000,2032.04785
1279.00000,2034.51245
1279.50000,2040.62463
1280.00000,2046.98499
1280.50000,2050.34326
1281.00000,2049.42944
1281.50000,2045.55261
1282.00000,2041.18445
1282.50000,2038.83801
1283.00000,2039.66650
1283.50000,2043.61694
1284.00000,2049.19165
1284.50000,2055.14331
1285.00000,2060.13843
1285.50000,2063.11084
1286.00000,2062.39380
1286.50000,2058.30420
1287.00000,2051.52002
1287.50000,2043.95251
1288.00000,2037.58521
1288.50000,2033.45300
1289.00000,2030.56287
1289.50000,2027.17322
1290.00000,2021.53979
1290.50000,2014.21680
1291.00000,2006.77051
1291.50000,2001.21619
1292.00000,1997.82043
1292.50000,1995.01086
1293.00000,1990.10815
1293.50000,1981.65515
1294.00000,1969.71533
1294.50000,1957.34485
1295.00000,1947.48584
1295.50000,1941.99292
1296.00000,1940.02832
1296.50000,1939.91101
1297.00000,1939.23596
1297.50000,1936.86365
1298.00000,1932.60962
1298.50000,1927.59509
1299.00000,1922.68628
1299.50000,1918.57788
1300.00000,1915.63306
1300.50000,1914.58374
1301.00000,1915.61536
1301.50000,1918.70557
1302.00000,1923.23779
1302.50000,1927.65735
1303.00000,1930.54260
1303.50000,1931.24304
1304.00000,1930.29395
1304.50000,1928.60193
1305.00000,1927.21704
1305.50000,1926.40466
1306.00000,1925.81628
1306.50000,1924.95325
1307.00000,1923.75500
1307.50000,1922.72156
1308.00000,1922.28223
1308.50000,1922.42883
1309.00000,1922.40393
1309.50000,1921.50391
1310.00000,1919.46301
1310.50000,1916.93396
1311.00000,1914.73157
1311.50000,1913.41333
1312.00000,1913.03992
1312.50000,1913.88416
1313.00000,1916.10425
1313.50000,1920.29712
1314.00000,1926.55615
1314.50000,1933.46826
1315.00000,1938.64136
1315.50000,1940.27869
1316.00000,1938.33911
1316.50000,1933.93860
1317.00000,1929.63391
1317.50000,1926.60132
1318.00000,1924.51294
1318.50000,1922.08447
1319.00000,1918.52759
1319.50000,1914.62622
1320.00000,1911.81543
1320.50000,1911.46350
1321.00000,1912.70483
1321.50000,1914.02783
1322.00000,1913.91309
1322.50000,1912.56055
1323.00000,1911.26038
1323.50000,1911.22534
1324.00000,1912.36731
1324.50000,1913.20642
1325.00000,1912.11182
1325.50000,1908.28516
1326.00000,1902.79700
1326.50000,1897.83850
1327.00000,1895.84167
1327.50000,1897.23389
1328.00000,1901.03540
1328.50000,1904.79858
1329.00000,1905.86255
1329.50000,1902.58850
1330.00000,1895.94458
1330.50000,1888.80920
1331.00000,1884.87769
1331.50000,1885.54211
1332.00000,1890.02515
1332.50000,1895.25037
1333.00000,1897.80579
1333.50000,1895.87390
1334.00000,1890.97253
1334.50000,1886.32178
1335.00000,1885.55835
1335.50000,1889.28894
1336.00000,1896.39160
1336.50000,1904.09753
1337.00000,1909.76184
1337.50000,1911.31885
1338.00000,1908.54675
1338.50000,1902.65564
1339.00000,1895.63757
1339.50000,1890.35522
1340.00000,1888.80542
1340.50000,1891.42419
1341.00000,1895.96948
1341.50000,1899.84497
1342.00000,1901.36121
1342.50000,1900.95349
1343.00000,1900.41919
1343.50000,1901.09741
1344.00000,1902.68298
1344.50000,1903.46741
1345.00000,1902.25342
1345.50000,1899.11157
1346.00000,1896.10352
1346.50000,1895.18652
1347.00000,1897.78125
1347.50000,1902.61328
1348.00000,1908.38135
1348.50000,1913.91907
1349.00000,1918.97693
1349.50000,1923.59888
1350.00000,1927.59912
1350.50000,1930.44446
1351.00000,1931.54456
1351.50000,1931.60657
1352.00000,1931.74414
1352.50000,1933.19922
1353.00000,1936.13989
1353.50000,1939.70520
1354.00000,1941.99487
1354.50000,1941.37134
1355.00000,1936.65991
1355.50000,1929.53796
1356.00000,1922.52771
1356.50000,1918.58887
1357.00000,1918.91211
1357.50000,1923.33862
1358.00000,1928.47937
1358.50000,1931.15051
1359.00000,1929.02637
1359.50000,1923.58423
1360.00000,1917.52905
1360.50000,1913.98633
1361.00000,1913.84753
1361.50000,1916.26038
1362.00000,1918.31775
1362.50000,1918.51257
1363.00000,1916.90466
1363.50000,1915.19714
1364.00000,1915.02795
1364.50000,1916.88062
1365.00000,1919.99084
1365.50000,1923.04492
1366.00000,1924.91907
1366.50000,1925.14685
1367.00000,1923.96594
1367.50000,1922.31677
1368.00000,1920.94897
1368.50000,1920.07727
1369.00000,1919.35352
1369.50000,1918.15234
1370.00000,1916.42297
1370.50000,1914.75122
1371.00000,1914.23450
1371.50000,1915.25586
1372.00000,1917.30652
1372.50000,1918.66687
1373.00000,1917.97144
1373.50000,1914.52332
1374.00000,1910.10156
1374.50000,1906.24744
1375.00000,1903.77563
1375.50000,1902.12683
1376.00000,1900.50720
1376.50000,1898.77124
1377.00000,1897.68213
1377.50000,1898.45569
1378.00000,1900.79333
1378.50000,1903.51318
1379.00000,1904.84351
1379.50000,1904.25378
1380.00000,1902.59436
1380.50000,1901.73059
1381.00000,1902.80542
1381.50000,1906.16284
1382.00000,1910.73804
1382.50000,1915.90503
1383.00000,1921.30493
1383.50000,1926.73022
1384.00000,1931.53516
1384.50000,1934.90271
1385.00000,1936.20007
1385.50000,1935.73608
1386.00000,1935.08008
1386.50000,1935.56580
1387.00000,1937.59216
1387.50000,1940.48486
1388.00000,1943.38025
1388.50000,1945.97009
1389.00000,1948.71179
1389.50000,1952.28674
1390.00000,1956.41516
1390.50000,1959.64819
1391.00000,1959.98010
1391.50000,1956.62903
1392.00000,1949.51563
1392.50000,1941.23975
1393.00000,1934.12451
1393.50000,1930.10840
1394.00000,1928.97424
1394.50000,1929.78418
1395.00000,1930.66968
1395.50000,1930.52319
1396.00000,1929.08069
1396.50000,1927.56458
1397.00000,1927.20215
1397.50000,1928.76038
1398.00000,1931.74402
1398.50000,1935.18848
1399.00000,1937.73694
1399.50000,1938.52380
1400.00000,1936.85974
1400.50000,1933.62268
1401.00000,1929.81152
1401.50000,1926.94006
1402.00000,1925.96729
1402.50000,1927.25793
1403.00000,1929.68689
1403.50000,1931.89087
1404.00000,1932.50696
1404.50000,1931.50098
1405.00000,1929.22998
1405.50000,1926.36230
1406.00000,1923.24805
1406.50000,1919.87903
1407.00000,1916.67798
1407.50000,1914.69360
1408.00000,1915.43433
1408.50000,1918.53748
1409.00000,1922.41235
1409.50000,1924.14575
1410.00000,1922.10193
1410.50000,1916.25964
1411.00000,1910.04565
1411.50000,1906.81348
1412.00000,1908.95752
1412.50000,1914.67029
1413.00000,1921.09290
1413.50000,1925.59399
1414.00000,1927.62903
1414.50000,1927.47595
1415.00000,1926.12646
1415.50000,1923.47095
1416.00000,1919.00024
1416.50000,1913.43774
1417.00000,1908.65466
1417.50000,1907.09338
1418.00000,1909.44995
1418.50000,1914.87512
1419.00000,1920.32397
1419.50000,1923.82617
1420.00000,1924.85730
1420.50000,1924.82776
1421.00000,1925.01953
1421.50000,1925.84094
1422.00000,1926.79492
1422.50000,1927.34668
1423.00000,1927.95581
1423.50000,1929.57031
1424.00000,1932.65479
1424.50000,1936.20752
1425.00000,1938.36548
1425.50000,1937.84241
1426.00000,1934.85498
1426.50000,1930.88135
1427.00000,1928.20166
1427.50000,1928.26489
1428.00000,1931.16858
1428.50000,1935.49890
1429.00000,1940.35364
1429.50000,1945.30420
1430.00000,1950.54492
1430.50000,1956.43433
1431.00000,1962.67151
1431.50000,1968.43018
1432.00000,1972.44189
1432.50000,1973.92627
1433.00000,1972.23438
1433.50000,1968.76892
1434.00000,1965.38831
1434.50000,1964.78345
1435.00000,1968.24109
1435.50000,1976.33618
1436.00000,1987.17542
1436.50000,1997.38599
1437.00000,2002.80603
1437.50000,2001.95496
1438.00000,1995.85205
1438.50000,1988.43689
1439.00000,1984.52563
1439.50000,1987.85168
1440.00000,1998.44702
1440.50000,2012.95398
1441.00000,2026.90967
1441.50000,2036.77344
1442.00000,2041.40320
1442.50000,2041.88818
1443.00000,2041.60754
1443.50000,2042.77368
1444.00000,2046.00940
1444.50000,2050.55835
1445.00000,2055.29248
1445.50000,2059.20386
1446.00000,2061.72290
1446.50000,2062.38428
1447.00000,2061.13550
1447.50000,2057.28760
1448.00000,2050.88940
1448.50000,2042.43188
1449.00000,2032.86938
1449.50000,2024.40173
1450.00000,2019.59009
1450.50000,2020.99219
1451.00000,2028.32751
1451.50000,2040.19373
1452.00000,2051.92065
1452.50000,2059.23364
1453.00000,2058.54980
1453.50000,2052.13550
1454.00000,2042.99658
1454.50000,2035.20447
1455.00000,2030.74329
1455.50000,2029.75427
1456.00000,2029.95166
1456.50000,2029.42151
1457.00000,2027.19861
1457.50000,2024.30432
1458.00000,2021.90503
1458.50000,2020.94775
1459.00000,2021.52161
1459.50000,2023.64978
1460.00000,2026.76819
1460.50000,2030.35254
1461.00000,2033.58765
1461.50000,2035.60706
1462.00000,2035.65491
1462.50000,2033.75549
1463.00000,2030.82410
1463.50000,2028.14001
1464.00000,2026.85205
1464.50000,2027.40100
1465.00000,2029.37610
1465.50000,2031.20129
1466.00000,2031.13965
1466.50000,2028.59155
1467.00000,2024.56921
1467.50000,2021.18274
1468.00000,2020.45215
1468.50000,2023.31262
1469.00000,2029.26526
1469.50000,2035.98169
1470.00000,2041.52002
1470.50000,2044.92078
1471.00000,2046.61108
1471.50000,2046.99158
1472.00000,2046.62720
1472.50000,2045.75940
1473.00000,2045.21423
1473.50000,2046.31458
1474.00000,2050.72754
1474.50000,2058.40112
1475.00000,2067.47046
1475.50000,2074.67505
1476.00000,2078.32568
1476.50000,2078.38086
1477.00000,2076.87720
1477.50000,2076.55176
1478.00000,2079.41040
1478.50000,2085.37744
1479.00000,2093.31299
1479.50000,2101.82739
1480.00000,2109.44507
1480.50000,2114.98950
1481.00000,2117.44580
1481.50000,2117.04419
1482.00000,2114.59839
1482.50000,2112.56128
1483.00000,2113.23901
1483.50000,2118.98804
1484.00000,2128.84839
1484.50000,2141.40381
1485.00000,2154.86963
1485.50000,2168.11865
1486.00000,2180.66748
1486.50000,2192.19287
1487.00000,2201.86328
1487.50000,2207.94922
1488.00000,2210.41406
1488.50000,2210.58716
1489.00000,2212.22974
1489.50000,2218.91016
1490.00000,2233.98511
1490.50000,2255.35400
1491.00000,2279.07935
1491.50000,2299.84570
1492.00000,2315.27881
1492.50000,2326.15771
1493.00000,2337.16040
1493.50000,2352.06323
1494.00000,2373.07715
1494.50000,2397.77295
1495.00000,2423.63965
1495.50000,2449.20850
1496.00000,2475.23389
1496.50000,2503.97998
1497.00000,2536.46582
1497.50000,2571.55127
1498.00000,2607.27173
1498.50000,2641.66577
1499.00000,2674.10132
1499.50000,2705.27588
1500.00000,2737.16187
1500.50000,2772.86230
1501.00000,2815.50952
1501.50000,2866.27124
1502.00000,2926.52417
1502.50000,2992.17407
1503.00000,3060.38110
1503.50000,3129.62280
1504.00000,3201.06641
1504.50000,3278.51245
1505.00000,3363.40454
1505.50000,3452.76123
1506.00000,3540.87695
1506.50000,3623.38721
1507.00000,3699.23486
1507.50000,3771.17041
1508.00000,3842.86548
1508.50000,3914.74854
1509.00000,3983.71948
1509.50000,4046.60327
1510.00000,4101.63477
1510.50000,4152.54053
1511.00000,4202.08643
1511.50000,4251.18750
1512.00000,4297.81592
1512.50000,4337.12549
1513.00000,4366.38086
1513.50000,4385.08936
1514.00000,4393.02734
1514.50000,4393.43701
1515.00000,4386.94385
1515.50000,4374.40088
1516.00000,4356.49023
1516.50000,4330.82324
1517.00000,4295.78906
1517.50000,4250.09814
1518.00000,4194.50684
1518.50000,4135.30615
1519.00000,4078.25366
1519.50000,4026.82715
1520.00000,3979.08252
1520.50000,3928.86499
1521.00000,3869.72241
1521.50000,3798.85596
1522.00000,3717.81250
1522.50000,3633.08032
1523.00000,3549.60181
1523.50000,3470.68335
1524.00000,3396.93359
1524.50000,3328.95215
1525.00000,3264.82300
1525.50000,3202.80249
1526.00000,3140.57104
1526.50000,3076.64258
1527.00000,3010.99976
1527.50000,2945.74829
1528.00000,2883.19116
1528.50000,2825.20166
1529.00000,2769.57153
1529.50000,2713.18628
1530.00000,2653.69165
1530.50000,2592.48096
1531.00000,2533.94019
1531.50000,2482.90967
1532.00000,2441.22119
1532.50000,2408.74927
1533.00000,2379.00073
1533.50000,2347.47437
1534.00000,2312.72876
1534.50000,2277.38403
1535.00000,2245.72729
1535.50000,2220.13672
1536.00000,2200.05225
1536.50000,2183.17529
1537.00000,2165.79810
1537.50000,2146.65015
1538.00000,2126.67114
1538.50000,2107.88208
1539.00000,2092.54370
1539.50000,2081.19995
1540.00000,2073.55615
1540.50000,2069.16846
1541.00000,2066.15942
1541.50000,2063.24756
1542.00000,2059.14038
1542.50000,2053.04370
1543.00000,2043.93188
1543.50000,2032.11780
1544.00000,2018.41101
1544.50000,2004.79138
1545.00000,1993.61267
1545.50000,1986.67566
1546.00000,1983.56592
1546.50000,1981.78638
1547.00000,1978.20557
1547.50000,1971.54272
1548.00000,1962.87976
1548.50000,1955.64319
1549.00000,1952.09241
1549.50000,1952.57971
1550.00000,1954.57800
1550.50000,1955.26941
1551.00000,1952.68921
1551.50000,1947.87463
1552.00000,1942.51978
1552.50000,1938.24097
1553.00000,1935.28955
1553.50000,1933.50098
1554.00000,1932.31482
1554.50000,1931.14478
1555.00000,1928.93042
1555.50000,1924.70557
1556.00000,1917.93298
1556.50000,1909.42383
1557.00000,1901.29395
1557.50000,1895.92358
1558.00000,1894.40723
1558.50000,1896.35071
1559.00000,1900.98413
1559.50000,1906.15405
1560.00000,1910.33240
1560.50000,1912.10400
1561.00000,1911.01904
1561.50000,1906.79895
1562.00000,1900.91101
1562.50000,1895.15930
1563.00000,1891.42932
1563.50000,1889.28491
1564.00000,1887.39038
1564.50000,1884.00610
1565.00000,1878.84949
1565.50000,1873.23291
1566.00000,1869.82666
1566.50000,1870.98352
1567.00000,1877.77795
1567.50000,1887.47498
1568.00000,1897.14514
1568.50000,1903.54883
1569.00000,1905.43640
1569.50000,1902.44946
1570.00000,1897.20117
1570.50000,1892.47717
1571.00000,1890.89893
1571.50000,1892.70142
1572.00000,1897.27783
1572.50000,1902.51514
1573.00000,1906.33679
1573.50000,1906.91235
1574.00000,1904.74829
1574.50000,1901.09412
1575.00000,1897.20227
1575.50000,1893.58691
1576.00000,1889.83667
1576.50000,1885.43787
1577.00000,1880.83496
1577.50000,1878.12720
1578.00000,1878.92578
1578.50000,1883.79688
1579.00000,1891.48584
1579.50000,1899.05994
1580.00000,1904.23230
1580.50000,1906.43884
1581.00000,1906.53699
1581.50000,1904.80444
1582.00000,1901.09668
1582.50000,1894.67432
1583.00000,1885.92493
1583.50000,1877.31311
1584.00000,1872.10657
1584.50000,1871.59753
1585.00000,1873.95178
1585.50000,1876.04382
1586.00000,1875.59460
1586.50000,1872.47314
1587.00000,1868.53857
1587.50000,1865.69849
1588.00000,1863.99768
1588.50000,1861.47021
1589.00000,1856.53674
1589.50000,1848.69409
1590.00000,1840.25977
1590.50000,1833.77209
1591.00000,1831.24683
1591.50000,1832.07837
1592.00000,1834.77478
1592.50000,1837.25208
1593.00000,1838.39441
1593.50000,1837.66345
1594.00000,1835.66724
1594.50000,1832.66125
1595.00000,1828.95178
1595.50000,1824.94824
1596.00000,1821.48840
1596.50000,1819.70483
1597.00000,1820.53943
1597.50000,1824.37292
1598.00000,1829.20203
1598.50000,1832.33252
1599.00000,1831.59424
1599.50000,1827.11914
1600.00000,1820.37463
1600.50000,1814.43909
1601.00000,1811.28979
1601.50000,1811.37659
1602.00000,1812.25439
1602.50000,1811.66003
1603.00000,1808.34973
1603.50000,1802.96606
1604.00000,1797.23035
1604.50000,1793.36169
1605.00000,1792.52246
1605.50000,1794.42712
1606.00000,1797.12598
1606.50000,1798.73730
1607.00000,1798.16199
1607.50000,1795.73608
1608.00000,1792.61096
1608.50000,1790.28247
1609.00000,1789.17212
1609.50000,1788.76025
1610.00000,1788.02820
1610.50000,1786.23560
1611.00000,1783.39160
1611.50000,1779.94519
1612.00000,1776.38440
1612.50000,1773.17114
1613.00000,1770.85950
1613.50000,1770.16333
1614.00000,1771.17566
1614.50000,1773.64758
1615.00000,1776.14465
1615.50000,1777.43884
1616.00000,1776.50696
1616.50000,1773.85486
1617.00000,1769.94067
1617.50000,1765.43604
1618.00000,1761.14587
1618.50000,1758.35632
1619.00000,1758.19397
1619.50000,1761.07568
1620.00000,1766.18042
1620.50000,1770.39783
1621.00000,1770.27356
1621.50000,1764.45654
1622.00000,1755.35681
1622.50000,1746.63086
1623.00000,1741.54858
1623.50000,1741.02405
1624.00000,1744.09753
1624.50000,1747.67261
1625.00000,1749.89075
1625.50000,1750.28101
1626.00000,1749.37842
1626.50000,1747.53125
1627.00000,1745.20898
1627.50000,1742.69531
1628.00000,1740.25427
1628.50000,1737.78296
1629.00000,1734.73804
1629.50000,1730.67041
1630.00000,1725.94214
1630.50000,1721.92273
1631.00000,1719.85632
1631.50000,1719.63550
1632.00000,1719.69019
1632.50000,1718.23364
1633.00000,1714.80383
1633.50000,1711.40686
1634.00000,1710.81787
1634.50000,1715.14331
1635.00000,1722.38123
1635.50000,1729.93579
1636.00000,1735.27234
1636.50000,1738.23352
1637.00000,1739.73010
1637.50000,1740.89856
1638.00000,1741.33899
1638.50000,1739.17261
1639.00000,1734.05078
1639.50000,1726.80981
1640.00000,1720.19299
1640.50000,1716.67114
1641.00000,1717.43091
1641.50000,1721.09497
1642.00000,1725.72327
1642.50000,1729.52283
1643.00000,1731.74768
1643.50000,1732.09863
1644.00000,1730.70508
1644.50000,1728.08594
1645.00000,1724.85120
1645.50000,1722.19019
1646.00000,1721.15186
1646.50000,1722.73242
1647.00000,1725.82703
1647.50000,1729.27356
1648.00000,1731.69397
1648.50000,1732.46729
1649.00000,1731.18689
1649.50000,1728.31909
1650.00000,1724.40149
1650.50000,1720.02087
1651.00000,1716.05701
1651.50000,1713.41199
1652.00000,1712.54883
1652.50000,1712.99438
1653.00000,1713.74695
1653.50000,1713.85974
1654.00000,1713.10449
1654.50000,1711.73804
1655.00000,1710.23926
1655.50000,1708.69629
1656.00000,1707.18372
1656.50000,1706.16357
1657.00000,1706.73792
1657.50000,1709.07190
1658.00000,1712.25623
1658.50000,1713.77332
1659.00000,1711.98755
1659.50000,1707.03235
1660.00000,1701.66846
1660.50000,1698.68359
1661.00000,1699.77539
1661.50000,1702.51758
1662.00000,1703.64453
1662.50000,1700.86621
1663.00000,1695.43689
1663.50000,1689.98120
1664.00000,1687.23535
1664.50000,1688.02722
1665.00000,1691.56995
1665.50000,1695.44250
1666.00000,1698.16272
1666.50000,1698.67834
1667.00000,1697.01453
1667.50000,1693.28809
1668.00000,1689.02441
1668.50000,1685.81909
1669.00000,1685.28345
1669.50000,1686.86072
1670.00000,1689.31750
1670.50000,1690.81897
1671.00000,1690.86975
1671.50000,1690.18005
1672.00000,1689.98242
1672.50000,1690.55066
1673.00000,1690.83484
1673.50000,1689.33643
1674.00000,1685.57764
1674.50000,1680.98145
1675.00000,1677.76306
1675.50000,1677.89038
1676.00000,1680.69958
1676.50000,1683.95032
1677.00000,1684.63721
1677.50000,1682.17712
1678.00000,1677.48486
1678.50000,1673.06641
1679.00000,1670.83667
1679.50000,1671.60986
1680.00000,1673.73315
1680.50000,1675.97559
1681.00000,1677.84387
1681.50000,1679.70911
1682.00000,1681.88269
1682.50000,1683.95850
1683.00000,1685.25818
1683.50000,1685.28638
1684.00000,1684.45764
1684.50000,1682.93530
1685.00000,1679.96448
1685.50000,1674.84827
1686.00000,1667.61023
1686.50000,1660.39612
1687.00000,1655.92529
1687.50000,1656.85974
1688.00000,1661.48389
1688.50000,1666.59668
1689.00000,1669.19482
1689.50000,1669.26208
1690.00000,1668.19116
1690.50000,1667.38745
1691.00000,1666.13892
1691.50000,1661.81445
1692.00000,1654.15808
1692.50000,1645.09949
1693.00000,1638.96399
1693.50000,1638.68958
1694.00000,1644.70276
1694.50000,1653.07397
1695.00000,1660.37097
1695.50000,1664.23621
1696.00000,1665.43140
1696.50000,1664.60681
1697.00000,1662.33289
1697.50000,1659.02625
1698.00000,1655.41687
1698.50000,1653.00415
1699.00000,1652.87415
1699.50000,1655.14966
1700.00000,1657.54834
1700.50000,1658.34534
1701.00000,1657.00366
1701.50000,1654.62268
1702.00000,1652.40405
1702.50000,1650.50378
1703.00000,1648.01965
1703.50000,1643.95276
1704.00000,1638.99182
1704.50000,1634.86450
1705.00000,1633.68713
1705.50000,1635.36951
1706.00000,1638.49561
1706.50000,1640.55872
1707.00000,1640.28516
1707.50000,1638.23535
1708.00000,1637.21008
1708.50000,1639.49072
1709.00000,1644.82092
1709.50000,1650.40503
1710.00000,1652.08875
1710.50000,1648.44885
1711.00000,1641.50391
1711.50000,1635.59229
1712.00000,1633.46899
1712.50000,1634.87830
1713.00000,1635.71375
1713.50000,1632.35815
1714.00000,1624.33374
1714.50000,1616.26892
1715.00000,1612.66138
1715.50000,1615.86548
1716.00000,1622.35303
1716.50000,1626.98523
1717.00000,1626.83032
1717.50000,1622.98303
1718.00000,1618.56787
1718.50000,1616.44788
1719.00000,1616.64246
1719.50000,1617.02881
1720.00000,1616.07446
1720.50000,1613.95496
1721.00000,1612.46375
1721.50000,1612.93616
1722.00000,1615.29492
1722.50000,1617.60864
1723.00000,1618.38135
1723.50000,1617.05176
1724.00000,1614.60132
1724.50000,1612.36145
1725.00000,1611.07764
1725.50000,1610.55554
1726.00000,1610.13367
1726.50000,1609.42542
1727.00000,1609.20728
1727.50000,1611.29138
1728.00000,1616.71411
1728.50000,1625.59302
1729.00000,1635.02869
1729.50000,1641.24512
1730.00000,1640.97913
1730.50000,1635.94446
1731.00000,1629.00220
1731.50000,1623.99158
1732.00000,1622.62292
1732.50000,1624.34314
1733.00000,1626.53735
1733.50000,1627.82813
1734.00000,1627.93909
1734.50000,1627.53589
1735.00000,1626.62524
1735.50000,1624.72839
1736.00000,1621.74524
1736.50000,1618.26160
1737.00000,1615.48267
1737.50000,1614.00024
1738.00000,1613.21399
1738.50000,1612.07312
1739.00000,1610.34399
1739.50000,1608.84497
1740.00000,1608.46057
