280.00000,5003.53760
280.50000,5003.35352
281.00000,4999.85938
281.50000,4995.29980
282.00000,4992.73389
282.50000,4994.25879
283.00000,5000.68066
283.50000,5009.59814
284.00000,5018.83838
284.50000,5026.73145
285.00000,5032.69336
285.50000,5036.50586
286.00000,5039.25635
286.50000,5041.76611
287.00000,5044.55371
287.50000,5047.61279
288.00000,5050.54443
288.50000,5052.64746
289.00000,5053.03320
289.50000,5050.96289
290.00000,5047.28320
290.50000,5043.00391
291.00000,5039.74854
291.50000,5038.71484
292.00000,5041.02881
292.50000,5045.19385
293.00000,5049.17236
293.50000,5050.56689
294.00000,5048.58301
294.50000,5043.14063
295.00000,5036.29102
295.50000,5031.33984
296.00000,5031.53516
296.50000,5037.33105
297.00000,5047.86865
297.50000,5060.80371
298.00000,5071.81689
298.50000,5077.10303
299.00000,5075.66992
299.50000,5069.26758
300.00000,5060.41455
300.50000,5053.04102
301.00000,5050.23877
301.50000,5053.32861
302.00000,5059.44531
302.50000,5065.98389
303.00000,5070.34521
303.50000,5071.61084
304.00000,5069.91016
304.50000,5067.82031
305.00000,5067.12256
305.50000,5068.43213
306.00000,5070.74463
306.50000,5072.70264
307.00000,5073.13184
307.50000,5072.21729
308.00000,5071.41162
308.50000,5072.05225
309.00000,5074.69873
309.50000,5078.78662
310.00000,5082.58545
310.50000,5083.96582
311.00000,5082.69336
311.50000,5079.83105
312.00000,5077.13965
312.50000,5076.25977
313.00000,5078.17676
313.50000,5082.75146
314.00000,5088.13184
314.50000,5092.85791
315.00000,5096.05566
315.50000,5097.50732
316.00000,5097.03467
316.50000,5095.22705
317.00000,5092.44189
317.50000,5089.30371
318.00000,5086.61426
318.50000,5085.51416
319.00000,5086.64355
319.50000,5090.17188
320.00000,5095.27344
320.50000,5099.98682
321.00000,5102.87451
321.50000,5103.29541
322.00000,5101.97412
322.50000,5100.28564
323.00000,5100.04980
323.50000,5101.72266
324.00000,5104.75684
324.50000,5107.61279
325.00000,5108.98926
325.50000,5108.43896
326.00000,5106.97314
326.50000,5106.51514
327.00000,5108.10400
327.50000,5111.72754
328.00000,5116.28906
328.50000,5119.91113
329.00000,5120.75000
329.50000,5118.81641
330.00000,5115.60498
330.50000,5112.65625
331.00000,5110.85449
331.50000,5110.03955
332.00000,5108.89746
332.50000,5106.01807
333.00000,5101.24609
333.50000,5096.16748
334.00000,5092.85840
334.50000,5094.01953
335.00000,5099.66699
335.50000,5108.74268
336.00000,5117.97900
336.50000,5124.87354
337.00000,5127.91211
337.50000,5127.79395
338.00000,5126.24170
338.50000,5125.39990
339.00000,5126.30518
339.50000,5128.76318
340.00000,5132.05176
340.50000,5135.48193
341.00000,5138.95410
341.50000,5142.74658
342.00000,5146.93066
342.50000,5150.68115
343.00000,5152.91113
343.50000,5152.65234
344.00000,5149.97363
344.50000,5146.52832
345.00000,5145.38379
345.50000,5148.74854
346.00000,5156.79932
346.50000,5168.56494
347.00000,5180.77051
347.50000,5190.59961
348.00000,5195.96875
348.50000,5197.41553
349.00000,5196.70508
349.50000,5196.08350
350.00000,5196.68848
350.50000,5198.82275
351.00000,5201.49512
351.50000,5203.57227
352.00000,5204.49463
352.50000,5204.61279
353.00000,5204.45557
353.50000,5204.53662
354.00000,5204.93750
354.50000,5205.30225
355.00000,5205.12646
355.50000,5204.27100
356.00000,5203.16650
356.50000,5202.48828
357.00000,5203.13135
357.50000,5205.24658
358.00000,5208.57031
358.50000,5211.84961
359.00000,5213.82178
359.50000,5213.41943
360.00000,5210.70557
360.50000,5206.76367
361.00000,5203.63477
361.50000,5203.51074
362.00000,5207.28516
362.50000,5214.34326
363.00000,5222.13232
363.50000,5227.68945
364.00000,5228.74951
364.50000,5224.74121
365.00000,5217.02051
365.50000,5209.46582
366.00000,5204.68018
366.50000,5204.21191
367.00000,5207.02881
367.50000,5211.38721
368.00000,5214.58398
368.50000,5215.47949
369.00000,5214.12744
369.50000,5212.16748
370.00000,5210.86768
370.50000,5211.04150
371.00000,5212.38818
371.50000,5214.04785
372.00000,5215.08398
372.50000,5215.10059
373.00000,5213.69385
373.50000,5210.93262
374.00000,5206.41895
374.50000,5199.82275
375.00000,5191.78223
375.50000,5183.69873
376.00000,5177.44043
376.50000,5174.52246
377.00000,5176.25781
377.50000,5181.27002
378.00000,5187.67822
378.50000,5192.60596
379.00000,5194.72412
379.50000,5193.33643
380.00000,5189.81543
380.50000,5185.59424
381.00000,5182.20752
381.50000,5180.32373
382.00000,5179.86084
382.50000,5180.16650
383.00000,5180.48877
383.50000,5179.90332
384.00000,5177.73340
384.50000,5173.21875
385.00000,5165.95605
385.50000,5157.48096
386.00000,5149.85449
386.50000,5145.64746
387.00000,5146.46289
387.50000,5154.02441
388.00000,5166.04883
388.50000,5179.38477
389.00000,5190.35547
389.50000,5197.41748
390.00000,5199.90771
390.50000,5199.31201
391.00000,5197.43213
391.50000,5195.34717
392.00000,5192.92871
392.50000,5189.29980
393.00000,5183.89014
393.50000,5177.42383
394.00000,5171.40332
394.50000,5167.62207
395.00000,5167.10107
395.50000,5169.39697
396.00000,5172.16699
396.50000,5173.78760
397.00000,5173.45605
397.50000,5171.94580
398.00000,5170.73291
398.50000,5171.18799
399.00000,5173.05127
399.50000,5174.73877
400.00000,5174.56543
400.50000,5171.53320
401.00000,5166.30566
401.50000,5161.12646
402.00000,5159.52539
402.50000,5162.55127
403.00000,5169.54053
403.50000,5178.57324
404.00000,5186.63232
404.50000,5191.39551
405.00000,5191.87939
405.50000,5189.08740
406.00000,5184.57715
406.50000,5179.98682
407.00000,5175.96680
407.50000,5172.73145
408.00000,5170.10938
408.50000,5168.40723
409.00000,5168.46094
409.50000,5170.82422
410.00000,5176.19287
410.50000,5183.61133
411.00000,5191.90332
411.50000,5199.39160
412.00000,5204.92627
412.50000,5207.65332
413.00000,5208.55127
413.50000,5208.88672
414.00000,5209.76563
414.50000,5211.59375
415.00000,5214.24414
415.50000,5217.14795
416.00000,5219.71094
416.50000,5221.83984
417.00000,5223.90918
417.50000,5226.20703
418.00000,5228.68262
418.50000,5230.78271
419.00000,5231.77832
419.50000,5231.17383
420.00000,5229.89209
420.50000,5229.62598
421.00000,5231.99219
421.50000,5237.68066
422.00000,5246.93750
422.50000,5257.60254
423.00000,5267.50049
423.50000,5274.63623
424.00000,5279.08105
424.50000,5281.27539
425.00000,5282.49268
425.50000,5283.42334
426.00000,5283.98340
426.50000,5283.65723
427.00000,5282.03125
427.50000,5279.73877
428.00000,5277.97998
428.50000,5278.03662
429.00000,5279.92676
429.50000,5282.63721
430.00000,5283.85254
430.50000,5281.55127
431.00000,5274.94824
431.50000,5265.31885
432.00000,5255.16650
432.50000,5247.27734
433.00000,5243.12500
433.50000,5243.02441
434.00000,5246.43408
434.50000,5250.89209
435.00000,5254.95947
435.50000,5257.66650
436.00000,5258.70410
436.50000,5257.54883
437.00000,5254.49268
437.50000,5249.79199
438.00000,5244.58496
438.50000,5240.67041
439.00000,5240.10791
439.50000,5244.01172
440.00000,5251.90625
440.50000,5262.58398
441.00000,5272.73047
441.50000,5279.21191
442.00000,5280.09473
442.50000,5276.58105
443.00000,5270.20020
443.50000,5263.64648
444.00000,5258.76758
444.50000,5256.76758
445.00000,5256.48145
445.50000,5256.36572
446.00000,5255.09668
446.50000,5252.54785
447.00000,5249.16846
447.50000,5245.95117
448.00000,5243.51123
448.50000,5241.99561
449.00000,5240.53662
449.50000,5238.44092
450.00000,5235.62695
450.50000,5232.81787
451.00000,5231.22559
451.50000,5231.66309
452.00000,5234.14160
452.50000,5237.76025
453.00000,5240.39502
453.50000,5240.51611
454.00000,5237.59863
454.50000,5232.70508
455.00000,5227.34326
455.50000,5223.24268
456.00000,5221.22461
456.50000,5220.85498
457.00000,5220.06689
457.50000,5217.04395
458.00000,5210.73096
458.50000,5201.66064
459.00000,5190.89404
459.50000,5180.52979
460.00000,5172.42188
460.50000,5167.83740
461.00000,5166.15820
461.50000,5167.02393
462.00000,5169.41504
462.50000,5172.18115
463.00000,5174.09668
463.50000,5174.19482
464.00000,5171.79004
464.50000,5167.06445
465.00000,5161.55811
465.50000,5157.02002
466.00000,5155.06641
466.50000,5156.12939
467.00000,5160.04541
467.50000,5164.58057
468.00000,5167.67822
468.50000,5168.11035
469.00000,5166.63428
469.50000,5164.49902
470.00000,5163.26514
470.50000,5163.54492
471.00000,5165.02344
471.50000,5165.90234
472.00000,5164.61133
472.50000,5160.51758
473.00000,5154.69434
473.50000,5148.60156
474.00000,5143.92578
474.50000,5141.52637
475.00000,5141.96826
475.50000,5143.92041
476.00000,5146.10693
476.50000,5147.32617
477.00000,5147.03125
477.50000,5144.75830
478.00000,5140.86475
478.50000,5135.92969
479.00000,5130.71973
479.50000,5126.24268
480.00000,5123.25928
480.50000,5122.18311
481.00000,5122.73877
481.50000,5124.69092
482.00000,5127.19971
482.50000,5129.48779
483.00000,5130.53125
483.50000,5129.87354
484.00000,5127.36572
484.50000,5123.55664
485.00000,5119.61084
485.50000,5117.11133
486.00000,5117.17188
486.50000,5120.37793
487.00000,5126.89795
487.50000,5134.98730
488.00000,5143.13428
488.50000,5150.05371
489.00000,5155.16016
489.50000,5157.68115
490.00000,5157.68213
490.50000,5154.84570
491.00000,5148.47217
491.50000,5139.40576
492.00000,5128.81836
492.50000,5118.77637
493.00000,5111.13184
493.50000,5108.02002
494.00000,5109.08008
494.50000,5113.46777
495.00000,5119.25439
495.50000,5123.92334
496.00000,5125.65332
496.50000,5123.93994
497.00000,5119.35596
497.50000,5112.65381
498.00000,5105.74268
498.50000,5100.22119
499.00000,5097.76563
499.50000,5098.48535
500.00000,5101.83398
500.50000,5106.04785
501.00000,5109.38477
501.50000,5109.86572
502.00000,5107.35010
502.50000,5102.02295
503.00000,5095.08203
503.50000,5088.40723
504.00000,5083.75439
504.50000,5082.09863
505.00000,5083.88477
505.50000,5089.84570
506.00000,5098.62744
506.50000,5108.93359
507.00000,5118.27051
507.50000,5124.12891
508.00000,5124.31152
508.50000,5119.58057
509.00000,5111.89111
509.50000,5104.23926
510.00000,5099.41406
510.50000,5099.15869
511.00000,5103.08887
511.50000,5108.64160
512.00000,5112.93359
512.50000,5114.71240
513.00000,5114.38721
513.50000,5113.63184
514.00000,5114.41455
514.50000,5117.87451
515.00000,5123.33203
515.50000,5128.54102
516.00000,5130.68115
516.50000,5129.29883
517.00000,5125.40381
517.50000,5121.46631
518.00000,5120.02637
518.50000,5122.83936
519.00000,5129.32324
519.50000,5137.04492
520.00000,5142.49902
520.50000,5144.12012
521.00000,5141.81885
521.50000,5136.79834
522.00000,5131.24121
522.50000,5126.33350
523.00000,5121.99707
523.50000,5117.15869
524.00000,5110.03223
524.50000,5100.94580
525.00000,5091.32861
525.50000,5083.82422
526.00000,5080.26221
526.50000,5082.01221
527.00000,5087.61621
527.50000,5094.24170
528.00000,5097.59375
528.50000,5095.11963
529.00000,5086.01367
529.50000,5071.46875
530.00000,5054.88184
530.50000,5039.49023
531.00000,5027.77295
531.50000,5020.52783
532.00000,5017.95459
532.50000,5017.48877
533.00000,5017.05078
533.50000,5015.03369
534.00000,5011.12744
534.50000,5005.42041
535.00000,4998.88574
535.50000,4992.35205
536.00000,4986.55908
536.50000,4981.72559
537.00000,4978.01807
537.50000,4975.33545
538.00000,4973.42578
538.50000,4972.20020
539.00000,4971.40820
539.50000,4971.01123
540.00000,4971.33252
540.50000,4972.73193
541.00000,4975.95459
541.50000,4981.11377
542.00000,4987.32129
542.50000,4993.10693
543.00000,4996.83887
543.50000,4997.35254
544.00000,4994.05908
544.50000,4988.54785
545.00000,4982.61768
545.50000,4978.44043
546.00000,4976.70117
546.50000,4977.06738
547.00000,4977.74219
547.50000,4977.29883
548.00000,4974.83691
548.50000,4971.02197
549.00000,4967.00977
549.50000,4964.17090
550.00000,4962.99658
550.50000,4963.11963
551.00000,4963.41260
551.50000,4963.40625
552.00000,4963.40039
552.50000,4964.23193
553.00000,4966.85400
553.50000,4971.14795
554.00000,4975.99268
554.50000,4979.23779
555.00000,4980.06201
555.50000,4978.67773
556.00000,4976.62012
556.50000,4975.67139
557.00000,4976.92383
557.50000,4979.55713
558.00000,4981.73584
558.50000,4980.77197
559.00000,4976.16309
559.50000,4968.97900
560.00000,4961.64111
560.50000,4956.21338
561.00000,4953.97119
561.50000,4954.06250
562.00000,4955.03662
562.50000,4955.44971
563.00000,4954.92236
563.50000,4953.99170
564.00000,4953.54395
564.50000,4953.67383
565.00000,4953.68750
565.50000,4952.57471
566.00000,4949.80273
566.50000,4945.56787
567.00000,4941.36475
567.50000,4938.86182
568.00000,4939.24561
568.50000,4941.80078
569.00000,4945.10791
569.50000,4947.13232
570.00000,4946.39209
570.50000,4941.79688
571.00000,4934.37207
571.50000,4925.33008
572.00000,4916.77930
572.50000,4910.61963
573.00000,4908.45850
573.50000,4909.41650
574.00000,4912.15869
574.50000,4914.58350
575.00000,4915.02979
575.50000,4912.61084
576.00000,4908.27490
576.50000,4903.98438
577.00000,4902.45557
577.50000,4904.47656
578.00000,4909.32764
578.50000,4914.94873
579.00000,4918.96631
579.50000,4919.55176
580.00000,4916.81396
580.50000,4912.22510
581.00000,4907.95557
581.50000,4905.92725
582.00000,4907.24561
582.50000,4911.50537
583.00000,4917.05859
583.50000,4922.39941
584.00000,4926.24707
584.50000,4928.07373
585.00000,4927.52100
585.50000,4925.61035
586.00000,4923.19043
586.50000,4921.31201
587.00000,4920.44629
587.50000,4920.53076
588.00000,4920.82324
588.50000,4920.65625
589.00000,4919.65967
589.50000,4918.47754
590.00000,4918.31152
590.50000,4920.58301
591.00000,4925.61719
591.50000,4932.83691
592.00000,4939.51611
592.50000,4943.21436
593.00000,4941.54053
593.50000,4935.38232
594.00000,4926.17334
594.50000,4916.78125
595.00000,4909.53223
595.50000,4906.09961
596.00000,4905.68994
596.50000,4906.96631
597.00000,4908.81348
597.50000,4910.91553
598.00000,4913.64209
598.50000,4917.05127
599.00000,4920.30713
599.50000,4921.26172
600.00000,4918.25293
600.50000,4910.37256
601.00000,4898.44678
601.50000,4886.45996
602.00000,4878.38965
602.50000,4876.45361
603.00000,4880.01416
603.50000,4887.29883
604.00000,4894.43457
604.50000,4898.92920
605.00000,4899.72314
605.50000,4898.46143
606.00000,4897.39209
606.50000,4898.28076
607.00000,4900.99609
607.50000,4904.15234
608.00000,4905.68506
608.50000,4904.07422
609.00000,4898.82178
609.50000,4891.38574
610.00000,4883.51221
610.50000,4877.13525
611.00000,4873.20801
611.50000,4871.68555
612.00000,4870.75244
612.50000,4868.82959
613.00000,4864.61475
613.50000,4858.25244
614.00000,4850.59131
614.50000,4843.54785
615.00000,4838.72949
615.50000,4837.67139
616.00000,4839.49072
616.50000,4842.76416
617.00000,4845.45557
617.50000,4846.23047
618.00000,4844.05078
618.50000,4839.34180
619.00000,4832.79297
619.50000,4825.17676
620.00000,4817.62061
620.50000,4811.13281
621.00000,4806.77930
621.50000,4804.92285
622.00000,4805.77539
622.50000,4808.12158
623.00000,4810.61670
623.50000,4811.65625
624.00000,4810.59326
624.50000,4807.16992
625.00000,4802.10742
625.50000,4796.48438
626.00000,4791.27637
626.50000,4787.17334
627.00000,4784.72803
627.50000,4784.89551
628.00000,4787.89697
628.50000,4794.15918
629.00000,4802.69092
629.50000,4811.54297
630.00000,4817.79346
630.50000,4819.61572
631.00000,4815.97998
631.50000,4807.31885
632.00000,4796.89307
632.50000,4787.32471
633.00000,4780.32080
633.50000,4775.97168
634.00000,4773.82813
634.50000,4772.42871
635.00000,4771.30566
635.50000,4770.89014
636.00000,4771.99365
636.50000,4775.55859
637.00000,4780.81006
637.50000,4785.73291
638.00000,4787.35107
638.50000,4784.70654
639.00000,4777.86670
639.50000,4769.12793
640.00000,4761.89648
640.50000,4759.47461
641.00000,4762.33984
641.50000,4768.76611
642.00000,4775.33545
642.50000,4778.81494
643.00000,4778.19678
643.50000,4775.09961
644.00000,4772.62500
644.50000,4773.72754
645.00000,4778.70898
645.50000,4785.86963
646.00000,4791.80713
646.50000,4793.70752
647.00000,4789.87500
647.50000,4781.30225
648.00000,4771.35205
648.50000,4763.19385
649.00000,4758.45752
649.50000,4757.38574
650.00000,4759.44727
650.50000,4762.81055
651.00000,4766.37891
651.50000,4769.43066
652.00000,4771.87744
652.50000,4773.88184
653.00000,4775.88574
653.50000,4778.16699
654.00000,4780.73340
654.50000,4783.12793
655.00000,4784.43701
655.50000,4783.64404
656.00000,4780.25732
656.50000,4773.82861
657.00000,4765.81982
657.50000,4757.96533
658.00000,4752.62354
658.50000,4750.99121
659.00000,4753.37012
659.50000,4757.86963
660.00000,4762.05615
660.50000,4763.06592
661.00000,4760.16260
661.50000,4753.58105
662.00000,4745.21582
662.50000,4737.92822
663.00000,4734.48779
663.50000,4735.84766
664.00000,4741.26758
664.50000,4748.92773
665.00000,4755.89746
665.50000,4760.30615
666.00000,4761.13672
666.50000,4759.12109
667.00000,4755.09814
667.50000,4750.69482
668.00000,4747.10791
668.50000,4745.37158
669.00000,4745.22021
669.50000,4746.11426
670.00000,4746.85547
670.50000,4746.49219
671.00000,4744.47217
671.50000,4741.36572
672.00000,4738.04785
672.50000,4735.50146
673.00000,4733.99707
673.50000,4733.45996
674.00000,4733.52832
674.50000,4734.06250
675.00000,4735.64990
675.50000,4738.82227
676.00000,4743.53369
676.50000,4748.69141
677.00000,4752.60010
677.50000,4753.89844
678.00000,4752.69434
678.50000,4750.53271
679.00000,4749.27393
679.50000,4749.52979
680.00000,4750.18652
680.50000,4748.31738
681.00000,4741.95996
681.50000,4730.45166
682.00000,4717.49268
682.50000,4707.70654
683.00000,4706.10645
683.50000,4712.21680
684.00000,4723.48389
684.50000,4734.85059
685.00000,4741.73633
685.50000,4741.14160
686.00000,4734.07227
686.50000,4723.72363
687.00000,4713.69775
687.50000,4706.73584
688.00000,4703.86816
688.50000,4704.94092
689.00000,4708.35156
689.50000,4712.80811
690.00000,4716.62744
690.50000,4718.60498
691.00000,4717.47559
691.50000,4714.04053
692.00000,4709.42822
692.50000,4705.59619
693.00000,4703.97363
693.50000,4705.56348
694.00000,4709.30957
694.50000,4713.87500
695.00000,4718.16699
695.50000,4721.84863
696.00000,4725.03271
696.50000,4727.85938
697.00000,4730.05615
697.50000,4730.45508
698.00000,4728.07227
698.50000,4722.41357
699.00000,4713.47803
699.50000,4703.43896
700.00000,4694.69531
700.50000,4689.47998
701.00000,4688.33301
701.50000,4691.47168
702.00000,4697.00244
702.50000,4703.25732
703.00000,4708.83350
703.50000,4713.36426
704.00000,4717.01855
704.50000,4720.21875
705.00000,4722.94629
705.50000,4724.12646
706.00000,4722.73584
706.50000,4718.46143
707.00000,4712.29053
707.50000,4706.78613
708.00000,4704.52686
708.50000,4706.52197
709.00000,4711.34619
709.50000,4715.99707
710.00000,4717.17822
710.50000,4713.11523
711.00000,4704.25684
711.50000,4694.35742
712.00000,4687.55029
712.50000,4686.62305
713.00000,4690.79492
713.50000,4698.08447
714.00000,4704.75635
714.50000,4708.44531
715.00000,4708.04590
715.50000,4704.86182
716.00000,4700.37500
716.50000,4696.46191
717.00000,4694.20020
717.50000,4694.48242
718.00000,4696.63184
718.50000,4699.98438
719.00000,4703.32129
719.50000,4705.60303
720.00000,4706.15576
720.50000,4705.41602
721.00000,4704.31152
721.50000,4703.96631
722.00000,4704.66943
722.50000,4705.96729
723.00000,4706.58643
723.50000,4705.48535
724.00000,4701.98975
724.50000,4697.02148
725.00000,4691.94775
725.50000,4688.34814
726.00000,4686.36816
726.50000,4685.60986
727.00000,4685.23535
727.50000,4684.77051
728.00000,4684.44482
728.50000,4684.82275
729.00000,4686.21240
729.50000,4688.29102
730.00000,4689.82471
730.50000,4689.31836
731.00000,4685.83008
731.50000,4679.82178
732.00000,4672.44727
732.50000,4665.95605
733.00000,4661.94238
733.50000,4661.47559
734.00000,4663.57764
734.50000,4667.14990
735.00000,4670.56201
735.50000,4672.78809
736.00000,4673.32617
736.50000,4673.02393
737.00000,4672.94482
737.50000,4674.30957
738.00000,4677.40527
738.50000,4682.11963
739.00000,4687.47314
739.50000,4692.47021
740.00000,4696.34912
740.50000,4699.20068
741.00000,4701.17578
741.50000,4702.37061
742.00000,4702.82129
742.50000,4702.17188
743.00000,4700.34521
743.50000,4697.61035
744.00000,4694.46094
744.50000,4691.63184
745.00000,4689.51172
745.50000,4687.99756
746.00000,4686.44336
746.50000,4684.13525
747.00000,4680.95703
747.50000,4677.40137
748.00000,4674.54004
748.50000,4673.17627
749.00000,4673.75732
749.50000,4675.77393
750.00000,4677.79004
750.50000,4677.99414
751.00000,4675.38135
751.50000,4670.06543
752.00000,4663.25342
752.50000,4657.53809
753.00000,4655.42480
753.50000,4658.41016
754.00000,4665.02734
754.50000,4672.97559
755.00000,4678.96826
755.50000,4680.84766
756.00000,4677.29102
756.50000,4670.33252
757.00000,4662.04297
757.50000,4654.88525
758.00000,4650.05469
758.50000,4648.01221
759.00000,4647.51758
759.50000,4647.45557
760.00000,4646.94434
760.50000,4645.83350
761.00000,4644.39063
761.50000,4643.13525
762.00000,4642.42480
762.50000,4642.62305
763.00000,4643.62500
763.50000,4645.21484
764.00000,4646.88086
764.50000,4647.96924
765.00000,4647.86182
765.50000,4646.55420
766.00000,4644.69189
766.50000,4643.40137
767.00000,4643.50537
767.50000,4645.19092
768.00000,4647.63184
768.50000,4649.29053
769.00000,4648.98633
769.50000,4647.05127
770.00000,4644.91553
770.50000,4644.78320
771.00000,4647.47852
771.50000,4652.85254
772.00000,4659.35352
772.50000,4665.02295
773.00000,4668.61670
773.50000,4670.58545
774.00000,4672.15967
774.50000,4674.51758
775.00000,4677.44824
775.50000,4679.65674
776.00000,4679.25732
776.50000,4675.89746
777.00000,4670.19824
777.50000,4664.09326
778.00000,4658.82080
778.50000,4654.69434
779.00000,4650.87061
779.50000,4647.09082
780.00000,4644.52393
780.50000,4645.28076
781.00000,4652.55469
781.50000,4666.20850
782.00000,4683.93408
782.50000,4701.16455
783.00000,4713.58838
783.50000,4718.58838
784.00000,4717.11816
784.50000,4712.82813
785.00000,4708.25439
785.50000,4703.91064
786.00000,4698.49951
786.50000,4690.28516
787.00000,4680.08643
787.50000,4670.72656
788.00000,4666.45947
788.50000,4669.60547
789.00000,4681.39648
789.50000,4697.27100
790.00000,4712.18359
790.50000,4720.39844
791.00000,4720.25146
791.50000,4711.29541
792.00000,4696.93945
792.50000,4681.75195
793.00000,4670.57715
793.50000,4665.63525
794.00000,4667.97021
794.50000,4676.87695
795.00000,4688.67041
795.50000,4699.83740
796.00000,4707.30225
796.50000,4710.15234
797.00000,4708.49609
797.50000,4705.45361
798.00000,4703.55566
798.50000,4704.87646
799.00000,4709.35254
799.50000,4716.29932
800.00000,4723.76025
800.50000,4729.98438
801.00000,4732.74023
801.50000,4731.79639
802.00000,4727.01367
802.50000,4719.67578
803.00000,4712.39697
803.50000,4708.23242
804.00000,4708.83154
804.50000,4713.98828
805.00000,4722.10986
805.50000,4729.65967
806.00000,4734.05762
806.50000,4734.35449
807.00000,4732.07813
807.50000,4729.26563
808.00000,4727.73096
808.50000,4727.76221
809.00000,4728.48779
809.50000,4728.55029
810.00000,4727.52881
810.50000,4726.26807
811.00000,4725.96289
811.50000,4727.56104
812.00000,4730.50098
812.50000,4733.75488
813.00000,4736.26416
813.50000,4737.98682
814.00000,4739.62695
814.50000,4742.24561
815.00000,4746.19336
815.50000,4751.06494
816.00000,4755.45850
816.50000,4758.18555
817.00000,4758.58643
817.50000,4757.67480
818.00000,4756.94971
818.50000,4758.21289
819.00000,4762.38916
819.50000,4770.02930
820.00000,4779.57373
820.50000,4789.26611
821.00000,4796.60107
821.50000,4800.04053
822.00000,4798.27588
822.50000,4792.46777
823.00000,4785.21729
823.50000,4780.18652
824.00000,4779.71582
824.50000,4784.81836
825.00000,4794.29541
825.50000,4804.69971
826.00000,4812.81641
826.50000,4816.96729
827.00000,4817.43262
827.50000,4814.94043
828.00000,4811.23389
828.50000,4806.59863
829.00000,4800.84277
829.50000,4794.35254
830.00000,4788.61621
830.50000,4785.84814
831.00000,4787.56934
831.50000,4794.57764
832.00000,4803.84473
832.50000,4812.15430
833.00000,4816.42969
833.50000,4816.33154
834.00000,4812.90234
834.50000,4809.21436
835.00000,4807.41357
835.50000,4808.64990
836.00000,4811.70605
836.50000,4815.49365
837.00000,4819.34814
837.50000,4823.58398
838.00000,4829.29785
838.50000,4836.86230
839.00000,4845.83545
839.50000,4855.10938
840.00000,4863.39648
840.50000,4869.62256
841.00000,4873.25830
841.50000,4874.43018
842.00000,4873.03076
842.50000,4870.26855
843.00000,4867.59131
843.50000,4867.12109
844.00000,4869.92383
844.50000,4876.50391
845.00000,4885.34717
845.50000,4894.13916
846.00000,4900.47412
846.50000,4903.93213
847.00000,4905.19434
847.50000,4905.94043
848.00000,4907.75732
848.50000,4911.51367
849.00000,4916.90967
849.50000,4923.26416
850.00000,4930.20850
850.50000,4937.30518
851.00000,4944.16162
851.50000,4950.19189
852.00000,4955.22852
852.50000,4959.63135
853.00000,4964.73730
853.50000,4971.91553
854.00000,4982.64746
854.50000,4995.78711
855.00000,5009.63232
855.50000,5021.64014
856.00000,5030.38623
856.50000,5034.99463
857.00000,5036.54395
857.50000,5036.25928
858.00000,5034.86719
858.50000,5033.11426
859.00000,5031.55225
859.50000,5031.18018
860.00000,5032.79346
860.50000,5037.03174
861.00000,5042.95264
861.50000,5049.26074
862.00000,5054.83594
862.50000,5059.87109
863.00000,5065.50049
863.50000,5073.03125
864.00000,5082.40527
864.50000,5092.30029
865.00000,5100.51465
865.50000,5105.84180
866.00000,5108.69922
866.50000,5111.94922
867.00000,5118.62207
867.50000,5130.17383
868.00000,5145.13867
868.50000,5160.60986
869.00000,5173.37158
869.50000,5182.05176
870.00000,5187.18457
870.50000,5191.59766
871.00000,5197.48682
871.50000,5205.50146
872.00000,5214.40186
872.50000,5222.16699
873.00000,5227.58154
873.50000,5230.43164
874.00000,5231.53809
874.50000,5232.58740
875.00000,5235.01270
875.50000,5239.59033
876.00000,5246.23340
876.50000,5254.60742
877.00000,5263.25000
877.50000,5270.70557
878.00000,5275.26074
878.50000,5276.35645
879.00000,5273.34570
879.50000,5267.06934
880.00000,5258.71289
880.50000,5249.09766
881.00000,5239.14355
881.50000,5229.04688
882.00000,5218.68896
882.50000,5207.88086
883.00000,5196.36328
883.50000,5184.20264
884.00000,5171.71338
884.50000,5159.56885
885.00000,5148.45410
885.50000,5139.02783
886.00000,5131.44971
886.50000,5125.00586
887.00000,5118.81982
887.50000,5112.04639
888.00000,5104.56396
888.50000,5097.10205
889.00000,5090.91943
889.50000,5087.36279
890.00000,5087.07910
890.50000,5089.35645
891.00000,5093.20410
891.50000,5096.76172
892.00000,5098.48193
892.50000,5096.64014
893.00000,5091.20264
893.50000,5082.11279
894.00000,5070.63867
894.50000,5058.75879
895.00000,5048.65918
895.50000,5041.43555
896.00000,5037.20313
896.50000,5035.13818
897.00000,5033.37305
897.50000,5030.64844
898.00000,5026.66016
898.50000,5022.01465
899.00000,5017.66211
899.50000,5014.42529
900.00000,5013.01660
900.50000,5014.43945
901.00000,5018.98096
901.50000,5027.27588
902.00000,5038.27100
902.50000,5049.62988
903.00000,5057.54492
903.50000,5059.72803
904.00000,5055.09912
904.50000,5045.00879
905.00000,5033.68115
905.50000,5025.14551
906.00000,5021.75049
906.50000,5023.32031
907.00000,5028.97217
907.50000,5035.91260
908.00000,5042.75049
908.50000,5048.71582
909.00000,5053.73291
909.50000,5057.59570
910.00000,5060.49463
910.50000,5063.04297
911.00000,5066.66211
911.50000,5072.41260
912.00000,5080.60107
912.50000,5089.48145
913.00000,5096.20313
913.50000,5097.70068
914.00000,5094.10400
914.50000,5087.78564
915.00000,5082.94775
915.50000,5082.75830
916.00000,5088.67871
916.50000,5099.12305
917.00000,5110.55322
917.50000,5119.60742
918.00000,5124.79004
918.50000,5126.14502
919.00000,5124.39893
919.50000,5121.53223
920.00000,5118.91748
920.50000,5117.79834
921.00000,5118.64160
921.50000,5121.52441
922.00000,5124.99658
922.50000,5127.44922
923.00000,5127.47900
923.50000,5125.89404
924.00000,5124.94727
924.50000,5127.80371
925.00000,5135.98438
925.50000,5149.86963
926.00000,5165.76416
926.50000,5180.00488
927.00000,5189.21045
927.50000,5193.47217
928.00000,5193.84619
928.50000,5193.07471
929.00000,5193.38184
929.50000,5196.69531
930.00000,5203.28955
930.50000,5213.41260
931.00000,5226.56152
931.50000,5240.56152
932.00000,5252.53174
932.50000,5259.87695
933.00000,5261.89697
933.50000,5258.95117
934.00000,5254.79688
934.50000,5252.36572
935.00000,5253.70605
935.50000,5258.37988
936.00000,5265.87744
936.50000,5275.47070
937.00000,5287.40039
937.50000,5303.03369
938.00000,5321.68018
938.50000,5342.10547
939.00000,5362.04932
939.50000,5380.22070
940.00000,5396.95850
940.50000,5414.53613
941.00000,5434.97852
941.50000,5459.57324
942.00000,5486.42871
942.50000,5513.74268
943.00000,5540.53418
943.50000,5567.89697
944.00000,5598.97119
944.50000,5635.87354
945.00000,5679.08008
945.50000,5727.62061
946.00000,5777.65967
946.50000,5826.21240
947.00000,5870.95020
947.50000,5911.18555
948.00000,5945.66797
948.50000,5975.29932
949.00000,6000.85303
949.50000,6023.16895
950.00000,6043.74854
950.50000,6062.50635
951.00000,6078.54443
951.50000,6091.13623
952.00000,6099.83057
952.50000,6107.15039
953.00000,6116.03516
953.50000,6129.24072
954.00000,6146.05371
954.50000,6164.01855
955.00000,6179.49170
955.50000,6190.84717
956.00000,6198.29736
956.50000,6205.17041
957.00000,6213.83838
957.50000,6224.98145
958.00000,6236.75098
958.50000,6246.97217
959.00000,6254.85156
959.50000,6261.36377
960.00000,6267.93994
960.50000,6274.75146
961.00000,6279.85059
961.50000,6279.57080
962.00000,6272.11816
962.50000,6256.16357
963.00000,6234.23193
963.50000,6209.28516
964.00000,6183.09814
964.50000,6156.22314
965.00000,6127.57715
965.50000,6095.72412
966.00000,6060.55762
966.50000,6022.29346
967.00000,5982.74707
967.50000,5943.76758
968.00000,5907.66650
968.50000,5875.34082
969.00000,5847.72363
969.50000,5824.82031
970.00000,5805.65625
970.50000,5790.64307
971.00000,5779.77881
971.50000,5773.51807
972.00000,5772.27002
972.50000,5773.35889
973.00000,5773.60059
973.50000,5769.74609
974.00000,5761.27637
974.50000,5749.76953
975.00000,5739.67188
975.50000,5734.73242
976.00000,5737.85107
976.50000,5747.18213
977.00000,5760.91650
977.50000,5776.26855
978.00000,5791.26025
978.50000,5804.34863
979.00000,5814.82275
979.50000,5822.12012
980.00000,5826.47119
980.50000,5830.31152
981.00000,5837.04102
981.50000,5849.62646
982.00000,5868.45508
982.50000,5892.67822
983.00000,5918.27344
983.50000,5942.83740
984.00000,5966.06445
984.50000,5990.26367
985.00000,6018.87793
985.50000,6053.53125
986.00000,6093.01855
986.50000,6134.46582
987.00000,6173.70313
987.50000,6208.26123
988.00000,6238.11523
988.50000,6266.77441
989.00000,6299.27588
989.50000,6340.03516
990.00000,6390.76563
990.50000,6452.45410
991.00000,6519.46338
991.50000,6587.50781
992.00000,6653.25195
992.50000,6717.38770
993.00000,6784.46875
993.50000,6860.15625
994.00000,6947.81250
994.50000,7049.35986
995.00000,7158.17383
995.50000,7268.74658
996.00000,7376.20215
996.50000,7479.86328
997.00000,7581.77100
997.50000,7685.63623
998.00000,7793.71436
998.50000,7907.23730
999.00000,8024.40088
999.50000,8143.98779
1000.00000,8263.79395
1000.50000,8380.48926
1001.00000,8486.63672
1001.50000,8575.65430
1002.00000,8641.21680
1002.50000,8677.04980
1003.00000,8690.76172
1003.50000,8687.99121
1004.00000,8677.37305
1004.50000,8663.74609
1005.00000,8644.55078
1005.50000,8614.60449
1006.00000,8567.84082
1006.50000,8499.23926
1007.00000,8414.00293
1007.50000,8315.96875
1008.00000,8211.40918
1008.50000,8104.26904
1009.00000,7995.28711
1009.50000,7884.66602
1010.00000,7772.70117
1010.50000,7660.83008
1011.00000,7550.83447
1011.50000,7444.44043
1012.00000,7342.26318
1012.50000,7244.58057
1013.00000,7154.04004
1013.50000,7071.65625
1014.00000,6999.65381
1014.50000,6938.74707
1015.00000,6884.87305
1015.50000,6833.68262
1016.00000,6779.90625
1016.50000,6721.08740
1017.00000,6657.03467
1017.50000,6592.48730
1018.00000,6532.71484
1018.50000,6483.18652
1019.00000,6445.02490
1019.50000,6419.21924
1020.00000,6401.61182
1020.50000,6387.71680
1021.00000,6373.22168
1021.50000,6355.46533
1022.00000,6333.49707
1022.50000,6308.30127
1023.00000,6282.11133
1023.50000,6256.85889
1024.00000,6233.55762
1024.50000,6212.34033
1025.00000,6193.19141
1025.50000,6175.38770
1026.00000,6158.68555
1026.50000,6142.53613
1027.00000,6126.11963
1027.50000,6108.44678
1028.00000,6089.45703
1028.50000,6070.08838
1029.00000,6052.59570
1029.50000,6038.62646
1030.00000,6029.06055
1030.50000,6022.18555
1031.00000,6014.84180
1031.50000,6003.66943
1032.00000,5988.36182
1032.50000,5970.63037
1033.00000,5953.83105
1033.50000,5940.24658
1034.00000,5930.33887
1034.50000,5922.02734
1035.00000,5913.11328
1035.50000,5902.97754
1036.00000,5893.62402
1036.50000,5887.80029
1037.00000,5887.64209
1037.50000,5891.47705
1038.00000,5896.58984
1038.50000,5899.84424
1039.00000,5900.34717
1039.50000,5898.98145
1040.00000,5898.12402
1040.50000,5898.88330
1041.00000,5900.71484
1041.50000,5901.91602
1042.00000,5901.15332
1042.50000,5898.71045
1043.00000,5895.71631
1043.50000,5893.09033
1044.00000,5890.59863
1044.50000,5887.37500
1045.00000,5882.87012
1045.50000,5877.92236
1046.00000,5874.29688
1046.50000,5873.28760
1047.00000,5874.80713
1047.50000,5877.75488
1048.00000,5880.24854
1048.50000,5881.45898
1049.00000,5881.69678
1049.50000,5881.90283
1050.00000,5882.61865
1050.50000,5883.58789
1051.00000,5884.37891
1051.50000,5885.01123
1052.00000,5886.21289
1052.50000,5888.85693
1053.00000,5892.99756
1053.50000,5897.43701
1054.00000,5900.18701
1054.50000,5900.00195
1055.00000,5896.73438
1055.50000,5891.28076
1056.00000,5885.91797
1056.50000,5882.78662
1057.00000,5883.55811
1057.50000,5888.52295
1058.00000,5897.89600
1058.50000,5909.41357
1059.00000,5920.52344
1059.50000,5927.88818
1060.00000,5930.13965
1060.50000,5926.58643
1061.00000,5919.06396
1061.50000,5910.31104
1062.00000,5902.81885
1062.50000,5897.84424
1063.00000,5896.08545
1063.50000,5898.44189
1064.00000,5904.88965
1064.50000,5916.00146
1065.00000,5930.12402
1065.50000,5943.97852
1066.00000,5952.30371
1066.50000,5952.67676
1067.00000,5944.73877
1067.50000,5932.07178
1068.00000,5921.15967
1068.50000,5917.82520
1069.00000,5923.15479
1069.50000,5933.80029
1070.00000,5943.95996
1070.50000,5948.76318
1071.00000,5946.60059
1071.50000,5939.92188
1072.00000,5933.70166
1072.50000,5931.94336
1073.00000,5935.05322
1073.50000,5940.99023
1074.00000,5947.18701
1074.50000,5952.39600
1075.00000,5957.50439
1075.50000,5964.65820
1076.00000,5974.90820
1076.50000,5988.12744
1077.00000,6001.81104
1077.50000,6013.29834
1078.00000,6019.43262
1078.50000,6019.77832
1079.00000,6013.71436
1079.50000,6002.36035
1080.00000,5988.72217
1080.50000,5976.88672
1081.00000,5970.96338
1081.50000,5973.70654
1082.00000,5986.87207
1082.50000,6006.48633
1083.00000,6028.92041
1083.50000,6049.88916
1084.00000,6067.15088
1084.50000,6079.36377
1085.00000,6087.80664
1085.50000,6093.51904
1086.00000,6097.39746
1086.50000,6100.67529
1087.00000,6104.17041
1087.50000,6108.47559
1088.00000,6113.65771
1088.50000,6119.75244
1089.00000,6126.68506
1089.50000,6134.90234
1090.00000,6145.02588
1090.50000,6156.44385
1091.00000,6167.51172
1091.50000,6175.77686
1092.00000,6179.99170
1092.50000,6180.17383
1093.00000,6179.82813
1093.50000,6182.26270
1094.00000,6189.56689
1094.50000,6199.88086
1095.00000,6209.86816
1095.50000,6216.39160
1096.00000,6219.25928
1096.50000,6220.94189
1097.00000,6225.49609
1097.50000,6235.28857
1098.00000,6249.57275
1098.50000,6264.28076
1099.00000,6275.08203
1099.50000,6280.41797
1100.00000,6281.91846
1100.50000,6283.28711
1101.00000,6288.17969
1101.50000,6298.39990
1102.00000,6313.18994
1102.50000,6329.72852
1103.00000,6345.75146
1103.50000,6360.17725
1104.00000,6373.11719
1104.50000,6384.78711
1105.00000,6395.43555
1105.50000,6404.61719
1106.00000,6412.21826
1106.50000,6419.12354
1107.00000,6426.96924
1107.50000,6437.11572
1108.00000,6449.85596
1108.50000,6464.35205
1109.00000,6478.57568
1109.50000,6491.18750
1110.00000,6502.23682
1110.50000,6513.14795
1111.00000,6526.04736
1111.50000,6542.07959
1112.00000,6561.56201
1112.50000,6584.20361
1113.00000,6608.27344
1113.50000,6632.18652
1114.00000,6654.05713
1114.50000,6672.68311
1115.00000,6686.90674
1115.50000,6698.37402
1116.00000,6709.43262
1116.50000,6723.47119
1117.00000,6742.29443
1117.50000,6767.05957
1118.00000,6796.37988
1118.50000,6827.92480
1119.00000,6859.70898
1119.50000,6890.26221
1120.00000,6918.93848
1120.50000,6945.72900
1121.00000,6971.65381
1121.50000,6997.86133
1122.00000,7025.26807
1122.50000,7053.79004
1123.00000,7082.42285
1123.50000,7110.01465
1124.00000,7136.68115
1124.50000,7164.71045
1125.00000,7197.04639
1125.50000,7236.71094
1126.00000,7282.53711
1126.50000,7330.91553
1127.00000,7377.21973
1127.50000,7419.67139
1128.00000,7459.53369
1128.50000,7500.83789
1129.00000,7546.51221
1129.50000,7597.25830
1130.00000,7649.54346
1130.50000,7699.67139
1131.00000,7745.10156
1131.50000,7788.02490
1132.00000,7831.96289
1132.50000,7880.58789
1133.00000,7934.44775
1133.50000,7992.46436
1134.00000,8050.97314
1134.50000,8107.13965
1135.00000,8158.85596
1135.50000,8207.27930
1136.00000,8254.58203
1136.50000,8304.75098
1137.00000,8361.36719
1137.50000,8429.21484
1138.00000,8508.12012
1138.50000,8596.78906
1139.00000,8692.99512
1139.50000,8792.34863
1140.00000,8893.14844
1140.50000,8995.50684
1141.00000,9101.39551
1141.50000,9216.47949
1142.00000,9344.85254
1142.50000,9491.47852
1143.00000,9661.63184
1143.50000,9851.14844
1144.00000,10057.43066
1144.50000,10273.93066
1145.00000,10496.94043
1145.50000,10731.82910
1146.00000,10986.20313
1146.50000,11271.54395
1147.00000,11597.71777
1147.50000,11956.55762
1148.00000,12339.70020
1148.50000,12730.69141
1149.00000,13118.77246
1149.50000,13500.30176
1150.00000,13880.98145
1150.50000,14267.29980
1151.00000,14662.36133
1151.50000,15060.02930
1152.00000,15446.15234
1152.50000,15803.51758
1153.00000,16117.89648
1153.50000,16362.93555
1154.00000,16540.26563
1154.50000,16638.42383
1155.00000,16650.65820
1155.50000,16588.76172
1156.00000,16447.77734
1156.50000,16243.22852
1157.00000,15987.16602
1157.50000,15680.06250
1158.00000,15335.28809
1158.50000,14950.88477
1159.00000,14526.64551
1159.50000,14071.20313
1160.00000,13592.35059
1160.50000,13110.39160
1161.00000,12643.67285
1161.50000,12211.24609
1162.00000,11812.75098
1162.50000,11447.45410
1163.00000,11107.25781
1163.50000,10783.39063
1164.00000,10477.06934
1164.50000,10189.01465
1165.00000,9922.67676
1165.50000,9682.95020
1166.00000,9464.87793
1166.50000,9268.98633
1167.00000,9094.50293
1167.50000,8940.14941
1168.00000,8810.17676
1168.50000,8699.30371
1169.00000,8602.84766
1169.50000,8514.86523
1170.00000,8428.69336
1170.50000,8342.17383
1171.00000,8256.34473
1171.50000,8173.86621
1172.00000,8099.14404
1172.50000,8033.27637
1173.00000,7977.47119
1173.50000,7932.38477
1174.00000,7895.32910
1174.50000,7865.23047
1175.00000,7839.61719
1175.50000,7816.73340
1176.00000,7796.56934
1176.50000,7779.10059
1177.00000,7765.30762
1177.50000,7756.23926
1178.00000,7751.75928
1178.50000,7752.84375
1179.00000,7759.11328
1179.50000,7769.57861
1180.00000,7783.18555
1180.50000,7797.44336
1181.00000,7811.20850
1181.50000,7824.77393
1182.00000,7839.69434
1182.50000,7858.01221
1183.00000,7879.74414
1183.50000,7903.34766
1184.00000,7926.53809
1184.50000,7948.23193
1185.00000,7969.36230
1185.50000,7992.65771
1186.00000,8020.04834
1186.50000,8052.34131
1187.00000,8086.66016
1187.50000,8119.36182
1188.00000,8146.15137
1188.50000,8166.37402
1189.00000,8180.16699
1189.50000,8190.01709
1190.00000,8199.14746
1190.50000,8209.91602
1191.00000,8222.36328
1191.50000,8234.12598
1192.00000,8239.78613
1192.50000,8235.45410
1193.00000,8217.08789
1193.50000,8185.38623
1194.00000,8145.28857
1194.50000,8101.51758
1195.00000,8058.83789
1195.50000,8018.68506
1196.00000,7980.24268
1196.50000,7941.42432
1197.00000,7900.94385
1197.50000,7858.81738
1198.00000,7815.72998
1198.50000,7771.91650
1199.00000,7727.48096
1199.50000,7682.65039
1200.00000,7638.67871
1200.50000,7597.24219
1201.00000,7560.26221
1201.50000,7527.61572
1202.00000,7497.59668
1202.50000,7468.45459
1203.00000,7439.31543
1203.50000,7411.38428
1204.00000,7387.23682
1204.50000,7367.72412
1205.00000,7352.28857
1205.50000,7337.92480
1206.00000,7322.47461
1206.50000,7306.12158
1207.00000,7292.06641
1207.50000,7284.21680
1208.00000,7284.68994
1208.50000,7290.45605
1209.00000,7296.71191
1209.50000,7298.46484
1210.00000,7294.20508
1210.50000,7284.97021
1211.00000,7274.90674
1211.50000,7265.65625
1212.00000,7255.74268
1212.50000,7241.93115
1213.00000,7220.58350
1213.50000,7192.86035
1214.00000,7162.31982
1214.50000,7133.52246
1215.00000,7108.15088
1215.50000,7084.68115
1216.00000,7058.88721
1216.50000,7027.93750
1217.00000,6991.38086
1217.50000,6953.41504
1218.00000,6918.28809
1218.50000,6889.40723
1219.00000,6865.21680
1219.50000,6842.84912
1220.00000,6818.52979
1220.50000,6790.71191
1221.00000,6759.82520
1221.50000,6729.16748
1222.00000,6701.99561
1222.50000,6681.58838
1223.00000,6667.81738
1223.50000,6660.50244
1224.00000,6657.13770
1224.50000,6654.43604
1225.00000,6648.49268
1225.50000,6637.07764
1226.00000,6619.33398
1226.50000,6596.77100
1227.00000,6574.02979
1227.50000,6556.14990
1228.00000,6545.85986
1228.50000,6542.02393
1229.00000,6541.74414
1229.50000,6540.22852
1230.00000,6535.10156
1230.50000,6526.80811
1231.00000,6518.73779
1231.50000,6514.79248
1232.00000,6516.76611
1232.50000,6523.76367
1233.00000,6533.68799
1233.50000,6542.84570
1234.00000,6548.94482
1234.50000,6551.09912
1235.00000,6550.78027
1235.50000,6549.96533
1236.00000,6550.82715
1236.50000,6554.20850
1237.00000,6559.73877
1237.50000,6565.06299
1238.00000,6568.07080
1238.50000,6567.95410
1239.00000,6566.35352
1239.50000,6565.82959
1240.00000,6568.26123
1240.50000,6573.65039
1241.00000,6580.40234
1241.50000,6585.96973
1242.00000,6588.94189
1242.50000,6589.77148
1243.00000,6590.32568
1243.50000,6592.44922
1244.00000,6596.40967
1244.50000,6601.21240
1245.00000,6605.12549
1245.50000,6607.49316
1246.00000,6609.34619
1246.50000,6613.80811
1247.00000,6623.86426
1247.50000,6642.55713
1248.00000,6667.24023
1248.50000,6692.97852
1249.00000,6712.79980
1249.50000,6723.94238
1250.00000,6726.83252
1250.50000,6727.43115
1251.00000,6731.97412
1251.50000,6744.78809
1252.00000,6762.47900
1252.50000,6779.37256
1253.00000,6789.26807
1253.50000,6792.11865
1254.00000,6791.93848
1254.50000,6796.28076
1255.00000,6809.90967
1255.50000,6835.32373
1256.00000,6866.39404
1256.50000,6897.00684
1257.00000,6921.18506
1257.50000,6937.79004
1258.00000,6947.85107
1258.50000,6955.62549
1259.00000,6964.38037
1259.50000,6976.05615
1260.00000,6989.41895
1260.50000,7002.53369
1261.00000,7013.31104
1261.50000,7021.44629
1262.00000,7027.33984
1262.50000,7032.01172
1263.00000,7035.36084
1263.50000,7035.53467
1264.00000,7032.06934
1264.50000,7025.87549
1265.00000,7020.83789
1265.50000,7020.97949
1266.00000,7029.18018
1266.50000,7042.33887
1267.00000,7055.07031
1267.50000,7061.68750
1268.00000,7062.46631
1268.50000,7060.40039
1269.00000,7060.11475
1269.50000,7063.13330
1270.00000,7067.36670
1270.50000,7068.49805
1271.00000,7064.33984
1271.50000,7056.07373
1272.00000,7048.96338
1272.50000,7047.64111
1273.00000,7053.29590
1273.50000,7062.73486
1274.00000,7071.60107
1274.50000,7077.01855
1275.00000,7079.22461
1275.50000,7081.08740
1276.00000,7085.87207
1276.50000,7095.38867
1277.00000,7108.58203
1277.50000,7122.48535
1278.00000,7132.90918
1278.50000,7137.10059
1279.00000,7133.53564
1279.50000,7122.82275
1280.00000,7109.87305
1280.50000,7100.38867
1281.00000,7099.16553
1281.50000,7106.85205
1282.00000,7121.44238
1282.50000,7135.55029
1283.00000,7142.86719
1283.50000,7138.80371
1284.00000,7125.69336
1284.50000,7107.84326
1285.00000,7091.70068
1285.50000,7081.24414
1286.00000,7079.18701
1286.50000,7082.12695
1287.00000,7086.06934
1287.50000,7085.43311
1288.00000,7076.90039
1288.50000,7057.95850
1289.00000,7031.37500
1289.50000,7001.73682
1290.00000,6974.42822
1290.50000,6952.21338
1291.00000,6935.43408
1291.50000,6921.53369
1292.00000,6906.91943
1292.50000,6889.13477
1293.00000,6868.30957
1293.50000,6845.70361
1294.00000,6823.01807
1294.50000,6801.99219
1295.00000,6784.58057
1295.50000,6772.57813
1296.00000,6765.89746
1296.50000,6763.60352
1297.00000,6761.68848
1297.50000,6756.60547
1298.00000,6746.06006
1298.50000,6732.70068
1299.00000,6720.51025
1299.50000,6713.00928
1300.00000,6709.49170
1300.50000,6705.83594
1301.00000,6697.57617
1301.50000,6683.65527
1302.00000,6667.44336
1302.50000,6655.33301
1303.00000,6652.65527
1303.50000,6659.39648
1304.00000,6670.37939
1304.50000,6678.71387
1305.00000,6680.24023
1305.50000,6674.88232
1306.00000,6666.32813
1306.50000,6659.84570
1307.00000,6658.50195
1307.50000,6661.14941
1308.00000,6664.05078
1308.50000,6663.48193
1309.00000,6659.35547
1309.50000,6653.61865
1310.00000,6649.32764
1310.50000,6647.46826
1311.00000,6646.60254
1311.50000,6643.66016
1312.00000,6637.35889
1312.50000,6629.45898
1313.00000,6625.07617
1313.50000,6628.90625
1314.00000,6642.53320
1314.50000,6661.04297
1315.00000,6677.61328
1315.50000,6686.94238
1316.00000,6688.41260
1316.50000,6683.55566
1317.00000,6677.00195
1317.50000,6670.49951
1318.00000,6663.85449
1318.50000,6656.13379
1319.00000,6647.14990
1319.50000,6638.44482
1320.00000,6631.78516
1320.50000,6628.73682
1321.00000,6628.34619
1321.50000,6629.73486
1322.00000,6632.13525
1322.50000,6635.35645
1323.00000,6639.57764
1323.50000,6644.02246
1324.00000,6647.24902
1324.50000,6647.07568
1325.00000,6643.18799
1325.50000,6635.94043
1326.00000,6627.47021
1326.50000,6620.29639
1327.00000,6616.76758
1327.50000,6616.67139
1328.00000,6618.31982
1328.50000,6618.43066
1329.00000,6614.46729
1329.50000,6605.58252
1330.00000,6594.26416
1330.50000,6584.35889
1331.00000,6579.90186
1331.50000,6580.96729
1332.00000,6585.80664
1332.50000,6591.43262
1333.00000,6595.67041
1333.50000,6598.18311
1334.00000,6599.94531
1334.50000,6601.47314
1335.00000,6601.84912
1335.50000,6600.20801
1336.00000,6596.98242
1336.50000,6594.99023
1337.00000,6597.03564
1337.50000,6604.48340
1338.00000,6614.18555
1338.50000,6621.13623
1339.00000,6619.37354
1339.50000,6609.57471
1340.00000,6594.96387
1340.50000,6581.76123
1341.00000,6574.54590
1341.50000,6575.92480
1342.00000,6583.98242
1342.50000,6595.73389
1343.00000,6608.59766
1343.50000,6620.14844
1344.00000,6628.18164
1344.50000,6630.63379
1345.00000,6628.04590
1345.50000,6622.61182
1346.00000,6619.30762
1346.50000,6621.94434
1347.00000,6632.61426
1347.50000,6646.77881
1348.00000,6659.36963
1348.50000,6666.36768
1349.00000,6669.00342
1349.50000,6671.94775
1350.00000,6679.87549
1350.50000,6693.82520
1351.00000,6711.24951
1351.50000,6726.69922
1352.00000,6736.37891
1352.50000,6739.98291
1353.00000,6740.53613
1353.50000,6740.84326
1354.00000,6741.93262
1354.50000,6742.40137
1355.00000,6739.26709
1355.50000,6731.77344
1356.00000,6720.85938
1356.50000,6709.47607
1357.00000,6700.05664
1357.50000,6693.79443
1358.00000,6689.09424
1358.50000,6684.16357
1359.00000,6677.95459
1359.50000,6671.53857
1360.00000,6667.22314
1360.50000,6666.78223
1361.00000,6669.76514
1361.50000,6674.04883
1362.00000,6676.43066
1362.50000,6675.42139
1363.00000,6671.38477
1363.50000,6666.58740
1364.00000,6662.73438
1364.50000,6660.34473
1365.00000,6658.99268
1365.50000,6658.64258
1366.00000,6659.56787
1366.50000,6662.31445
1367.00000,6666.28906
1367.50000,6669.06641
1368.00000,6667.32910
1368.50000,6660.02832
1369.00000,6648.77832
1369.50000,6637.04346
1370.00000,6628.57324
1370.50000,6625.38916
1371.00000,6627.24072
1371.50000,6631.62549
1372.00000,6636.62744
1372.50000,6640.83691
1373.00000,6643.74707
1373.50000,6644.83887
1374.00000,6644.69434
1374.50000,6644.30273
1375.00000,6645.67871
1375.50000,6650.36768
1376.00000,6659.32031
1376.50000,6670.34326
1377.00000,6680.31299
1377.50000,6685.64795
1378.00000,6686.29590
1378.50000,6683.64551
1379.00000,6680.72705
1379.50000,6679.46680
1380.00000,6679.96680
1380.50000,6680.98877
1381.00000,6682.44678
1381.50000,6686.35400
1382.00000,6694.54150
1382.50000,6707.82959
1383.00000,6723.19043
1383.50000,6735.74561
1384.00000,6740.43896
1384.50000,6738.39844
1385.00000,6734.15430
1385.50000,6734.82861
1386.00000,6743.18408
1386.50000,6758.65234
1387.00000,6776.25342
1387.50000,6791.38623
1388.00000,6800.89697
1388.50000,6805.79785
1389.00000,6807.02637
1389.50000,6804.91455
1390.00000,6800.25098
1390.50000,6794.33350
1391.00000,6790.73486
1391.50000,6792.54297
1392.00000,6802.06787
1392.50000,6815.37061
1393.00000,6827.46533
1393.50000,6832.96533
1394.00000,6831.14404
1394.50000,6823.29834
1395.00000,6813.53271
1395.50000,6804.38184
1396.00000,6796.17285
1396.50000,6787.44238
1397.00000,6777.67139
1397.50000,6768.30615
1398.00000,6761.56250
1398.50000,6759.14941
1399.00000,6759.20703
1399.50000,6758.03418
1400.00000,6750.79785
1400.50000,6737.62158
1401.00000,6721.73926
1401.50000,6710.42285
1402.00000,6708.91016
1402.50000,6719.00439
1403.00000,6734.29102
1403.50000,6747.14209
1404.00000,6750.22510
1404.50000,6744.49609
1405.00000,6733.80225
1405.50000,6724.40088
1406.00000,6719.40332
1406.50000,6718.51465
1407.00000,6717.99512
1407.50000,6715.79590
1408.00000,6712.80371
1408.50000,6711.68018
1409.00000,6714.06348
1409.50000,6718.57715
1410.00000,6722.07227
1410.50000,6721.50830
1411.00000,6717.40771
1411.50000,6711.88086
1412.00000,6707.44580
1412.50000,6704.56738
1413.00000,6702.10352
1413.50000,6699.03125
1414.00000,6696.13574
1414.50000,6696.33984
1415.00000,6701.40576
1415.50000,6711.42188
1416.00000,6723.89795
1416.50000,6734.76270
1417.00000,6740.77197
1417.50000,6741.32617
1418.00000,6738.03564
1418.50000,6732.15820
1419.00000,6725.19873
1419.50000,6718.00293
1420.00000,6712.41016
1420.50000,6710.71143
1421.00000,6716.09521
1421.50000,6728.68652
1422.00000,6745.65186
1422.50000,6761.55615
1423.00000,6771.02588
1423.50000,6771.40820
1424.00000,6763.82227
1424.50000,6753.52002
1425.00000,6745.78369
1425.50000,6744.02246
1426.00000,6748.56445
1426.50000,6758.47021
1427.00000,6770.14307
1427.50000,6781.90430
1428.00000,6793.71387
1428.50000,6806.80078
1429.00000,6822.37598
1429.50000,6839.23486
1430.00000,6854.46680
1430.50000,6863.33887
1431.00000,6864.72168
1431.50000,6859.14795
1432.00000,6850.87207
1432.50000,6845.05322
1433.00000,6846.34277
1433.50000,6854.85400
1434.00000,6869.73682
1434.50000,6890.42139
1435.00000,6914.45410
1435.50000,6939.59424
1436.00000,6962.03564
1436.50000,6978.84229
1437.00000,6988.13135
1437.50000,6994.09033
1438.00000,7002.61133
1438.50000,7019.30469
1439.00000,7042.87256
1439.50000,7068.73779
1440.00000,7089.90137
1440.50000,7102.91016
1441.00000,7107.21924
1441.50000,7108.62891
1442.00000,7112.08105
1442.50000,7121.22656
1443.00000,7134.84814
1443.50000,7150.59570
1444.00000,7165.26367
1444.50000,7176.74512
1445.00000,7182.85742
1445.50000,7184.27588
1446.00000,7181.73389
1446.50000,7176.79834
1447.00000,7171.46240
1447.50000,7166.78760
1448.00000,7162.97363
1448.50000,7160.06348
1449.00000,7159.08447
1449.50000,7160.79004
1450.00000,7165.83203
1450.50000,7173.13477
1451.00000,7179.51465
1451.50000,7180.43896
1452.00000,7172.97070
1452.50000,7157.45459
1453.00000,7136.72217
1453.50000,7117.46240
1454.00000,7105.61133
1454.50000,7105.02197
1455.00000,7113.40088
1455.50000,7126.19385
1456.00000,7135.93604
1456.50000,7137.71875
1457.00000,7128.97119
1457.50000,7115.01807
1458.00000,7100.34424
1458.50000,7088.94043
1459.00000,7081.72412
1459.50000,7078.54297
1460.00000,7077.43652
1460.50000,7076.99951
1461.00000,7076.01758
1461.50000,7073.96875
1462.00000,7071.47266
1462.50000,7070.87500
1463.00000,7074.76318
1463.50000,7085.90723
1464.00000,7102.03467
1464.50000,7118.54053
1465.00000,7128.30176
1465.50000,7128.03613
1466.00000,7116.85449
1466.50000,7101.12256
1467.00000,7088.25391
1467.50000,7085.38428
1468.00000,7092.45264
1468.50000,7106.20410
1469.00000,7120.18457
1469.50000,7128.97217
1470.00000,7130.81299
1470.50000,7130.53809
1471.00000,7135.28125
1471.50000,7151.58154
1472.00000,7176.12549
1472.50000,7201.88721
1473.00000,7219.12109
1473.50000,7224.65234
1474.00000,7220.42383
1474.50000,7215.33789
1475.00000,7216.51074
1475.50000,7226.42773
1476.00000,7239.34277
1476.50000,7250.97998
1477.00000,7260.70801
1477.50000,7272.52930
1478.00000,7291.90039
1478.50000,7319.27344
1479.00000,7350.33594
1479.50000,7377.64355
1480.00000,7398.13721
1480.50000,7412.73682
1481.00000,7425.66211
1481.50000,7440.21631
1482.00000,7456.59521
1482.50000,7472.44189
1483.00000,7486.40137
1483.50000,7499.90381
1484.00000,7516.81689
1484.50000,7540.24072
1485.00000,7570.13867
1485.50000,7603.09912
1486.00000,7635.85303
1486.50000,7666.82324
1487.00000,7696.81738
1487.50000,7728.13525
1488.00000,7762.40234
1488.50000,7800.41016
1489.00000,7841.87500
1489.50000,7886.11230
1490.00000,7933.20654
1490.50000,7982.19141
1491.00000,8032.20459
1491.50000,8082.67432
1492.00000,8133.88916
1492.50000,8187.64355
1493.00000,8245.82227
1493.50000,8309.18555
1494.00000,8379.35742
1494.50000,8455.85742
1495.00000,8539.48828
1495.50000,8631.68359
1496.00000,8730.80273
1496.50000,8835.96973
1497.00000,8944.96484
1497.50000,9057.39551
1498.00000,9177.02148
1498.50000,9306.48438
1499.00000,9448.68262
1499.50000,9604.92969
1500.00000,9771.64258
1500.50000,9948.32617
1501.00000,10133.72266
1501.50000,10326.36621
1502.00000,10525.94238
1502.50000,10729.08887
1503.00000,10935.26465
1503.50000,11147.64746
1504.00000,11371.21289
1504.50000,11614.93848
1505.00000,11881.51465
1505.50000,12166.53320
1506.00000,12465.14648
1506.50000,12766.58594
1507.00000,13063.19336
1507.50000,13347.05176
1508.00000,13614.24609
1508.50000,13858.63477
1509.00000,14082.39844
1509.50000,14291.41602
1510.00000,14490.41699
1510.50000,14684.14551
1511.00000,14870.03320
1511.50000,15041.32715
1512.00000,15192.65430
1512.50000,15313.27539
1513.00000,15400.00195
1513.50000,15450.40723
1514.00000,15458.41211
1514.50000,15433.36719
1515.00000,15378.20508
1515.50000,15299.16211
1516.00000,15200.86230
1516.50000,15075.76465
1517.00000,14920.32031
1517.50000,14734.05176
1518.00000,14523.55957
1518.50000,14306.45703
1519.00000,14094.11719
1519.50000,13889.01563
1520.00000,13683.55078
1520.50000,13464.38770
1521.00000,13225.97168
1521.50000,12970.96680
1522.00000,12708.99316
1522.50000,12450.74707
1523.00000,12202.41113
1523.50000,11964.08301
1524.00000,11732.05762
1524.50000,11502.48438
1525.00000,11270.82813
1525.50000,11034.44141
1526.00000,10793.02441
1526.50000,10550.50977
1527.00000,10313.35156
1527.50000,10087.76563
1528.00000,9875.95313
1528.50000,9679.20215
1529.00000,9490.53418
1529.50000,9305.74316
1530.00000,9123.61914
1530.50000,8945.99609
1531.00000,8777.97559
1531.50000,8622.35840
1532.00000,8479.23438
1532.50000,8349.54883
1533.00000,8228.68359
1533.50000,8115.27295
1534.00000,8009.60156
1534.50000,7912.08936
1535.00000,7826.00439
1535.50000,7751.20361
1536.00000,7685.90479
1536.50000,7627.62793
1537.00000,7570.70313
1537.50000,7512.21045
1538.00000,7452.19580
1538.50000,7393.46875
1539.00000,7340.64307
1539.50000,7296.00146
1540.00000,7259.67529
1540.50000,7230.86523
1541.00000,7205.33350
1541.50000,7180.86426
1542.00000,7155.79248
1542.50000,7129.11523
1543.00000,7099.66748
1543.50000,7067.96826
1544.00000,7036.02100
1544.50000,7008.77441
1545.00000,6989.24365
1545.50000,6979.06104
1546.00000,6974.79199
1546.50000,6970.44873
1547.00000,6960.29883
1547.50000,6944.14990
1548.00000,6925.68750
1548.50000,6911.59668
1549.00000,6904.50488
1549.50000,6903.27246
1550.00000,6901.91260
1550.50000,6895.00781
1551.00000,6879.15869
1551.50000,6859.10303
1552.00000,6842.13477
1552.50000,6835.77100
1553.00000,6839.60742
1553.50000,6849.06152
1554.00000,6854.62598
1554.50000,6849.62500
1555.00000,6829.99023
1555.50000,6803.02197
1556.00000,6776.61328
1556.50000,6756.83936
1557.00000,6742.85547
1557.50000,6731.36084
1558.00000,6719.10498
1558.50000,6706.91992
1559.00000,6700.46631
1559.50000,6703.03906
1560.00000,6713.64600
1560.50000,6725.90625
1561.00000,6732.40088
1561.50000,6727.76025
1562.00000,6714.22803
1562.50000,6697.28369
1563.00000,6683.69385
1563.50000,6675.82520
1564.00000,6673.55371
1564.50000,6674.74121
1565.00000,6677.02783
1565.50000,6679.31787
1566.00000,6681.10693
1566.50000,6682.04102
1567.00000,6681.62451
1567.50000,6680.08398
1568.00000,6677.86963
1568.50000,6675.85254
1569.00000,6674.52100
1569.50000,6673.58936
1570.00000,6671.76270
1570.50000,6667.95947
1571.00000,6662.40137
1571.50000,6657.72510
1572.00000,6657.74707
1572.50000,6665.08545
1573.00000,6678.32422
1573.50000,6692.76172
1574.00000,6701.33789
1574.50000,6700.45850
1575.00000,6690.76367
1575.50000,6679.28125
1576.00000,6672.63086
1576.50000,6673.76367
1577.00000,6679.85986
1577.50000,6684.79688
1578.00000,6684.47070
1578.50000,6679.21436
1579.00000,6673.18555
1579.50000,6670.70703
1580.00000,6673.10498
1580.50000,6676.56641
1581.00000,6675.82764
1581.50000,6666.53564
1582.00000,6651.35205
1582.50000,6634.25146
1583.00000,6619.92822
1583.50000,6609.95020
1584.00000,6604.04639
1584.50000,6600.06934
1585.00000,6596.89355
1585.50000,6594.74170
1586.00000,6593.12109
1586.50000,6590.37402
1587.00000,6583.67871
1587.50000,6571.87402
1588.00000,6555.60107
1588.50000,6538.72607
1589.00000,6524.25586
1589.50000,6514.16895
1590.00000,6507.04541
1590.50000,6501.89844
1591.00000,6498.58252
1591.50000,6497.67480
1592.00000,6499.82813
1592.50000,6503.30225
1593.00000,6505.38281
1593.50000,6502.82275
1594.00000,6495.81738
1594.50000,6485.92432
1595.00000,6476.39111
1595.50000,6468.82959
1596.00000,6463.00635
1596.50000,6456.89355
1597.00000,6449.01611
1597.50000,6439.15283
1598.00000,6429.36523
1598.50000,6422.04639
1599.00000,6418.38232
1599.50000,6417.43457
1600.00000,6417.30420
1600.50000,6415.50342
1601.00000,6410.40967
1601.50000,6400.95068
1602.00000,6388.60205
1602.50000,6374.58545
1603.00000,6361.14160
1603.50000,6350.49072
1604.00000,6345.46826
1604.50000,6345.68164
1605.00000,6348.90039
1605.50000,6350.86914
1606.00000,6348.77539
1606.50000,6341.92432
1607.00000,6333.11816
1607.50000,6325.50537
1608.00000,6320.76270
1608.50000,6316.42578
1609.00000,6309.91309
1609.50000,6300.55518
1610.00000,6291.26074
1610.50000,6286.30762
1611.00000,6287.54248
1611.50000,6292.64453
1612.00000,6296.28857
1612.50000,6294.66895
1613.00000,6286.41895
1613.50000,6272.82373
1614.00000,6256.95801
1614.50000,6240.98096
1615.00000,6227.09229
1615.50000,6217.34521
1616.00000,6215.07520
1616.50000,6219.23682
1617.00000,6227.48535
1617.50000,6234.72119
1618.00000,6237.14063
1618.50000,6234.07666
1619.00000,6228.99072
1619.50000,6224.75293
1620.00000,6222.24707
1620.50000,6219.59375
1621.00000,6214.95068
1621.50000,6208.56250
1622.00000,6202.13379
1622.50000,6196.16553
1623.00000,6188.96240
1623.50000,6178.51758
1624.00000,6164.82666
1624.50000,6152.66357
1625.00000,6147.40088
1625.50000,6150.06396
1626.00000,6155.59473
1626.50000,6156.11133
1627.00000,6147.98096
1627.50000,6133.80322
1628.00000,6122.59912
1628.50000,6120.41162
1629.00000,6128.22266
1629.50000,6140.02783
1630.00000,6149.29053
1630.50000,6152.26270
1631.00000,6151.77246
1631.50000,6150.69775
1632.00000,6148.80273
1632.50000,6143.37158
1633.00000,6131.55029
1633.50000,6115.33887
1634.00000,6100.74512
1634.50000,6095.31885
1635.00000,6099.38037
1635.50000,6110.22363
1636.00000,6122.40967
1636.50000,6131.58398
1637.00000,6135.57861
1637.50000,6135.37012
1638.00000,6132.02881
1638.50000,6125.54150
1639.00000,6117.61865
1639.50000,6110.54346
1640.00000,6107.50195
1640.50000,6108.94580
1641.00000,6112.68848
1641.50000,6114.16846
1642.00000,6110.06445
1642.50000,6098.18701
1643.00000,6082.11133
1643.50000,6065.91113
1644.00000,6053.86768
1644.50000,6047.44727
1645.00000,6047.48438
1645.50000,6051.73633
1646.00000,6057.51416
1646.50000,6061.43750
1647.00000,6062.08398
1647.50000,6059.50342
1648.00000,6055.53564
1648.50000,6051.96533
1649.00000,6048.61572
1649.50000,6042.97217
1650.00000,6032.88037
1650.50000,6018.56250
1651.00000,6004.97705
1651.50000,5998.16895
1652.00000,6001.65576
1652.50000,6012.62451
1653.00000,6024.27148
1653.50000,6030.37500
1654.00000,6029.47119
1654.50000,6023.98291
1655.00000,6018.62793
1655.50000,6014.94824
1656.00000,6010.59766
1656.50000,6003.09570
1657.00000,5992.02100
1657.50000,5981.12891
1658.00000,5974.26758
1658.50000,5974.04736
1659.00000,5978.12451
1659.50000,5984.54102
1660.00000,5992.24561
1660.50000,6001.11377
1661.00000,6009.96729
1661.50000,6015.10449
1662.00000,6012.54297
1662.50000,6001.23193
1663.00000,5986.22559
1663.50000,5973.71582
1664.00000,5967.73193
1664.50000,5967.31201
1665.00000,5968.23047
1665.50000,5967.19971
1666.00000,5964.78906
1666.50000,5963.92090
1667.00000,5966.00830
1667.50000,5969.64404
1668.00000,5971.06201
1668.50000,5968.72412
1669.00000,5963.54834
1669.50000,5959.01855
1670.00000,5957.05420
1670.50000,5957.10986
1671.00000,5956.74219
1671.50000,5954.40771
1672.00000,5950.59033
1672.50000,5946.18555
1673.00000,5940.88867
1673.50000,5933.24121
1674.00000,5921.89600
1674.50000,5908.05322
1675.00000,5895.40430
1675.50000,5888.99121
1676.00000,5890.53125
1676.50000,5898.41211
1677.00000,5907.77148
1677.50000,5914.08203
1678.00000,5915.83447
1678.50000,5915.08252
1679.00000,5914.96777
1679.50000,5916.57373
1680.00000,5917.11914
1680.50000,5913.48047
1681.00000,5904.24121
1681.50000,5893.09131
1682.00000,5884.72021
1682.50000,5881.49756
1683.00000,5880.77344
1683.50000,5878.69971
1684.00000,5874.25244
1684.50000,5870.17139
1685.00000,5871.50488
1685.50000,5878.16064
1686.00000,5885.32959
1686.50000,5886.25195
1687.00000,5878.62500
1687.50000,5864.63184
1688.00000,5852.52002
1688.50000,5847.62695
1689.00000,5850.75684
1689.50000,5857.33691
1690.00000,5863.10303
1690.50000,5864.88379
1691.00000,5861.55908
1691.50000,5852.21729
1692.00000,5839.34375
1692.50000,5826.28271
1693.00000,5818.40820
1693.50000,5818.71582
1694.00000,5826.88281
1694.50000,5836.63135
1695.00000,5842.63721
1695.50000,5841.51465
1696.00000,5836.52588
1696.50000,5831.40479
1697.00000,5828.44189
1697.50000,5826.38330
1698.00000,5822.95020
1698.50000,5817.48340
1699.00000,5811.45898
1699.50000,5807.73730
1700.00000,5806.66797
1700.50000,5806.94336
1701.00000,5806.01465
1701.50000,5802.57080
1702.00000,5796.85107
1702.50000,5791.42969
1703.00000,5788.27441
1703.50000,5788.26514
1704.00000,5789.58447
1704.50000,5790.05615
1705.00000,5787.93115
1705.50000,5784.03906
1706.00000,5780.67529
1706.50000,5780.14893
1707.00000,5783.22754
1707.50000,5788.68018
1708.00000,5792.96924
1708.50000,5793.22412
1709.00000,5788.94238
1709.50000,5782.22900
1710.00000,5776.12451
1710.50000,5772.67188
1711.00000,5771.03223
1711.50000,5768.05469
1712.00000,5761.55811
1712.50000,5751.99756
1713.00000,5744.29150
1713.50000,5743.61768
1714.00000,5752.63281
1714.50000,5765.40430
1715.00000,5774.53857
1715.50000,5773.12939
1716.00000,5762.66260
1716.50000,5749.25293
1717.00000,5739.88037
1717.50000,5736.52539
1718.00000,5737.91016
1718.50000,5739.79248
1719.00000,5740.77246
1719.50000,5741.45264
1720.00000,5742.01611
1720.50000,5740.49609
1721.00000,5734.79053
1721.50000,5725.55322
1722.00000,5717.63281
1722.50000,5715.73047
1723.00000,5721.54199
1723.50000,5731.56299
1724.00000,5738.89209
1724.50000,5738.06543
1725.00000,5729.94629
1725.50000,5718.02490
1726.00000,5706.23047
1726.50000,5697.22168
1727.00000,5692.69873
1727.50000,5693.66211
1728.00000,5699.78613
1728.50000,5710.16211
1729.00000,5720.47754
1729.50000,5725.99805
1730.00000,5723.76318
1730.50000,5717.49707
1731.00000,5712.23877
1731.50000,5712.48682
1732.00000,5717.60986
1732.50000,5722.29150
1733.00000,5721.07520
1733.50000,5712.91943
1734.00000,5701.53076
1734.50000,5693.76465
1735.00000,5693.85938
1735.50000,5699.16602
1736.00000,5703.88574
1736.50000,5702.61768
1737.00000,5695.70020
1737.50000,5686.80664
1738.00000,5681.14307
1738.50000,5680.14648
1739.00000,5682.94971
1739.50000,5686.52637
1740.00000,5688.45947
