280.00000,2136.22510
280.50000,2139.27979
281.00000,2140.71484
281.50000,2141.38745
282.00000,2142.30420
282.50000,2143.77637
283.00000,2145.52954
283.50000,2147.10132
284.00000,2148.50464
284.50000,2150.09570
285.00000,2152.13306
285.50000,2154.56006
286.00000,2156.52246
286.50000,2156.98511
287.00000,2155.45850
287.50000,2152.57446
288.00000,2149.37866
288.50000,2147.32251
289.00000,2147.58887
289.50000,2150.60449
290.00000,2155.07104
290.50000,2159.96533
291.00000,2164.10669
291.50000,2166.82031
292.00000,2167.33716
292.50000,2166.04346
293.00000,2163.44775
293.50000,2160.05713
294.00000,2156.72437
294.50000,2154.20923
295.00000,2153.18481
295.50000,2153.53125
296.00000,2154.85327
296.50000,2156.38013
297.00000,2157.61060
297.50000,2158.30103
298.00000,2158.78027
298.50000,2159.51221
299.00000,2160.62280
299.50000,2161.75830
300.00000,2162.15723
300.50000,2161.29077
301.00000,2158.97192
301.50000,2156.05737
302.00000,2154.11353
302.50000,2154.67041
303.00000,2158.40674
303.50000,2164.78198
304.00000,2172.57910
304.50000,2179.16699
305.00000,2182.71216
305.50000,2182.05859
306.00000,2178.16992
306.50000,2172.21313
307.00000,2166.49097
307.50000,2162.97900
308.00000,2163.05884
308.50000,2165.79810
309.00000,2170.19067
309.50000,2174.68115
310.00000,2177.93921
310.50000,2179.04932
311.00000,2178.74951
311.50000,2178.04126
312.00000,2177.98730
312.50000,2179.01904
313.00000,2181.15186
313.50000,2183.80713
314.00000,2186.23096
314.50000,2188.17969
315.00000,2189.94238
315.50000,2191.94531
316.00000,2194.55518
316.50000,2197.31885
317.00000,2199.05371
317.50000,2198.36523
318.00000,2194.82886
318.50000,2188.26318
319.00000,2180.23828
319.50000,2172.84033
320.00000,2168.84595
320.50000,2168.59619
321.00000,2172.05835
321.50000,2177.85571
322.00000,2184.02637
322.50000,2188.69531
323.00000,2190.98608
323.50000,2191.35986
324.00000,2190.56812
324.50000,2189.73389
325.00000,2189.53125
325.50000,2190.16846
326.00000,2191.31519
326.50000,2192.49854
327.00000,2193.47534
327.50000,2194.28711
328.00000,2195.13110
328.50000,2196.12354
329.00000,2197.00293
329.50000,2196.96753
330.00000,2195.32910
330.50000,2191.23242
331.00000,2185.24487
331.50000,2178.30762
332.00000,2172.28540
332.50000,2168.91260
333.00000,2169.11963
333.50000,2172.20508
334.00000,2176.66382
334.50000,2180.83008
335.00000,2183.60474
335.50000,2184.96533
336.00000,2186.36865
336.50000,2189.18164
337.00000,2194.23218
337.50000,2200.78345
338.00000,2207.21948
338.50000,2210.74487
339.00000,2210.51416
339.50000,2207.07935
340.00000,2202.42383
340.50000,2199.05737
341.00000,2199.27856
341.50000,2203.44385
342.00000,2210.05884
342.50000,2216.18555
343.00000,2219.60547
343.50000,2219.05005
344.00000,2214.86353
344.50000,2209.18872
345.00000,2204.93726
345.50000,2204.16968
346.00000,2207.07471
346.50000,2212.89526
347.00000,2219.02197
347.50000,2223.08740
348.00000,2223.15552
348.50000,2219.53418
349.00000,2214.02832
349.50000,2209.45459
350.00000,2207.92627
350.50000,2211.20557
351.00000,2218.18628
351.50000,2227.26025
352.00000,2235.45703
352.50000,2241.14722
353.00000,2243.28052
353.50000,2242.89795
354.00000,2241.21143
354.50000,2239.57495
355.00000,2238.68384
355.50000,2238.27222
356.00000,2237.66528
356.50000,2236.46509
357.00000,2234.70068
357.50000,2233.16528
358.00000,2233.04712
358.50000,2235.31128
359.00000,2239.47290
359.50000,2244.78735
360.00000,2249.84692
360.50000,2253.54517
361.00000,2254.84131
361.50000,2254.35742
362.00000,2253.19263
362.50000,2252.43115
363.00000,2252.52954
363.50000,2253.38330
364.00000,2254.14722
364.50000,2253.81787
365.00000,2251.45557
365.50000,2247.70166
366.00000,2243.26855
366.50000,2239.20703
367.00000,2236.24854
367.50000,2234.96411
368.00000,2235.19067
368.50000,2236.40479
369.00000,2238.32324
369.50000,2240.50586
370.00000,2242.62866
370.50000,2244.20898
371.00000,2244.78345
371.50000,2243.73242
372.00000,2241.39819
372.50000,2238.39185
373.00000,2235.60229
373.50000,2233.75586
374.00000,2233.29565
374.50000,2234.02979
375.00000,2235.06372
375.50000,2235.50488
376.00000,2234.93359
376.50000,2233.31177
377.00000,2230.84497
377.50000,2228.18628
378.00000,2225.98242
378.50000,2224.68164
379.00000,2224.31812
379.50000,2224.85840
380.00000,2225.75146
380.50000,2226.44214
381.00000,2226.30176
381.50000,2225.30786
382.00000,2223.96997
382.50000,2223.13574
383.00000,2223.33423
383.50000,2224.77051
384.00000,2226.55322
384.50000,2227.41455
385.00000,2225.85107
385.50000,2222.18774
386.00000,2217.20947
386.50000,2212.50317
387.00000,2209.26392
387.50000,2208.39648
388.00000,2209.10205
388.50000,2210.32861
389.00000,2211.35229
389.50000,2212.40674
390.00000,2214.44238
390.50000,2218.34277
391.00000,2224.24683
391.50000,2231.56494
392.00000,2238.19092
392.50000,2242.59961
393.00000,2243.97925
393.50000,2243.07568
394.00000,2240.73218
394.50000,2238.18774
395.00000,2236.01587
395.50000,2234.01172
396.00000,2231.71167
396.50000,2228.98975
397.00000,2226.21606
397.50000,2224.00659
398.00000,2223.01685
398.50000,2223.09106
399.00000,2223.42603
399.50000,2223.14844
400.00000,2222.14990
400.50000,2220.96753
401.00000,2220.81738
401.50000,2222.64575
402.00000,2227.20093
402.50000,2232.73022
403.00000,2237.24609
403.50000,2238.36719
404.00000,2235.75977
404.50000,2229.80225
405.00000,2222.78027
405.50000,2217.69849
406.00000,2217.15503
406.50000,2220.72021
407.00000,2227.03296
407.50000,2233.87793
408.00000,2239.11426
408.50000,2241.41260
409.00000,2240.99707
409.50000,2239.49414
410.00000,2238.16016
410.50000,2237.60400
411.00000,2237.82446
411.50000,2238.52441
412.00000,2239.39185
412.50000,2240.65137
413.00000,2242.65137
413.50000,2245.39893
414.00000,2248.52271
414.50000,2251.19604
415.00000,2252.72827
415.50000,2252.81885
416.00000,2252.25562
416.50000,2252.23608
417.00000,2253.55493
417.50000,2256.15186
418.00000,2259.43188
418.50000,2262.22412
419.00000,2263.66968
419.50000,2263.42676
420.00000,2262.36157
420.50000,2261.34375
421.00000,2260.93921
421.50000,2261.17969
422.00000,2261.82153
422.50000,2262.42651
423.00000,2262.94800
423.50000,2263.92188
424.00000,2265.99048
424.50000,2269.95996
425.00000,2275.80127
425.50000,2282.99658
426.00000,2290.52075
426.50000,2296.79492
427.00000,2300.18652
427.50000,2299.99414
428.00000,2296.95898
428.50000,2292.11401
429.00000,2287.50659
429.50000,2284.73291
430.00000,2285.11841
430.50000,2287.68994
431.00000,2290.68457
431.50000,2292.15601
432.00000,2291.23926
432.50000,2287.62231
433.00000,2282.67432
433.50000,2277.76709
434.00000,2274.25244
434.50000,2272.08154
435.00000,2270.93457
435.50000,2270.38501
436.00000,2270.29810
436.50000,2270.98779
437.00000,2272.46265
437.50000,2274.34229
438.00000,2275.42944
438.50000,2274.86133
439.00000,2272.16846
439.50000,2268.09839
440.00000,2264.00366
440.50000,2261.54663
441.00000,2261.33691
441.50000,2263.22217
442.00000,2266.16821
442.50000,2269.17114
443.00000,2271.87646
443.50000,2274.39331
444.00000,2276.88306
444.50000,2279.03418
445.00000,2279.97998
445.50000,2278.68555
446.00000,2274.72192
446.50000,2269.09204
447.00000,2263.18457
447.50000,2258.70264
448.00000,2256.58569
448.50000,2257.49487
449.00000,2260.01953
449.50000,2262.94141
450.00000,2265.34644
450.50000,2266.94189
451.00000,2267.60449
451.50000,2267.50586
452.00000,2266.70093
452.50000,2264.98779
453.00000,2262.71729
453.50000,2260.25220
454.00000,2258.04541
454.50000,2256.25537
455.00000,2254.71094
455.50000,2252.87769
456.00000,2250.30029
456.50000,2246.94727
457.00000,2243.72046
457.50000,2241.61816
458.00000,2241.33057
458.50000,2242.62207
459.00000,2244.85767
459.50000,2246.81030
460.00000,2247.63867
460.50000,2247.38550
461.00000,2247.04004
461.50000,2247.47314
462.00000,2248.98682
462.50000,2250.99512
463.00000,2252.21094
463.50000,2251.43848
464.00000,2248.11255
464.50000,2242.94214
465.00000,2237.72363
465.50000,2234.18457
466.00000,2233.46143
466.50000,2235.57349
467.00000,2240.39136
467.50000,2246.44946
468.00000,2252.61450
468.50000,2257.88281
469.00000,2261.76343
469.50000,2263.52417
470.00000,2262.83765
470.50000,2259.74268
471.00000,2254.07642
471.50000,2247.10889
472.00000,2240.17139
472.50000,2234.71875
473.00000,2231.40942
473.50000,2230.85522
474.00000,2232.63428
474.50000,2236.01221
475.00000,2240.31250
475.50000,2244.42798
476.00000,2247.49048
476.50000,2248.73999
477.00000,2248.07837
477.50000,2245.37842
478.00000,2241.43164
478.50000,2237.17065
479.00000,2233.69995
479.50000,2231.51587
480.00000,2230.57227
480.50000,2230.46460
481.00000,2230.75586
481.50000,2231.49170
482.00000,2232.94604
482.50000,2235.45825
483.00000,2239.24707
483.50000,2243.41846
484.00000,2246.76465
484.50000,2248.20825
485.00000,2247.59131
485.50000,2245.07666
486.00000,2241.87451
486.50000,2238.93994
487.00000,2236.84155
487.50000,2235.04272
488.00000,2232.66724
488.50000,2229.15796
489.00000,2224.80078
489.50000,2220.59375
490.00000,2217.89038
490.50000,2217.77002
491.00000,2220.91479
491.50000,2225.91943
492.00000,2231.15674
492.50000,2234.99561
493.00000,2236.65308
493.50000,2235.56128
494.00000,2232.70068
494.50000,2228.97363
495.00000,2225.49463
495.50000,2223.04346
496.00000,2222.11401
496.50000,2222.68628
497.00000,2224.41553
497.50000,2226.92603
498.00000,2229.42456
498.50000,2231.29688
499.00000,2232.11743
499.50000,2232.29077
500.00000,2232.64746
500.50000,2233.99512
501.00000,2236.54761
501.50000,2239.91455
502.00000,2242.70874
502.50000,2243.44873
503.00000,2240.92114
503.50000,2235.78467
504.00000,2229.61426
504.50000,2224.45508
505.00000,2221.53662
505.50000,2221.61914
506.00000,2223.43457
506.50000,2225.79541
507.00000,2227.46265
507.50000,2228.12988
508.00000,2228.28516
508.50000,2228.80518
509.00000,2230.27466
509.50000,2233.18091
510.00000,2237.27393
510.50000,2242.47241
511.00000,2248.46143
511.50000,2254.58618
512.00000,2259.67407
512.50000,2262.68018
513.00000,2262.89160
513.50000,2259.98071
514.00000,2255.45410
514.50000,2250.93286
515.00000,2248.17896
515.50000,2247.90894
516.00000,2249.78906
516.50000,2252.14258
517.00000,2253.87695
517.50000,2254.47974
518.00000,2254.50854
518.50000,2254.66431
519.00000,2255.31689
519.50000,2255.96631
520.00000,2254.96509
520.50000,2251.34961
521.00000,2244.76904
521.50000,2235.85303
522.00000,2226.53564
522.50000,2218.77246
523.00000,2213.96558
523.50000,2212.30298
524.00000,2213.68628
524.50000,2215.93799
525.00000,2217.55591
525.50000,2217.28979
526.00000,2215.15137
526.50000,2211.70288
527.00000,2208.51880
527.50000,2207.08081
528.00000,2209.16309
528.50000,2214.03076
529.00000,2220.16309
529.50000,2225.27881
530.00000,2227.71826
530.50000,2226.23779
531.00000,2221.67725
531.50000,2215.68994
532.00000,2210.44019
532.50000,2207.51709
533.00000,2207.47412
533.50000,2209.64209
534.00000,2212.54102
534.50000,2214.71143
535.00000,2215.10498
535.50000,2213.33179
536.00000,2209.33716
536.50000,2204.43164
537.00000,2200.08008
537.50000,2197.71729
538.00000,2197.72217
538.50000,2200.13037
539.00000,2203.58228
539.50000,2206.72681
540.00000,2208.21582
540.50000,2207.95337
541.00000,2206.35742
541.50000,2204.68213
542.00000,2203.74951
542.50000,2203.76733
543.00000,2204.00146
543.50000,2203.60229
544.00000,2201.79224
544.50000,2198.83740
545.00000,2195.48486
545.50000,2193.10254
546.00000,2192.52563
546.50000,2194.22583
547.00000,2197.25830
547.50000,2200.59961
548.00000,2203.00708
548.50000,2203.84937
549.00000,2202.71802
549.50000,2200.01636
550.00000,2196.54272
550.50000,2193.23340
551.00000,2190.84106
551.50000,2189.97656
552.00000,2191.12500
552.50000,2193.96533
553.00000,2198.13477
553.50000,2202.55981
554.00000,2206.13037
554.50000,2207.38550
555.00000,2206.63745
555.50000,2204.45996
556.00000,2202.06982
556.50000,2200.54761
557.00000,2200.48364
557.50000,2201.33887
558.00000,2202.10156
558.50000,2201.46899
559.00000,2199.27002
559.50000,2196.13696
560.00000,2193.25684
560.50000,2191.45435
561.00000,2191.09033
561.50000,2191.52124
562.00000,2191.96899
562.50000,2191.80127
563.00000,2191.16211
563.50000,2190.60205
564.00000,2190.65454
564.50000,2191.25342
565.00000,2192.00732
565.50000,2192.45679
566.00000,2192.54688
566.50000,2192.70239
567.00000,2193.48242
567.50000,2195.14697
568.00000,2197.03467
568.50000,2197.91919
569.00000,2196.46948
569.50000,2192.84644
570.00000,2187.95874
570.50000,2183.48877
571.00000,2180.82397
571.50000,2180.75171
572.00000,2182.61743
572.50000,2184.84106
573.00000,2185.70508
573.50000,2184.77246
574.00000,2182.34106
574.50000,2179.31372
575.00000,2176.77271
575.50000,2175.50171
576.00000,2175.68896
576.50000,2177.06738
577.00000,2179.45020
577.50000,2182.17651
578.00000,2184.65356
578.50000,2186.09497
579.00000,2186.06274
579.50000,2184.14795
580.00000,2180.85425
580.50000,2177.15454
581.00000,2174.36963
581.50000,2173.18091
582.00000,2173.60913
582.50000,2174.56885
583.00000,2174.79761
583.50000,2173.42212
584.00000,2170.74536
584.50000,2167.71094
585.00000,2165.55347
585.50000,2164.61646
586.00000,2164.44312
586.50000,2163.58350
587.00000,2160.95605
587.50000,2156.44702
588.00000,2151.65137
588.50000,2148.48804
589.00000,2149.15063
589.50000,2153.31885
590.00000,2160.02856
590.50000,2167.04761
591.00000,2172.46387
591.50000,2175.13013
592.00000,2176.21167
592.50000,2176.94531
593.00000,2178.12427
593.50000,2179.41528
594.00000,2179.75854
594.50000,2178.12866
595.00000,2174.64893
595.50000,2170.37183
596.00000,2167.44556
596.50000,2167.47583
597.00000,2170.96558
597.50000,2176.20752
598.00000,2181.48145
598.50000,2185.24023
599.00000,2187.16919
599.50000,2187.55713
600.00000,2187.51416
600.50000,2187.46289
601.00000,2186.78418
601.50000,2184.33960
602.00000,2178.98560
602.50000,2171.01978
603.00000,2162.03418
603.50000,2154.62354
604.00000,2150.83545
604.50000,2152.01587
605.00000,2158.30273
605.50000,2167.35938
606.00000,2176.67725
606.50000,2183.63013
607.00000,2187.07617
607.50000,2185.92285
608.00000,2181.50806
608.50000,2174.74561
609.00000,2166.98267
609.50000,2159.66357
610.00000,2154.14819
610.50000,2151.19214
611.00000,2150.98511
611.50000,2153.33252
612.00000,2156.67114
612.50000,2159.85693
613.00000,2161.88184
613.50000,2162.60083
614.00000,2162.22046
614.50000,2161.49829
615.00000,2160.89502
615.50000,2160.33472
616.00000,2159.14331
616.50000,2156.53125
617.00000,2152.31689
617.50000,2147.30493
618.00000,2142.82690
618.50000,2140.17139
619.00000,2139.97559
619.50000,2142.33667
620.00000,2145.76172
620.50000,2148.84717
621.00000,2150.30103
621.50000,2149.99731
622.00000,2148.39014
622.50000,2146.62012
623.00000,2145.50122
623.50000,2145.59375
624.00000,2146.62329
624.50000,2148.19922
625.00000,2149.67871
625.50000,2150.55347
626.00000,2150.23267
626.50000,2148.66797
627.00000,2146.05249
627.50000,2142.88135
628.00000,2140.06616
628.50000,2138.63770
629.00000,2139.21094
629.50000,2141.56299
630.00000,2144.91260
630.50000,2147.52612
631.00000,2147.79565
631.50000,2144.35156
632.00000,2138.20532
632.50000,2130.78418
633.00000,2124.23462
633.50000,2120.02368
634.00000,2119.55225
634.50000,2122.06299
635.00000,2126.99121
635.50000,2133.51074
636.00000,2140.63086
636.50000,2147.55566
637.00000,2153.19531
637.50000,2156.57861
638.00000,2156.17969
638.50000,2152.62939
639.00000,2146.86108
639.50000,2141.02051
640.00000,2137.17847
640.50000,2136.93628
641.00000,2139.60034
641.50000,2143.31519
642.00000,2145.30713
642.50000,2144.30884
643.00000,2140.46558
643.50000,2135.49536
644.00000,2131.44434
644.50000,2129.84595
645.00000,2130.37939
645.50000,2131.83521
646.00000,2132.49487
646.50000,2131.41772
647.00000,2128.43042
647.50000,2124.50464
648.00000,2121.02637
648.50000,2119.20386
649.00000,2119.32666
649.50000,2121.38989
650.00000,2125.29712
650.50000,2130.18774
651.00000,2135.22876
651.50000,2139.19482
652.00000,2141.10815
652.50000,2139.79126
653.00000,2135.89063
653.50000,2130.81738
654.00000,2126.63403
654.50000,2124.72119
655.00000,2125.77808
655.50000,2128.79688
656.00000,2131.88330
656.50000,2132.62622
657.00000,2129.98560
657.50000,2123.75854
658.00000,2114.93066
658.50000,2105.89160
659.00000,2098.91748
659.50000,2095.29492
660.00000,2095.01538
660.50000,2097.79565
661.00000,2101.60620
661.50000,2104.77710
662.00000,2105.69556
662.50000,2104.14844
663.00000,2100.62500
663.50000,2097.15454
664.00000,2096.02173
664.50000,2099.84546
665.00000,2107.69629
665.50000,2117.91284
666.00000,2127.12524
666.50000,2132.43701
667.00000,2131.45898
667.50000,2125.28931
668.00000,2116.63184
668.50000,2109.22681
669.00000,2105.59521
669.50000,2106.63843
670.00000,2110.60107
670.50000,2114.12866
671.00000,2114.65845
671.50000,2112.10938
672.00000,2108.05469
672.50000,2105.20117
673.00000,2105.30859
673.50000,2108.88647
674.00000,2114.30737
674.50000,2118.94824
675.00000,2120.19824
675.50000,2117.79028
676.00000,2113.23657
676.50000,2109.28760
677.00000,2108.00244
677.50000,2110.40112
678.00000,2115.47900
678.50000,2120.99097
679.00000,2124.29858
679.50000,2124.11035
680.00000,2120.25171
680.50000,2113.68604
681.00000,2106.81836
681.50000,2101.90796
682.00000,2100.11816
682.50000,2101.08594
683.00000,2104.03442
683.50000,2107.19116
684.00000,2109.45386
684.50000,2110.36694
685.00000,2110.66699
685.50000,2111.48364
686.00000,2113.84839
686.50000,2117.93872
687.00000,2123.31104
687.50000,2128.36084
688.00000,2131.70898
688.50000,2132.40601
689.00000,2130.80176
689.50000,2127.14819
690.00000,2122.20483
690.50000,2116.50952
691.00000,2110.38867
691.50000,2104.47974
692.00000,2099.69604
692.50000,2097.32666
693.00000,2097.89917
693.50000,2101.90894
694.00000,2107.76392
694.50000,2113.59302
695.00000,2117.28125
695.50000,2118.27295
696.00000,2116.64404
696.50000,2113.62866
697.00000,2110.91602
697.50000,2110.03345
698.00000,2111.43604
698.50000,2114.84448
699.00000,2119.55884
699.50000,2124.15845
700.00000,2127.46777
700.50000,2128.78760
701.00000,2128.32080
701.50000,2126.43115
702.00000,2124.13892
702.50000,2122.12500
703.00000,2120.71216
703.50000,2119.55908
704.00000,2118.20435
704.50000,2116.38818
705.00000,2114.38599
705.50000,2112.93237
706.00000,2112.57324
706.50000,2113.26050
707.00000,2114.38306
707.50000,2115.15649
708.00000,2115.29834
708.50000,2115.30298
709.00000,2115.96631
709.50000,2118.04932
710.00000,2121.07373
710.50000,2123.99438
711.00000,2125.32129
711.50000,2124.58423
712.00000,2121.99683
712.50000,2119.03174
713.00000,2116.99683
713.50000,2116.66821
714.00000,2117.38574
714.50000,2118.37280
715.00000,2118.90991
715.50000,2118.91162
716.00000,2118.64819
716.50000,2118.54346
717.00000,2118.77197
717.50000,2119.39771
718.00000,2120.35693
718.50000,2121.84888
719.00000,2124.12183
719.50000,2126.87378
720.00000,2129.34473
720.50000,2130.54663
721.00000,2129.94800
721.50000,2127.42676
722.00000,2124.29175
722.50000,2121.75269
723.00000,2120.70142
723.50000,2120.86523
724.00000,2121.36694
724.50000,2121.02148
725.00000,2119.27686
725.50000,2116.19824
726.00000,2112.98267
726.50000,2110.58252
727.00000,2109.60425
727.50000,2109.95508
728.00000,2111.54663
728.50000,2113.84058
729.00000,2116.38623
729.50000,2118.53613
730.00000,2119.63916
730.50000,2118.83472
731.00000,2115.62378
731.50000,2110.31714
732.00000,2103.45947
732.50000,2096.69580
733.00000,2091.58936
733.50000,2089.96240
734.00000,2092.09180
734.50000,2098.19727
735.00000,2106.82422
735.50000,2115.61792
736.00000,2121.49854
736.50000,2122.82422
737.00000,2119.07471
737.50000,2111.46753
738.00000,2103.51685
738.50000,2098.72437
739.00000,2099.23560
739.50000,2104.31836
740.00000,2111.82422
740.50000,2118.19458
741.00000,2121.05396
741.50000,2119.29443
742.00000,2114.49487
742.50000,2108.53564
743.00000,2103.74121
743.50000,2101.39355
744.00000,2102.45435
744.50000,2105.72095
745.00000,2110.05762
745.50000,2113.86841
746.00000,2115.95337
746.50000,2115.52002
747.00000,2113.21069
747.50000,2110.14624
748.00000,2107.63843
748.50000,2106.30493
749.00000,2106.08960
749.50000,2106.22119
750.00000,2105.91846
750.50000,2104.96851
751.00000,2104.08716
751.50000,2104.19312
752.00000,2106.04907
752.50000,2108.82178
753.00000,2111.04370
753.50000,2110.97827
754.00000,2108.58179
754.50000,2104.90283
755.00000,2102.16553
755.50000,2101.87964
756.00000,2104.57202
756.50000,2108.38379
757.00000,2111.23535
757.50000,2111.48315
758.00000,2109.27661
758.50000,2105.71313
759.00000,2102.76514
759.50000,2101.55981
760.00000,2102.37231
760.50000,2104.14307
761.00000,2106.17285
761.50000,2108.33521
762.00000,2110.93335
762.50000,2114.08301
763.00000,2116.88477
763.50000,2117.82227
764.00000,2115.01733
764.50000,2108.60449
765.00000,2099.51514
765.50000,2090.45972
766.00000,2083.92627
766.50000,2082.29614
767.00000,2084.68237
767.50000,2089.55151
768.00000,2094.39038
768.50000,2097.16797
769.00000,2096.86011
769.50000,2094.21875
770.00000,2090.75928
770.50000,2088.42822
771.00000,2088.44360
771.50000,2091.45776
772.00000,2097.06982
772.50000,2103.53979
773.00000,2108.93774
773.50000,2111.82251
774.00000,2111.96313
774.50000,2109.90186
775.00000,2107.76099
775.50000,2107.22290
776.00000,2109.25952
776.50000,2113.02124
777.00000,2117.04126
777.50000,2119.72168
778.00000,2120.33203
778.50000,2118.72607
779.00000,2116.25439
779.50000,2114.15894
780.00000,2113.59033
780.50000,2114.77271
781.00000,2117.46338
781.50000,2120.28369
782.00000,2121.74414
782.50000,2120.09619
783.00000,2115.47559
783.50000,2108.73975
784.00000,2102.41040
784.50000,2098.94458
785.00000,2100.33789
785.50000,2105.36719
786.00000,2111.78101
786.50000,2116.54614
787.00000,2118.16919
787.50000,2116.49609
788.00000,2113.29541
788.50000,2110.49878
789.00000,2109.13403
789.50000,2108.36670
790.00000,2106.85913
790.50000,2103.62842
791.00000,2099.60400
791.50000,2096.86230
792.00000,2097.45972
792.50000,2101.51123
793.00000,2107.37402
793.50000,2111.91577
794.00000,2113.15869
794.50000,2110.84106
795.00000,2107.29224
795.50000,2105.03833
796.00000,2105.54663
796.50000,2108.33862
797.00000,2111.88550
797.50000,2114.40137
798.00000,2115.40186
798.50000,2115.82373
799.00000,2117.22217
799.50000,2120.67383
800.00000,2125.48926
800.50000,2129.98755
801.00000,2131.76294
801.50000,2130.58911
802.00000,2127.10083
802.50000,2123.20068
803.00000,2120.76782
803.50000,2121.20337
804.00000,2124.15625
804.50000,2128.46021
805.00000,2132.42358
805.50000,2134.64624
806.00000,2134.23145
806.50000,2131.32031
807.00000,2127.23145
807.50000,2123.58789
808.00000,2121.79321
808.50000,2122.35767
809.00000,2125.00464
809.50000,2127.99585
810.00000,2129.83374
810.50000,2129.85742
811.00000,2128.77002
811.50000,2127.92041
812.00000,2128.51758
812.50000,2130.83496
813.00000,2134.11841
813.50000,2136.75586
814.00000,2137.44507
814.50000,2136.07690
815.00000,2133.87622
815.50000,2132.77588
816.00000,2134.08472
816.50000,2138.06152
817.00000,2143.70801
817.50000,2148.87329
818.00000,2151.65845
818.50000,2151.44263
819.00000,2149.26294
819.50000,2147.05640
820.00000,2146.74219
820.50000,2149.33887
821.00000,2154.75049
821.50000,2161.15796
822.00000,2166.49829
822.50000,2168.99561
823.00000,2168.11646
823.50000,2163.75610
824.00000,2158.02319
824.50000,2152.79688
825.00000,2149.95923
825.50000,2149.85742
826.00000,2152.18262
826.50000,2155.20142
827.00000,2157.30151
827.50000,2157.08325
828.00000,2155.09326
828.50000,2152.40137
829.00000,2150.52979
829.50000,2150.14014
830.00000,2151.22192
830.50000,2152.78394
831.00000,2154.01611
831.50000,2154.59937
832.00000,2155.13721
832.50000,2156.44165
833.00000,2159.04932
833.50000,2162.57959
834.00000,2166.17285
834.50000,2168.85278
835.00000,2170.24146
835.50000,2170.51489
836.00000,2170.60620
836.50000,2171.08130
837.00000,2171.86108
837.50000,2172.23682
838.00000,2171.15259
838.50000,2168.48633
839.00000,2164.92456
839.50000,2161.81421
840.00000,2160.21948
840.50000,2160.67578
841.00000,2162.64355
841.50000,2165.08765
842.00000,2167.29541
842.50000,2169.31323
843.00000,2171.77075
843.50000,2175.54810
844.00000,2180.63794
844.50000,2186.51587
845.00000,2192.00708
845.50000,2196.25708
846.00000,2198.70801
846.50000,2200.00781
847.00000,2200.70923
847.50000,2201.09937
848.00000,2201.08252
848.50000,2200.28955
849.00000,2198.87256
849.50000,2197.53857
850.00000,2197.45483
850.50000,2199.03955
851.00000,2202.28418
851.50000,2206.64893
852.00000,2211.41821
852.50000,2216.52637
853.00000,2222.22461
853.50000,2228.60010
854.00000,2235.11377
854.50000,2240.50854
855.00000,2243.46997
855.50000,2243.45898
856.00000,2241.75879
856.50000,2240.27075
857.00000,2240.78589
857.50000,2243.70508
858.00000,2248.26318
858.50000,2252.41211
859.00000,2254.85767
859.50000,2255.64795
860.00000,2256.28345
860.50000,2258.40356
861.00000,2262.27344
861.50000,2266.87988
862.00000,2270.23975
862.50000,2271.22632
863.00000,2269.72681
863.50000,2267.30444
864.00000,2266.02954
864.50000,2267.77490
865.00000,2272.32788
865.50000,2278.50562
866.00000,2284.50391
866.50000,2289.03125
867.00000,2291.64380
867.50000,2293.00024
868.00000,2294.13135
868.50000,2295.78345
869.00000,2298.04297
869.50000,2300.73071
870.00000,2303.75220
870.50000,2307.18018
871.00000,2311.27197
871.50000,2315.84644
872.00000,2320.17334
872.50000,2323.00854
873.00000,2323.90063
873.50000,2323.01367
874.00000,2321.37378
874.50000,2320.38525
875.00000,2320.99146
875.50000,2323.01831
876.00000,2325.55859
876.50000,2327.46826
877.00000,2328.13574
877.50000,2327.24292
878.00000,2324.54883
878.50000,2320.16675
879.00000,2313.92407
879.50000,2306.69531
880.00000,2300.12402
880.50000,2297.16333
881.00000,2298.88135
881.50000,2305.29272
882.00000,2313.75488
882.50000,2320.12256
883.00000,2320.31714
883.50000,2313.81201
884.00000,2302.99414
884.50000,2291.96338
885.00000,2284.26880
885.50000,2281.41528
886.00000,2282.42432
886.50000,2284.65820
887.00000,2286.14600
887.50000,2286.26074
888.00000,2285.43604
888.50000,2284.23535
889.00000,2282.80127
889.50000,2280.59399
890.00000,2277.11475
890.50000,2272.69434
891.00000,2268.29199
891.50000,2265.03369
892.00000,2263.33765
892.50000,2262.80273
893.00000,2262.14453
893.50000,2260.48853
894.00000,2257.89893
894.50000,2255.29810
895.00000,2253.82593
895.50000,2253.61865
896.00000,2254.01367
896.50000,2253.80640
897.00000,2252.43872
897.50000,2250.24927
898.00000,2248.47925
898.50000,2248.00684
899.00000,2249.07520
899.50000,2250.52148
900.00000,2251.20923
900.50000,2250.41309
901.00000,2248.67090
901.50000,2246.76636
902.00000,2245.25806
902.50000,2243.92969
903.00000,2242.02661
903.50000,2239.31909
904.00000,2236.37378
904.50000,2234.62109
905.00000,2234.96606
905.50000,2237.60986
906.00000,2241.09082
906.50000,2243.77686
907.00000,2244.43945
907.50000,2243.96338
908.00000,2243.75732
908.50000,2245.13281
909.00000,2247.75928
909.50000,2250.12939
910.00000,2250.50049
910.50000,2248.43506
911.00000,2244.81006
911.50000,2241.90015
912.00000,2241.17407
912.50000,2242.41772
913.00000,2243.82690
913.50000,2243.58203
914.00000,2241.48560
914.50000,2238.82324
915.00000,2237.95386
915.50000,2240.01831
916.00000,2245.10913
916.50000,2251.65723
917.00000,2257.66284
917.50000,2261.57886
918.00000,2263.37036
918.50000,2263.52466
919.00000,2262.41846
919.50000,2260.48047
920.00000,2257.71191
920.50000,2254.55054
921.00000,2251.96094
921.50000,2251.56445
922.00000,2254.01978
922.50000,2259.16577
923.00000,2265.75439
923.50000,2271.62622
924.00000,2275.10596
924.50000,2275.95532
925.00000,2275.45801
925.50000,2275.49927
926.00000,2277.37231
926.50000,2281.14551
927.00000,2285.61426
927.50000,2289.08154
928.00000,2290.55200
928.50000,2290.71045
929.00000,2291.21997
929.50000,2293.92944
930.00000,2298.66797
930.50000,2304.10840
931.00000,2307.90503
931.50000,2308.82202
932.00000,2306.76416
932.50000,2303.80347
933.00000,2302.22607
933.50000,2304.21606
934.00000,2309.15381
934.50000,2315.81299
935.00000,2322.30298
935.50000,2327.49390
936.00000,2331.20215
936.50000,2334.44434
937.00000,2338.29614
937.50000,2343.72021
938.00000,2350.40967
938.50000,2357.74561
939.00000,2364.67041
939.50000,2370.47021
940.00000,2374.88110
940.50000,2378.90747
941.00000,2384.16040
941.50000,2393.22681
942.00000,2406.86108
942.50000,2425.39893
943.00000,2447.18359
943.50000,2469.31299
944.00000,2488.90356
944.50000,2504.74365
945.00000,2517.04346
945.50000,2526.79346
946.00000,2535.93994
946.50000,2545.41821
947.00000,2555.41797
947.50000,2565.57666
948.00000,2575.56982
948.50000,2585.44922
949.00000,2595.49146
949.50000,2605.96826
950.00000,2616.71289
950.50000,2627.24243
951.00000,2636.80420
951.50000,2644.78809
952.00000,2650.20264
952.50000,2653.15161
953.00000,2653.94629
953.50000,2653.65747
954.00000,2654.17798
954.50000,2657.55615
955.00000,2664.76782
955.50000,2675.05298
956.00000,2686.55835
956.50000,2696.38892
957.00000,2702.60034
957.50000,2704.72632
958.00000,2704.98853
958.50000,2705.89697
959.00000,2709.20508
959.50000,2714.54810
960.00000,2719.71460
960.50000,2721.93530
961.00000,2719.37134
961.50000,2712.08032
962.00000,2702.73730
962.50000,2693.99780
963.00000,2687.55054
963.50000,2683.15820
964.00000,2679.22510
964.50000,2673.57764
965.00000,2664.68164
965.50000,2652.07104
966.00000,2636.86206
966.50000,2620.00293
967.00000,2602.89893
967.50000,2586.55151
968.00000,2572.07935
968.50000,2559.65137
969.00000,2549.38916
969.50000,2540.69214
970.00000,2532.50928
970.50000,2524.14233
971.00000,2515.62939
971.50000,2507.77783
972.00000,2502.22119
972.50000,2499.65259
973.00000,2500.51611
973.50000,2503.96558
974.00000,2508.32837
974.50000,2511.92603
975.00000,2513.71094
975.50000,2513.44971
976.00000,2511.65649
976.50000,2509.88208
977.00000,2509.65698
977.50000,2511.95850
978.00000,2516.50928
978.50000,2522.44312
979.00000,2527.99927
979.50000,2532.00488
980.00000,2534.03711
980.50000,2535.22168
981.00000,2537.05298
981.50000,2540.92627
982.00000,2547.25073
982.50000,2556.18433
983.00000,2566.51587
983.50000,2577.39893
984.00000,2588.09009
984.50000,2598.23779
985.00000,2607.67896
985.50000,2616.59302
986.00000,2625.33911
986.50000,2634.54370
987.00000,2644.82031
987.50000,2656.94067
988.00000,2671.71338
988.50000,2689.07300
989.00000,2709.04565
989.50000,2730.43506
990.00000,2751.75708
990.50000,2771.29004
991.00000,2788.92212
991.50000,2805.82910
992.00000,2825.11377
992.50000,2849.68140
993.00000,2882.67017
993.50000,2923.11670
994.00000,2968.17822
994.50000,3014.16260
995.00000,3057.91553
995.50000,3098.46851
996.00000,3137.12329
996.50000,3176.22168
997.00000,3217.65015
997.50000,3261.30762
998.00000,3305.97290
998.50000,3349.80469
999.00000,3391.68433
999.50000,3431.05127
1000.00000,3468.20557
1000.50000,3503.90552
1001.00000,3538.27441
1001.50000,3571.24463
1002.00000,3601.92236
1002.50000,3628.05249
1003.00000,3648.31689
1003.50000,3660.20581
1004.00000,3662.81616
1004.50000,3657.35571
1005.00000,3643.92407
1005.50000,3625.15234
1006.00000,3602.01001
1006.50000,3574.49951
1007.00000,3543.49390
1007.50000,3509.20630
1008.00000,3472.80542
1008.50000,3435.41968
1009.00000,3397.15894
1009.50000,3357.44727
1010.00000,3315.11523
1010.50000,3269.24023
1011.00000,3220.98340
1011.50000,3172.18677
1012.00000,3125.33984
1012.50000,3081.94385
1013.00000,3043.50195
1013.50000,3009.00879
1014.00000,2978.18726
1014.50000,2950.86035
1015.00000,2926.23096
1015.50000,2904.00879
1016.00000,2883.03027
1016.50000,2862.20044
1017.00000,2840.77148
1017.50000,2819.08423
1018.00000,2798.30103
1018.50000,2780.30884
1019.00000,2766.22217
1019.50000,2757.44263
1020.00000,2753.22461
1020.50000,2752.04517
1021.00000,2751.81250
1021.50000,2749.91187
1022.00000,2744.23291
1022.50000,2733.71802
1023.00000,2719.42651
1023.50000,2702.70410
1024.00000,2685.94946
1024.50000,2670.78687
1025.00000,2658.48633
1025.50000,2648.64600
1026.00000,2641.10059
1026.50000,2635.36768
1027.00000,2630.77417
1027.50000,2626.74585
1028.00000,2622.33301
1028.50000,2616.73438
1029.00000,2609.31201
1029.50000,2600.65576
1030.00000,2591.66504
1030.50000,2583.59570
1031.00000,2577.16943
1031.50000,2572.94312
1032.00000,2570.31421
1032.50000,2568.71509
1033.00000,2567.50977
1033.50000,2566.03369
1034.00000,2563.72192
1034.50000,2560.31396
1035.00000,2556.02710
1035.50000,2551.33325
1036.00000,2546.91650
1036.50000,2542.99731
1037.00000,2539.16333
1037.50000,2534.69238
1038.00000,2529.20801
1038.50000,2523.56641
1039.00000,2519.38843
1039.50000,2519.06787
1040.00000,2522.48022
1040.50000,2528.36353
1041.00000,2533.79077
1041.50000,2536.28223
1042.00000,2534.56665
1042.50000,2530.32275
1043.00000,2526.20068
1043.50000,2524.97656
1044.00000,2526.60327
1044.50000,2529.66846
1045.00000,2531.41187
1045.50000,2530.01025
1046.00000,2524.65625
1046.50000,2517.19531
1047.00000,2510.19287
1047.50000,2506.94604
1048.00000,2508.49902
1048.50000,2515.22949
1049.00000,2525.49243
1049.50000,2536.14819
1050.00000,2543.86060
1050.50000,2546.92651
1051.00000,2545.51636
1051.50000,2541.22339
1052.00000,2537.36328
1052.50000,2536.25732
1053.00000,2538.58423
1053.50000,2542.92285
1054.00000,2547.40845
1054.50000,2550.49829
1055.00000,2551.76294
1055.50000,2551.19556
1056.00000,2549.20459
1056.50000,2545.17163
1057.00000,2538.48315
1057.50000,2529.61768
1058.00000,2520.38184
1058.50000,2513.99683
1059.00000,2513.34961
1059.50000,2520.42603
1060.00000,2532.50952
1060.50000,2546.02637
1061.00000,2556.36060
1061.50000,2561.12598
1062.00000,2559.17822
1062.50000,2553.77515
1063.00000,2548.05029
1063.50000,2545.06494
1064.00000,2545.52637
1064.50000,2549.07275
1065.00000,2553.69556
1065.50000,2557.49902
1066.00000,2558.87109
1066.50000,2558.11255
1067.00000,2556.12939
1067.50000,2554.61743
1068.00000,2554.93164
1068.50000,2557.92480
1069.00000,2562.81494
1069.50000,2568.07227
1070.00000,2571.76074
1070.50000,2573.19702
1071.00000,2572.41626
1071.50000,2570.33765
1072.00000,2568.09741
1072.50000,2566.12915
1073.00000,2564.24585
1073.50000,2562.21045
1074.00000,2560.29419
1074.50000,2559.24341
1075.00000,2559.87061
1075.50000,2562.30762
1076.00000,2565.61938
1076.50000,2568.78711
1077.00000,2571.34839
1077.50000,2573.72925
1078.00000,2576.85400
1078.50000,2580.81152
1079.00000,2584.65039
1079.50000,2586.54736
1080.00000,2585.57739
1080.50000,2581.83667
1081.00000,2577.71411
1081.50000,2575.55151
1082.00000,2577.19482
1082.50000,2581.54443
1083.00000,2586.84180
1083.50000,2590.93530
1084.00000,2593.06396
1084.50000,2593.57007
1085.00000,2594.12354
1085.50000,2596.01050
1086.00000,2599.93945
1086.50000,2605.03442
1087.00000,2609.97583
1087.50000,2613.17700
1088.00000,2613.90527
1088.50000,2611.97437
1089.00000,2609.24341
1089.50000,2607.81836
1090.00000,2609.89014
1090.50000,2615.34009
1091.00000,2622.95752
1091.50000,2629.96802
1092.00000,2634.30322
1092.50000,2634.58716
1093.00000,2632.40747
1093.50000,2629.37524
1094.00000,2626.94141
1094.50000,2625.43311
1095.00000,2624.77832
1095.50000,2625.03931
1096.00000,2626.87085
1096.50000,2631.87744
1097.00000,2639.85083
1097.50000,2649.90210
1098.00000,2659.75024
1098.50000,2667.27832
1099.00000,2670.99561
1099.50000,2671.66504
1100.00000,2670.89795
1100.50000,2670.40405
1101.00000,2671.13257
1101.50000,2673.32129
1102.00000,2676.71631
1102.50000,2680.89014
1103.00000,2685.87134
1103.50000,2691.59302
1104.00000,2697.89868
1104.50000,2704.39331
1105.00000,2710.44922
1105.50000,2715.48730
1106.00000,2719.25391
1106.50000,2722.09839
1107.00000,2724.54858
1107.50000,2727.34595
1108.00000,2730.92334
1108.50000,2735.44336
1109.00000,2740.42432
1109.50000,2745.43677
1110.00000,2750.20166
1110.50000,2754.84448
1111.00000,2759.85156
1111.50000,2765.69556
1112.00000,2772.69165
1112.50000,2781.02368
1113.00000,2790.26245
1113.50000,2800.08984
1114.00000,2810.00049
1114.50000,2819.52979
1115.00000,2828.07422
1115.50000,2835.45386
1116.00000,2841.63306
1116.50000,2846.94116
1117.00000,2852.28223
1117.50000,2858.74878
1118.00000,2867.21411
1118.50000,2877.80322
1119.00000,2890.37695
1119.50000,2903.52588
1120.00000,2916.00586
1120.50000,2926.70190
1121.00000,2935.65723
1121.50000,2943.31689
1122.00000,2950.87866
1122.50000,2959.40210
1123.00000,2970.12207
1123.50000,2983.08398
1124.00000,2998.30469
1124.50000,3015.19214
1125.00000,3032.48340
1125.50000,3049.05640
1126.00000,3064.55127
1126.50000,3079.69263
1127.00000,3096.35107
1127.50000,3115.66064
1128.00000,3137.68848
1128.50000,3160.37036
1129.00000,3180.80786
1129.50000,3196.50684
1130.00000,3208.46191
1130.50000,3219.70020
1131.00000,3234.65918
1131.50000,3254.97241
1132.00000,3280.26831
1132.50000,3307.19873
1133.00000,3331.96533
1133.50000,3351.59521
1134.00000,3366.65967
1134.50000,3379.26807
1135.00000,3392.71704
1135.50000,3409.82568
1136.00000,3432.83594
1136.50000,3461.88770
1137.00000,3494.62036
1137.50000,3527.96313
1138.00000,3558.88062
1138.50000,3586.62427
1139.00000,3613.23047
1139.50000,3642.73267
1140.00000,3678.92749
1140.50000,3722.60083
1141.00000,3771.45068
1141.50000,3823.84668
1142.00000,3878.92822
1142.50000,3938.71631
1143.00000,4006.63672
1143.50000,4082.16040
1144.00000,4163.84912
1144.50000,4248.17676
1145.00000,4333.50830
1145.50000,4422.34521
1146.00000,4518.32471
1146.50000,4625.34082
1147.00000,4745.90088
1147.50000,4877.30029
1148.00000,5019.39551
1148.50000,5170.84912
1149.00000,5330.28418
1149.50000,5496.31738
1150.00000,5662.88770
1150.50000,5824.38965
1151.00000,5976.61963
1151.50000,6121.24512
1152.00000,6260.51758
1152.50000,6395.94971
1153.00000,6523.85254
1153.50000,6630.51270
1154.00000,6708.34473
1154.50000,6748.52002
1155.00000,6749.91797
1155.50000,6723.49365
1156.00000,6673.28369
1156.50000,6604.89746
1157.00000,6517.76904
1157.50000,6403.99121
1158.00000,6266.34668
1158.50000,6106.06396
1159.00000,5930.38281
1159.50000,5749.08057
1160.00000,5568.45361
1160.50000,5391.67188
1161.00000,5219.24414
1161.50000,5052.01611
1162.00000,4890.20166
1162.50000,4736.54297
1163.00000,4593.56787
1163.50000,4461.44043
1164.00000,4341.83154
1164.50000,4231.97119
1165.00000,4130.34131
1165.50000,4037.05298
1166.00000,3950.90991
1166.50000,3873.43188
1167.00000,3805.03149
1167.50000,3744.39185
1168.00000,3691.10107
1168.50000,3642.17163
1169.00000,3596.22388
1169.50000,3553.07886
1170.00000,3512.75757
1170.50000,3476.35083
1171.00000,3444.06982
1171.50000,3415.26392
1172.00000,3389.84399
1172.50000,3366.83740
1173.00000,3346.32495
1173.50000,3328.85718
1174.00000,3314.17993
1174.50000,3302.32178
1175.00000,3292.32495
1175.50000,3283.08228
1176.00000,3273.65454
1176.50000,3263.58130
1177.00000,3252.93237
1177.50000,3242.39380
1178.00000,3232.95972
1178.50000,3226.20288
1179.00000,3223.32593
1179.50000,3225.08105
1180.00000,3233.06934
1180.50000,3245.82764
1181.00000,3262.17603
1181.50000,3279.46948
1182.00000,3294.67603
1182.50000,3304.70776
1183.00000,3308.98438
1183.50000,3308.79810
1184.00000,3306.81494
1184.50000,3306.89917
1185.00000,3312.01025
1185.50000,3323.33008
1186.00000,3339.03247
1186.50000,3356.63550
1187.00000,3372.69800
1187.50000,3385.06348
1188.00000,3392.39648
1188.50000,3396.62500
1189.00000,3399.79468
1189.50000,3404.25659
1190.00000,3410.83398
1190.50000,3418.89917
1191.00000,3426.03320
1191.50000,3430.02563
1192.00000,3429.32715
1192.50000,3425.46802
1193.00000,3420.20166
1193.50000,3415.30469
1194.00000,3410.84375
1194.50000,3404.74683
1195.00000,3394.54370
1195.50000,3378.47046
1196.00000,3356.26978
1196.50000,3331.34448
1197.00000,3307.12549
1197.50000,3286.32031
1198.00000,3268.93848
1198.50000,3253.18188
1199.00000,3235.91235
1199.50000,3215.53418
1200.00000,3192.88501
1200.50000,3171.43774
1201.00000,3155.15332
1201.50000,3145.26465
1202.00000,3139.49487
1202.50000,3133.37085
1203.00000,3122.84668
1203.50000,3106.74365
1204.00000,3087.68579
1204.50000,3070.67236
1205.00000,3059.73828
1205.50000,3054.69849
1206.00000,3052.72021
1206.50000,3050.58911
1207.00000,3046.88940
1207.50000,3042.41919
1208.00000,3039.05493
1208.50000,3037.47803
1209.00000,3037.06470
1209.50000,3036.33154
1210.00000,3034.87183
1210.50000,3033.80566
1211.00000,3034.56396
1211.50000,3037.62964
1212.00000,3041.56128
1212.50000,3044.09546
1213.00000,3043.33398
1213.50000,3039.64673
1214.00000,3034.02490
1214.50000,3026.59985
1215.00000,3016.86011
1215.50000,3003.38965
1216.00000,2986.22437
1216.50000,2967.69189
1217.00000,2950.80762
1217.50000,2936.73486
1218.00000,2924.28735
1218.50000,2910.64844
1219.00000,2894.38843
1219.50000,2876.46338
1220.00000,2860.27246
1220.50000,2848.34033
1221.00000,2841.51123
1221.50000,2836.35352
1222.00000,2829.50146
1222.50000,2819.00000
1223.00000,2806.92700
1223.50000,2796.94849
1224.00000,2792.21313
1224.50000,2792.74512
1225.00000,2796.83008
1225.50000,2800.48926
1226.00000,2801.11694
1226.50000,2797.34790
1227.00000,2790.37036
1227.50000,2781.18774
1228.00000,2771.26929
1228.50000,2761.62500
1229.00000,2753.32520
1229.50000,2746.93237
1230.00000,2743.12842
1230.50000,2742.39844
1231.00000,2744.10205
1231.50000,2747.70361
1232.00000,2751.89136
1232.50000,2755.52148
1233.00000,2757.51611
1233.50000,2758.06323
1234.00000,2757.62231
1234.50000,2756.97241
1235.00000,2756.57178
1235.50000,2756.35059
1236.00000,2755.99634
1236.50000,2755.53857
1237.00000,2755.67505
1237.50000,2757.05884
1238.00000,2759.92920
1238.50000,2763.31519
1239.00000,2765.64624
1239.50000,2765.47925
1240.00000,2763.18262
1240.50000,2760.21533
1241.00000,2758.85791
1241.50000,2760.29053
1242.00000,2764.85571
1242.50000,2771.33203
1243.00000,2777.70752
1243.50000,2781.86108
1244.00000,2782.90771
1244.50000,2780.95508
1245.00000,2777.10889
1245.50000,2773.80176
1246.00000,2773.31494
1246.50000,2776.81494
1247.00000,2783.35718
1247.50000,2790.99927
1248.00000,2797.03638
1248.50000,2800.06274
1249.00000,2800.18237
1249.50000,2799.53906
1250.00000,2800.16602
1250.50000,2803.37769
1251.00000,2809.14844
1251.50000,2817.41577
1252.00000,2827.28906
1252.50000,2838.45630
1253.00000,2850.53955
1253.50000,2862.57495
1254.00000,2873.19580
1254.50000,2881.27734
1255.00000,2886.75415
1255.50000,2890.25366
1256.00000,2893.86865
1256.50000,2899.22070
1257.00000,2907.16699
1257.50000,2916.72754
1258.00000,2926.40063
1258.50000,2934.69751
1259.00000,2941.11206
1259.50000,2945.34229
1260.00000,2948.00415
1260.50000,2948.88232
1261.00000,2947.42993
1261.50000,2943.76978
1262.00000,2938.27710
1262.50000,2932.51563
1263.00000,2927.93823
1263.50000,2925.84814
1264.00000,2925.72803
1264.50000,2926.96167
1265.00000,2928.80664
1265.50000,2930.92896
1266.00000,2933.47949
1266.50000,2936.41040
1267.00000,2939.36182
1267.50000,2941.78735
1268.00000,2943.66602
1268.50000,2945.30811
1269.00000,2947.11133
1269.50000,2948.97949
1270.00000,2950.22070
1270.50000,2950.35596
1271.00000,2949.62720
1271.50000,2949.21924
1272.00000,2950.34839
1272.50000,2953.57007
1273.00000,2957.99219
1273.50000,2962.10474
1274.00000,2964.84497
1274.50000,2966.84521
1275.00000,2969.51855
1275.50000,2974.42480
1276.00000,2981.08228
1276.50000,2987.92065
1277.00000,2992.67993
1277.50000,2994.12866
1278.00000,2991.36182
1278.50000,2985.81250
1279.00000,2978.85571
1279.50000,2972.32227
1280.00000,2967.83081
1280.50000,2966.96729
1281.00000,2969.81982
1281.50000,2974.92920
1282.00000,2979.83960
1282.50000,2982.20874
1283.00000,2981.12842
1283.50000,2977.70142
1284.00000,2974.72168
1284.50000,2974.30029
1285.00000,2976.11743
1285.50000,2978.08618
1286.00000,2977.12671
1286.50000,2972.42114
1287.00000,2964.48145
1287.50000,2955.34277
1288.00000,2946.98950
1288.50000,2940.16040
1289.00000,2934.04980
1289.50000,2927.65576
1290.00000,2920.55786
1290.50000,2913.58569
1291.00000,2907.86108
1291.50000,2903.93652
1292.00000,2900.79126
1292.50000,2896.36475
1293.00000,2888.98877
1293.50000,2878.37646
1294.00000,2865.56323
1294.50000,2853.38135
1295.00000,2844.24268
1295.50000,2839.22412
1296.00000,2836.98633
1296.50000,2835.40308
1297.00000,2832.21509
1297.50000,2826.75269
1298.00000,2819.91675
1298.50000,2813.90430
1299.00000,2810.21533
1299.50000,2808.44702
1300.00000,2806.35962
1300.50000,2801.12231
1301.00000,2792.40161
1301.50000,2781.95117
1302.00000,2773.61182
1302.50000,2770.18945
1303.00000,2772.96045
1303.50000,2779.54614
1304.00000,2786.00684
1304.50000,2788.66699
1305.00000,2787.42578
1305.50000,2784.21313
1306.00000,2782.24683
1306.50000,2783.10278
1307.00000,2786.26709
1307.50000,2788.95337
1308.00000,2789.05908
1308.50000,2785.99756
1309.00000,2782.19678
1309.50000,2779.91943
1310.00000,2780.28589
1310.50000,2781.76001
1311.00000,2781.93970
1311.50000,2779.29346
1312.00000,2774.44092
1312.50000,2769.49976
1313.00000,2766.56738
1313.50000,2766.15845
1314.00000,2766.95215
1314.50000,2767.00732
1315.00000,2765.70947
1315.50000,2764.73413
1316.00000,2766.20508
1316.50000,2771.95825
1317.00000,2779.98608
1317.50000,2787.17505
1318.00000,2789.81201
1318.50000,2787.05688
1319.00000,2779.84277
1319.50000,2772.18945
1320.00000,2767.47900
1320.50000,2768.20142
1321.00000,2772.52832
1321.50000,2777.94019
1322.00000,2781.37573
1322.50000,2781.94238
1323.00000,2780.31543
1323.50000,2778.78638
1324.00000,2778.89453
1324.50000,2781.06030
1325.00000,2783.65332
1325.50000,2784.77173
1326.00000,2783.06714
1326.50000,2778.86646
1327.00000,2773.17554
1327.50000,2767.84888
1328.00000,2764.15430
1328.50000,2763.11182
1329.00000,2764.44800
1329.50000,2767.95752
1330.00000,2772.72070
1330.50000,2777.43701
1331.00000,2780.33130
1331.50000,2780.37573
1332.00000,2777.06396
1332.50000,2770.56470
1333.00000,2762.48706
1333.50000,2754.14087
1334.00000,2746.88867
1334.50000,2741.64160
1335.00000,2739.86377
1335.50000,2741.66553
1336.00000,2746.97632
1336.50000,2754.55591
1337.00000,2762.01270
1337.50000,2767.04468
1338.00000,2768.62305
1338.50000,2767.44629
1339.00000,2765.20313
1339.50000,2764.31567
1340.00000,2766.25171
1340.50000,2771.09985
1341.00000,2776.92920
1341.50000,2781.18066
1342.00000,2781.75146
1342.50000,2778.18604
1343.00000,2771.31665
1343.50000,2764.22363
1344.00000,2759.16870
1344.50000,2757.21436
1345.00000,2757.12671
1345.50000,2757.10718
1346.00000,2755.92065
1346.50000,2754.16406
1347.00000,2754.38306
1347.50000,2758.50659
1348.00000,2767.31274
1348.50000,2778.80322
1349.00000,2789.31494
1349.50000,2795.59863
1350.00000,2797.65527
1350.50000,2797.29663
1351.00000,2797.22510
1351.50000,2799.23706
1352.00000,2803.73901
1352.50000,2809.61133
1353.00000,2815.23047
1353.50000,2818.99927
1354.00000,2820.28540
1354.50000,2818.91284
1355.00000,2815.11670
1355.50000,2810.54419
1356.00000,2806.82959
1356.50000,2805.16138
1357.00000,2805.40649
1357.50000,2806.74341
1358.00000,2807.79150
1358.50000,2808.02466
1359.00000,2807.75049
1359.50000,2807.61206
1360.00000,2807.37012
1360.50000,2805.58447
1361.00000,2800.71094
1361.50000,2791.16284
1362.00000,2779.19019
1362.50000,2767.83154
1363.00000,2761.10376
1363.50000,2760.58960
1364.00000,2767.06934
1364.50000,2778.01514
1365.00000,2789.85083
1365.50000,2798.28394
1366.00000,2801.19824
1366.50000,2797.87402
1367.00000,2790.20239
1367.50000,2782.67944
1368.00000,2779.60303
1368.50000,2782.15869
1369.00000,2788.36621
1369.50000,2794.31909
1370.00000,2796.70898
1370.50000,2794.73755
1371.00000,2790.75024
1371.50000,2788.39282
1372.00000,2790.23901
1372.50000,2795.27686
1373.00000,2800.77466
1373.50000,2803.51050
1374.00000,2803.42432
1374.50000,2801.94678
1375.00000,2801.19043
1375.50000,2801.75732
1376.00000,2802.59912
1376.50000,2801.90991
1377.00000,2798.93701
1377.50000,2794.24170
1378.00000,2789.77368
1378.50000,2786.72974
1379.00000,2784.94580
1379.50000,2783.31665
1380.00000,2781.51807
1380.50000,2780.84619
1381.00000,2783.31763
1381.50000,2790.75757
1382.00000,2801.29419
1382.50000,2811.71851
1383.00000,2818.18359
1383.50000,2819.56421
1384.00000,2816.95898
1384.50000,2814.78394
1385.00000,2816.62451
1385.50000,2823.94653
1386.00000,2833.95630
1386.50000,2843.51147
1387.00000,2850.09204
1387.50000,2853.55225
1388.00000,2854.89990
1388.50000,2856.27295
1389.00000,2858.69189
1389.50000,2862.04858
1390.00000,2865.11084
1390.50000,2866.30078
1391.00000,2864.72974
1391.50000,2860.76294
1392.00000,2855.20142
1392.50000,2849.79932
1393.00000,2845.71191
1393.50000,2843.42114
1394.00000,2842.25342
1394.50000,2841.66943
1395.00000,2841.54639
1395.50000,2842.44360
1396.00000,2845.61108
1396.50000,2850.76953
1397.00000,2856.86694
1397.50000,2862.04639
1398.00000,2864.98022
1398.50000,2864.56006
1399.00000,2860.97925
1399.50000,2854.61523
1400.00000,2845.48779
1400.50000,2835.06177
1401.00000,2825.05371
1401.50000,2817.91162
1402.00000,2814.80249
1402.50000,2816.00806
1403.00000,2819.58911
1403.50000,2823.87842
1404.00000,2827.93555
1404.50000,2831.63550
1405.00000,2834.60059
1405.50000,2835.50708
1406.00000,2832.97754
1406.50000,2825.70483
1407.00000,2815.92896
1407.50000,2807.39917
1408.00000,2804.51318
1408.50000,2807.46777
1409.00000,2814.39502
1409.50000,2820.73340
1410.00000,2823.02637
1410.50000,2819.49683
1411.00000,2813.03223
1411.50000,2807.26367
1412.00000,2806.04565
1412.50000,2809.81055
1413.00000,2817.12988
1413.50000,2824.61182
1414.00000,2829.52710
1414.50000,2829.79541
1415.00000,2826.58789
1415.50000,2821.61206
1416.00000,2817.02661
1416.50000,2814.01611
1417.00000,2812.76807
1417.50000,2812.38013
1418.00000,2812.08032
1418.50000,2812.03540
1419.00000,2813.07275
1419.50000,2816.09058
1420.00000,2821.24902
1420.50000,2827.11426
1421.00000,2831.66089
1421.50000,2833.37476
1422.00000,2832.36963
1422.50000,2830.22021
1423.00000,2829.88232
1423.50000,2833.22632
1424.00000,2840.22192
1424.50000,2848.37891
1425.00000,2854.80591
1425.50000,2857.88013
1426.00000,2858.06274
1426.50000,2857.19971
1427.00000,2857.69141
1427.50000,2860.56909
1428.00000,2864.88354
1428.50000,2868.38232
1429.00000,2869.08569
1429.50000,2867.25488
1430.00000,2864.84912
1430.50000,2865.52954
1431.00000,2871.40601
1431.50000,2883.13916
1432.00000,2897.76074
1432.50000,2910.20532
1433.00000,2915.10278
1433.50000,2913.00879
1434.00000,2907.84741
1434.50000,2906.09985
1435.00000,2911.19458
1435.50000,2922.82886
1436.00000,2935.61743
1436.50000,2944.02734
1437.00000,2944.79614
1437.50000,2941.72095
1438.00000,2940.38623
1438.50000,2945.60107
1439.00000,2956.25537
1439.50000,2969.39771
1440.00000,2981.35938
1440.50000,2991.05273
1441.00000,2999.13550
1441.50000,3006.83447
1442.00000,3013.44800
1442.50000,3016.33740
1443.00000,3014.69849
1443.50000,3009.69116
1444.00000,3005.33447
1444.50000,3004.95801
1445.00000,3010.42090
1445.50000,3018.35229
1446.00000,3024.67090
1446.50000,3025.55811
1447.00000,3021.44629
1447.50000,3015.18164
1448.00000,3011.46338
1448.50000,3012.53491
1449.00000,3018.55396
1449.50000,3025.24902
1450.00000,3028.60083
1450.50000,3025.68408
1451.00000,3017.69971
1451.50000,3007.17920
1452.00000,2997.88257
1452.50000,2991.48730
1453.00000,2987.91797
1453.50000,2985.12573
1454.00000,2982.14209
1454.50000,2979.27563
1455.00000,2977.69189
1455.50000,2978.72412
1456.00000,2981.99707
1456.50000,2986.13965
1457.00000,2989.05054
1457.50000,2989.73975
1458.00000,2988.02026
1458.50000,2984.94995
1459.00000,2982.21484
1459.50000,2981.67896
1460.00000,2984.01050
1460.50000,2988.80762
1461.00000,2994.38403
1461.50000,2998.03589
1462.00000,2997.59668
1462.50000,2992.89453
1463.00000,2986.02783
1463.50000,2980.05591
1464.00000,2977.58203
1464.50000,2979.68970
1465.00000,2986.06812
1465.50000,2994.01367
1466.00000,3001.11133
1466.50000,3005.70483
1467.00000,3007.75635
1467.50000,3007.82568
1468.00000,3007.75903
1468.50000,3009.18994
1469.00000,3013.68213
1469.50000,3021.02417
1470.00000,3030.24243
1470.50000,3038.58594
1471.00000,3043.46338
1471.50000,3042.43311
1472.00000,3037.20630
1472.50000,3030.63525
1473.00000,3026.95898
1473.50000,3028.28491
1474.00000,3034.76685
1474.50000,3042.98071
1475.00000,3049.36914
1475.50000,3052.11768
1476.00000,3053.78296
1476.50000,3057.52710
1477.00000,3065.41748
1477.50000,3075.59204
1478.00000,3084.22168
1478.50000,3088.30029
1479.00000,3088.40796
1479.50000,3088.91675
1480.00000,3094.45728
1480.50000,3106.46948
1481.00000,3121.69824
1481.50000,3134.51685
1482.00000,3140.27441
1482.50000,3139.89136
1483.00000,3137.48950
1483.50000,3139.02441
1484.00000,3147.16553
1484.50000,3161.86719
1485.00000,3180.63989
1485.50000,3200.26196
1486.00000,3218.12183
1486.50000,3232.56812
1487.00000,3242.75708
1487.50000,3248.64478
1488.00000,3253.49805
1488.50000,3261.50342
1489.00000,3276.00171
1489.50000,3296.53101
1490.00000,3320.52490
1490.50000,3343.15918
1491.00000,3361.82373
1491.50000,3376.71631
1492.00000,3391.76807
1492.50000,3411.28809
1493.00000,3437.26440
1493.50000,3468.67041
1494.00000,3504.18408
1494.50000,3540.92896
1495.00000,3577.05981
1495.50000,3610.98755
1496.00000,3642.64453
1496.50000,3673.08252
1497.00000,3705.45850
1497.50000,3742.71826
1498.00000,3788.27808
1498.50000,3840.79419
1499.00000,3898.84058
1499.50000,3961.11182
1500.00000,4026.98608
1500.50000,4098.84277
1501.00000,4178.20898
1501.50000,4263.79395
1502.00000,4353.15381
1502.50000,4441.69873
1503.00000,4527.02734
1503.50000,4609.59180
1504.00000,4693.04004
1504.50000,4782.60400
1505.00000,4881.72803
1505.50000,4990.03662
1506.00000,5106.39258
1506.50000,5225.54688
1507.00000,5344.03906
1507.50000,5459.10400
1508.00000,5570.17822
1508.50000,5676.64551
1509.00000,5778.90332
1509.50000,5876.85889
1510.00000,5968.56201
1510.50000,6053.51514
1511.00000,6129.19580
1511.50000,6193.14990
1512.00000,6245.11182
1512.50000,6282.35596
1513.00000,6306.83301
1513.50000,6320.90088
1514.00000,6325.53271
1514.50000,6322.93994
1515.00000,6311.43701
1515.50000,6289.31006
1516.00000,6257.11816
1516.50000,6214.73633
1517.00000,6165.88428
1517.50000,6112.34766
1518.00000,6052.61914
1518.50000,5984.82080
1519.00000,5905.55469
1519.50000,5815.55273
1520.00000,5719.86523
1520.50000,5624.73145
1521.00000,5534.79150
1521.50000,5449.70752
1522.00000,5364.37256
1522.50000,5273.15723
1523.00000,5172.24414
1523.50000,5063.51563
1524.00000,4952.40137
1524.50000,4845.41895
1525.00000,4745.83203
1525.50000,4653.49561
1526.00000,4565.29199
1526.50000,4476.90381
1527.00000,4385.69189
1527.50000,4291.85156
1528.00000,4197.92725
1528.50000,4108.68311
1529.00000,4026.90845
1529.50000,3953.34253
1530.00000,3885.55640
1530.50000,3819.02026
1531.00000,3751.21558
1531.50000,3683.10083
1532.00000,3618.29297
1532.50000,3563.00464
1533.00000,3517.57300
1533.50000,3479.45020
1534.00000,3442.94946
1534.50000,3403.44385
1535.00000,3359.58105
1535.50000,3314.95801
1536.00000,3274.48755
1536.50000,3244.06445
1537.00000,3222.82959
1537.50000,3207.45483
1538.00000,3192.36401
1538.50000,3173.48901
1539.00000,3149.51880
1539.50000,3124.15552
1540.00000,3102.26465
1540.50000,3089.19580
1541.00000,3083.27368
1541.50000,3080.59131
1542.00000,3075.65845
1542.50000,3065.79834
1543.00000,3050.89673
1543.50000,3034.58643
1544.00000,3019.75220
1544.50000,3008.06250
1545.00000,2998.21289
1545.50000,2989.32764
1546.00000,2981.03833
1546.50000,2973.52612
1547.00000,2967.23462
1547.50000,2962.04370
1548.00000,2958.17065
1548.50000,2956.35889
1549.00000,2956.50024
1549.50000,2957.79883
1550.00000,2958.01611
1550.50000,2955.27515
1551.00000,2948.41357
1551.50000,2939.63062
1552.00000,2931.58276
1552.50000,2926.38721
1553.00000,2923.60278
1553.50000,2922.13208
1554.00000,2920.57983
1554.50000,2918.37476
1555.00000,2915.18945
1555.50000,2910.92773
1556.00000,2905.32471
1556.50000,2898.69702
1557.00000,2892.22876
1557.50000,2887.37646
1558.00000,2884.79321
1558.50000,2884.19995
1559.00000,2885.34790
1559.50000,2887.52710
1560.00000,2890.34741
1560.50000,2892.67358
1561.00000,2892.86694
1561.50000,2888.96631
1562.00000,2881.42139
1562.50000,2872.31494
1563.00000,2864.62939
1563.50000,2859.00732
1564.00000,2854.11719
1564.50000,2847.89966
1565.00000,2840.41772
1565.50000,2834.63794
1566.00000,2834.28223
1566.50000,2841.12915
1567.00000,2853.02979
1567.50000,2864.01147
1568.00000,2869.59546
1568.50000,2868.43091
1569.00000,2863.11499
1569.50000,2856.78003
1570.00000,2852.20850
1570.50000,2850.23364
1571.00000,2850.98877
1571.50000,2853.74561
1572.00000,2858.29297
1572.50000,2863.77905
1573.00000,2869.03174
1573.50000,2872.81030
1574.00000,2874.91797
1574.50000,2875.50317
1575.00000,2874.35620
1575.50000,2871.56006
1576.00000,2867.39185
1576.50000,2863.70386
1577.00000,2863.02393
1577.50000,2867.95166
1578.00000,2876.24072
1578.50000,2884.19751
1579.00000,2887.22949
1579.50000,2884.53662
1580.00000,2877.72729
1580.50000,2871.14160
1581.00000,2867.37646
1581.50000,2866.09595
1582.00000,2864.31006
1582.50000,2860.27930
1583.00000,2854.63574
1583.50000,2850.10889
1584.00000,2849.29175
1584.50000,2851.59937
1585.00000,2854.02588
1585.50000,2852.72290
1586.00000,2846.83081
1586.50000,2836.90869
1587.00000,2825.30908
1587.50000,2814.77490
1588.00000,2807.53467
1588.50000,2804.15259
1589.00000,2804.47095
1589.50000,2808.30640
1590.00000,2813.53809
1590.50000,2818.20508
1591.00000,2820.09082
1591.50000,2818.55835
1592.00000,2813.75415
1592.50000,2807.53955
1593.00000,2801.77295
1593.50000,2798.53076
1594.00000,2798.35669
1594.50000,2801.38501
1595.00000,2805.77075
1595.50000,2808.83179
1596.00000,2807.27490
1596.50000,2800.04956
1597.00000,2787.79639
1597.50000,2773.02148
1598.00000,2760.03857
1598.50000,2751.95996
1599.00000,2749.12158
1599.50000,2749.17651
1600.00000,2749.23364
1600.50000,2747.22363
1601.00000,2743.18848
1601.50000,2739.20190
1602.00000,2737.41675
1602.50000,2738.57886
1603.00000,2741.11084
1603.50000,2742.68726
1604.00000,2741.44849
1604.50000,2738.53809
1605.00000,2736.58301
1605.50000,2738.29053
1606.00000,2743.02783
1606.50000,2747.80518
1607.00000,2748.06543
1607.50000,2741.46411
1608.00000,2727.67456
1608.50000,2713.05737
1609.00000,2703.12500
1609.50000,2701.78345
1610.00000,2707.11670
1610.50000,2715.49829
1611.00000,2721.72778
1611.50000,2723.23218
1612.00000,2719.85205
1612.50000,2714.98096
1613.00000,2711.10059
1613.50000,2709.81519
1614.00000,2710.62720
1614.50000,2712.34180
1615.00000,2713.37183
1615.50000,2713.27368
1616.00000,2712.60400
1616.50000,2712.64063
1617.00000,2714.05444
1617.50000,2716.04419
1618.00000,2716.56470
1618.50000,2713.68652
1619.00000,2708.23828
1619.50000,2702.62939
1620.00000,2700.02295
1620.50000,2700.67993
1621.00000,2702.63794
1621.50000,2702.21387
1622.00000,2698.19092
1622.50000,2691.75391
1623.00000,2686.35962
1623.50000,2684.12378
1624.00000,2685.19727
1624.50000,2686.88379
1625.00000,2687.36011
1625.50000,2686.61060
1626.00000,2685.70166
1626.50000,2685.09863
1627.00000,2683.93652
1627.50000,2680.92773
1628.00000,2676.02808
1628.50000,2671.30444
1629.00000,2669.10962
1629.50000,2670.43750
1630.00000,2674.11450
1630.50000,2677.96729
1631.00000,2679.91748
1631.50000,2679.44580
1632.00000,2677.07397
1632.50000,2674.30591
1633.00000,2672.40015
1633.50000,2672.09521
1634.00000,2673.14941
1634.50000,2674.47485
1635.00000,2674.79028
1635.50000,2673.67603
1636.00000,2672.02856
1636.50000,2671.50073
1637.00000,2673.23462
1637.50000,2675.77271
1638.00000,2676.68359
1638.50000,2673.49658
1639.00000,2667.61060
1639.50000,2661.96875
1640.00000,2660.48022
1640.50000,2663.52759
1641.00000,2668.37695
1641.50000,2670.42896
1642.00000,2667.09180
1642.50000,2657.81201
1643.00000,2646.92163
1643.50000,2638.34692
1644.00000,2634.32739
1644.50000,2634.00854
1645.00000,2636.45459
1645.50000,2640.50269
1646.00000,2645.99561
1646.50000,2652.98096
1647.00000,2659.77148
1647.50000,2664.02393
1648.00000,2663.60986
1648.50000,2658.70386
1649.00000,2650.36475
1649.50000,2641.60693
1650.00000,2634.55347
1650.50000,2630.54858
1651.00000,2629.04785
1651.50000,2629.57422
1652.00000,2631.02539
1652.50000,2632.13989
1653.00000,2631.83423
1653.50000,2630.20825
1654.00000,2627.95752
1654.50000,2626.14697
1655.00000,2625.30835
1655.50000,2625.53613
1656.00000,2626.44043
1656.50000,2627.72363
1657.00000,2628.96924
1657.50000,2629.15112
1658.00000,2626.89746
1658.50000,2621.32397
1659.00000,2614.79126
1659.50000,2611.16968
1660.00000,2613.35425
1660.50000,2620.61426
1661.00000,2629.22583
1661.50000,2633.69214
1662.00000,2631.74170
1662.50000,2625.44849
1663.00000,2619.67310
1663.50000,2618.00439
1664.00000,2620.53223
1664.50000,2624.95825
1665.00000,2628.66870
1665.50000,2630.80615
1666.00000,2631.29199
1666.50000,2629.84692
1667.00000,2626.17383
1667.50000,2619.63281
1668.00000,2611.58008
1668.50000,2603.85107
1669.00000,2598.22754
1669.50000,2594.64136
1670.00000,2592.66699
1670.50000,2591.82324
1671.00000,2591.93677
1671.50000,2593.26270
1672.00000,2595.30859
1672.50000,2597.21289
1673.00000,2597.99146
1673.50000,2597.72827
1674.00000,2597.16943
1674.50000,2597.37695
1675.00000,2598.87036
1675.50000,2601.84277
1676.00000,2605.42676
1676.50000,2608.26270
1677.00000,2608.42944
1677.50000,2605.54468
1678.00000,2600.02441
1678.50000,2594.11206
1679.00000,2590.33740
1679.50000,2590.79395
1680.00000,2593.97192
1680.50000,2597.63501
1681.00000,2599.22217
1681.50000,2598.00562
1682.00000,2594.17090
1682.50000,2589.29248
1683.00000,2584.94507
1683.50000,2582.53101
1684.00000,2582.42114
1684.50000,2584.57813
1685.00000,2588.16553
1685.50000,2591.31714
1686.00000,2592.50244
1686.50000,2591.39575
1687.00000,2588.91479
1687.50000,2586.46191
1688.00000,2585.17798
1688.50000,2585.12280
1689.00000,2585.48413
1689.50000,2585.22510
1690.00000,2583.63989
1690.50000,2580.97949
1691.00000,2578.26758
1691.50000,2577.15747
1692.00000,2578.33569
1692.50000,2581.91431
1693.00000,2586.87158
1693.50000,2591.29321
1694.00000,2593.27393
1694.50000,2592.23682
1695.00000,2588.51831
1695.50000,2582.51953
1696.00000,2575.72314
1696.50000,2569.32886
1697.00000,2564.53809
1697.50000,2561.65039
1698.00000,2560.64624
1698.50000,2560.50195
1699.00000,2560.39917
1699.50000,2560.23926
1700.00000,2560.76416
1700.50000,2562.78540
1701.00000,2566.22729
1701.50000,2569.72095
1702.00000,2570.86792
1702.50000,2568.26514
1703.00000,2562.02832
1703.50000,2553.16455
1704.00000,2544.14233
1704.50000,2536.96094
1705.00000,2533.16699
1705.50000,2532.66675
1706.00000,2535.73315
1706.50000,2541.36499
1707.00000,2548.60571
1707.50000,2555.83594
1708.00000,2561.03491
1708.50000,2562.41992
1709.00000,2559.53955
1709.50000,2553.52832
1710.00000,2545.64478
1710.50000,2537.78564
1711.00000,2531.21045
1711.50000,2527.53296
1712.00000,2527.82129
1712.50000,2533.60913
1713.00000,2543.80078
1713.50000,2554.38965
1714.00000,2559.38794
1714.50000,2556.70190
1715.00000,2547.34937
1715.50000,2536.12134
1716.00000,2528.56909
1716.50000,2526.93896
1717.00000,2528.87134
1717.50000,2531.28442
1718.00000,2532.64648
1718.50000,2533.90674
1719.00000,2535.99048
1719.50000,2537.72388
1720.00000,2536.61230
1720.50000,2530.26245
1721.00000,2519.92041
1721.50000,2509.29614
1722.00000,2503.31177
1722.50000,2503.19189
1723.00000,2509.11011
1723.50000,2519.66113
1724.00000,2532.14600
1724.50000,2543.46997
1725.00000,2550.42358
1725.50000,2550.99414
1726.00000,2543.98462
1726.50000,2533.57397
1727.00000,2524.50732
1727.50000,2520.84326
1728.00000,2522.64673
1728.50000,2528.52417
1729.00000,2535.15308
1729.50000,2540.51807
1730.00000,2543.97803
1730.50000,2546.25879
1731.00000,2547.41870
1731.50000,2546.97778
1732.00000,2544.33276
1732.50000,2539.07495
1733.00000,2532.79126
1733.50000,2527.62915
1734.00000,2526.41479
1734.50000,2529.66382
1735.00000,2536.46777
1735.50000,2543.41089
1736.00000,2547.75513
1736.50000,2547.70532
1737.00000,2544.73779
1737.50000,2540.94287
1738.00000,2538.42700
1738.50000,2537.62183
1739.00000,2538.17944
1739.50000,2538.87329
1740.00000,2538.29614
