280.00000,10390.81348
280.50000,10395.56934
281.00000,10385.67383
281.50000,10380.40234
282.00000,10393.45117
282.50000,10423.32520
283.00000,10455.98828
283.50000,10474.81152
284.00000,10478.82910
284.50000,10472.86719
285.00000,10466.79785
285.50000,10467.81641
286.00000,10476.79395
286.50000,10486.12793
287.00000,10491.09180
287.50000,10490.11816
288.00000,10487.64355
288.50000,10488.61035
289.00000,10496.65137
289.50000,10508.42676
290.00000,10519.83398
290.50000,10527.60938
291.00000,10531.05078
291.50000,10531.00391
292.00000,10530.13477
292.50000,10529.08887
293.00000,10527.17773
293.50000,10523.96094
294.00000,10519.85449
294.50000,10516.82227
295.00000,10517.23438
295.50000,10522.39160
296.00000,10530.63086
296.50000,10540.71973
297.00000,10551.54395
297.50000,10562.98340
298.00000,10576.30566
298.50000,10591.41309
299.00000,10607.09375
299.50000,10620.85352
300.00000,10630.78906
300.50000,10635.21289
301.00000,10634.53223
301.50000,10631.46094
302.00000,10628.31543
302.50000,10626.92090
303.00000,10628.51367
303.50000,10634.36328
304.00000,10644.37305
304.50000,10657.87402
305.00000,10672.30762
305.50000,10684.83496
306.00000,10691.78613
306.50000,10692.50684
307.00000,10687.34766
307.50000,10679.75488
308.00000,10673.57617
308.50000,10671.11816
309.00000,10672.45215
309.50000,10676.22266
310.00000,10681.05957
310.50000,10685.99121
311.00000,10691.31055
311.50000,10697.33496
312.00000,10703.54883
312.50000,10708.60547
313.00000,10711.08301
313.50000,10710.96191
314.00000,10710.34863
314.50000,10712.17480
315.00000,10718.69141
315.50000,10730.39355
316.00000,10744.66309
316.50000,10757.10938
317.00000,10764.55371
317.50000,10766.66504
318.00000,10764.56250
318.50000,10762.01758
319.00000,10761.99414
319.50000,10766.36426
320.00000,10773.52930
320.50000,10781.25000
321.00000,10787.37012
321.50000,10790.94922
322.00000,10791.91797
322.50000,10792.13086
323.00000,10793.45801
323.50000,10796.99902
324.00000,10802.50488
324.50000,10809.25195
325.00000,10815.68848
325.50000,10820.46875
326.00000,10822.53906
326.50000,10823.07129
327.00000,10823.47949
327.50000,10825.70703
328.00000,10831.05762
328.50000,10841.03516
329.00000,10854.75098
329.50000,10870.34570
330.00000,10885.53027
330.50000,10898.39258
331.00000,10907.13379
331.50000,10911.17871
332.00000,10911.11523
332.50000,10908.39355
333.00000,10905.72363
333.50000,10905.16211
334.00000,10908.70313
334.50000,10916.37500
335.00000,10928.01953
335.50000,10941.34277
336.00000,10953.65918
336.50000,10962.25391
337.00000,10966.46289
337.50000,10966.03809
338.00000,10961.87891
338.50000,10956.67969
339.00000,10953.18262
339.50000,10953.04590
340.00000,10956.51074
340.50000,10963.46680
341.00000,10971.74414
341.50000,10979.67188
342.00000,10986.25488
342.50000,10992.31934
343.00000,10999.52148
343.50000,11009.37012
344.00000,11022.39258
344.50000,11038.39160
345.00000,11054.76855
345.50000,11069.29395
346.00000,11080.84961
346.50000,11090.13184
347.00000,11098.30078
347.50000,11106.95703
348.00000,11116.82617
348.50000,11127.27344
349.00000,11136.90625
349.50000,11144.74414
350.00000,11150.66406
350.50000,11155.57129
351.00000,11160.57715
351.50000,11166.44824
352.00000,11172.85645
352.50000,11178.97754
353.00000,11184.31348
353.50000,11188.97852
354.00000,11193.98438
354.50000,11200.73145
355.00000,11210.33691
355.50000,11221.76367
356.00000,11233.46094
356.50000,11243.30371
357.00000,11250.30273
357.50000,11254.19434
358.00000,11256.72363
358.50000,11260.29785
359.00000,11266.58008
359.50000,11274.85547
360.00000,11283.28809
360.50000,11288.74121
361.00000,11289.06738
361.50000,11283.76758
362.00000,11276.02637
362.50000,11269.58105
363.00000,11268.59375
363.50000,11273.66797
364.00000,11283.89844
364.50000,11295.92090
365.00000,11305.85059
365.50000,11312.10449
366.00000,11315.88965
366.50000,11319.54883
367.00000,11325.68750
367.50000,11334.46191
368.00000,11343.76563
368.50000,11349.75488
369.00000,11350.55078
369.50000,11345.28516
370.00000,11336.53027
370.50000,11327.72656
371.00000,11323.28418
371.50000,11323.98145
372.00000,11329.03906
372.50000,11336.47168
373.00000,11344.08301
373.50000,11350.58887
374.00000,11355.81641
374.50000,11360.10840
375.00000,11363.57617
375.50000,11366.12012
376.00000,11367.29199
376.50000,11366.99316
377.00000,11365.86816
377.50000,11365.00586
378.00000,11365.68750
378.50000,11368.29785
379.00000,11372.84863
379.50000,11378.33301
380.00000,11384.05566
380.50000,11389.46973
381.00000,11394.44531
381.50000,11398.91895
382.00000,11402.71973
382.50000,11405.30762
383.00000,11405.73926
383.50000,11403.96484
384.00000,11400.04395
384.50000,11395.17676
385.00000,11391.10547
385.50000,11389.52734
386.00000,11390.72461
386.50000,11394.58398
387.00000,11400.70703
387.50000,11408.07031
388.00000,11416.35645
388.50000,11425.06543
389.00000,11433.50684
389.50000,11440.10547
390.00000,11443.52441
390.50000,11442.48926
391.00000,11436.56250
391.50000,11428.46191
392.00000,11422.21484
392.50000,11421.30664
393.00000,11426.82422
393.50000,11438.87695
394.00000,11453.18164
394.50000,11465.58691
395.00000,11471.61426
395.50000,11471.81152
396.00000,11467.50684
396.50000,11461.99414
397.00000,11457.76367
397.50000,11456.68066
398.00000,11458.17285
398.50000,11461.59863
399.00000,11466.57324
399.50000,11473.33691
400.00000,11482.96484
400.50000,11495.41406
401.00000,11509.58008
401.50000,11522.75488
402.00000,11531.69043
402.50000,11534.44043
403.00000,11531.30273
403.50000,11525.49219
404.00000,11521.13379
404.50000,11522.08203
405.00000,11530.37402
405.50000,11545.87793
406.00000,11563.00488
406.50000,11577.27246
407.00000,11585.25293
407.50000,11587.20801
408.00000,11585.16992
408.50000,11584.31152
409.00000,11588.65430
409.50000,11599.39648
410.00000,11612.73047
410.50000,11624.25684
411.00000,11629.93262
411.50000,11629.29688
412.00000,11624.50781
412.50000,11622.20410
413.00000,11627.17285
413.50000,11641.79297
414.00000,11662.09375
414.50000,11682.97363
415.00000,11698.17578
415.50000,11704.28418
416.00000,11699.33594
416.50000,11689.39160
417.00000,11679.22754
417.50000,11673.72266
418.00000,11674.66602
418.50000,11683.13965
419.00000,11697.47559
419.50000,11714.89746
420.00000,11732.68164
420.50000,11748.81738
421.00000,11762.23242
421.50000,11772.63379
422.00000,11781.29004
422.50000,11789.68066
423.00000,11799.55859
423.50000,11811.33301
424.00000,11824.34766
424.50000,11836.75586
425.00000,11846.97266
425.50000,11854.08105
426.00000,11859.08008
426.50000,11863.80371
427.00000,11870.38086
427.50000,11879.26953
428.00000,11889.82324
428.50000,11899.93555
429.00000,11907.86133
429.50000,11912.76270
430.00000,11915.78320
430.50000,11919.03125
431.00000,11924.06934
431.50000,11930.82715
432.00000,11937.86328
432.50000,11943.05859
433.00000,11944.78809
433.50000,11943.16016
434.00000,11940.77832
434.50000,11941.03223
435.00000,11945.27051
435.50000,11952.71387
436.00000,11960.42480
436.50000,11964.45605
437.00000,11961.09082
437.50000,11949.00293
438.00000,11931.79199
438.50000,11913.66016
439.00000,11898.95117
439.50000,11890.33496
440.00000,11889.79980
440.50000,11895.58594
441.00000,11907.05273
441.50000,11922.24609
442.00000,11939.09473
442.50000,11955.69531
443.00000,11969.84863
443.50000,11979.45410
444.00000,11982.36328
444.50000,11979.45020
445.00000,11972.04980
445.50000,11963.81348
446.00000,11957.41797
446.50000,11955.13867
447.00000,11956.68164
447.50000,11961.45313
448.00000,11968.43945
448.50000,11976.24902
449.00000,11983.90430
449.50000,11990.33301
450.00000,11994.48242
450.50000,11994.41406
451.00000,11990.18848
451.50000,11982.19629
452.00000,11972.53320
452.50000,11964.70410
453.00000,11961.85840
453.50000,11964.44336
454.00000,11970.83594
454.50000,11978.22461
455.00000,11983.17480
455.50000,11983.48926
456.00000,11979.02344
456.50000,11973.08008
457.00000,11969.22754
457.50000,11969.51270
458.00000,11973.80859
458.50000,11980.40527
459.00000,11985.72363
459.50000,11986.75195
460.00000,11981.95508
460.50000,11973.96777
461.00000,11965.90527
461.50000,11961.06250
462.00000,11961.27441
462.50000,11967.69141
463.00000,11977.86621
463.50000,11989.27344
464.00000,11998.16699
464.50000,12002.16797
465.00000,11998.42188
465.50000,11987.35059
466.00000,11970.34863
466.50000,11950.36328
467.00000,11932.45117
467.50000,11922.58301
468.00000,11923.30957
468.50000,11932.56445
469.00000,11946.97070
469.50000,11960.25195
470.00000,11968.01074
470.50000,11967.67188
471.00000,11962.31934
471.50000,11956.66211
472.00000,11955.32715
472.50000,11959.16016
473.00000,11967.06152
473.50000,11975.18652
474.00000,11980.94141
474.50000,11983.46289
475.00000,11985.03711
475.50000,11988.66602
476.00000,11995.16699
476.50000,12002.56055
477.00000,12006.59375
477.50000,12004.36426
478.00000,11994.60645
478.50000,11979.17285
479.00000,11963.66016
479.50000,11953.52637
480.00000,11950.30078
480.50000,11952.07617
481.00000,11955.61523
481.50000,11957.25195
482.00000,11955.60938
482.50000,11951.89453
483.00000,11949.48535
483.50000,11951.41797
484.00000,11957.51367
484.50000,11965.78906
485.00000,11973.51660
485.50000,11978.96777
486.00000,11981.92676
486.50000,11983.84766
487.00000,11986.61621
487.50000,11990.63867
488.00000,11994.22461
488.50000,11995.33301
489.00000,11991.89941
489.50000,11985.12891
490.00000,11977.21289
490.50000,11971.74512
491.00000,11971.12891
491.50000,11975.86230
492.00000,11982.93359
492.50000,11989.38379
493.00000,11992.42969
493.50000,11992.01953
494.00000,11989.11230
494.50000,11986.07715
495.00000,11984.99902
495.50000,11986.94922
496.00000,11990.91016
496.50000,11995.74219
497.00000,12000.32422
497.50000,12004.12207
498.00000,12007.03027
498.50000,12009.32422
499.00000,12011.22656
499.50000,12012.43164
500.00000,12012.43066
500.50000,12010.44141
501.00000,12005.51465
501.50000,11997.99512
502.00000,11988.53809
502.50000,11979.22266
503.00000,11972.76172
503.50000,11972.43848
504.00000,11977.85742
504.50000,11987.78418
505.00000,11999.30859
505.50000,12009.05078
506.00000,12014.55078
506.50000,12015.96289
507.00000,12015.46973
507.50000,12016.37988
508.00000,12020.13965
508.50000,12026.44336
509.00000,12033.26953
509.50000,12038.28809
510.00000,12039.77441
510.50000,12038.25000
511.00000,12035.52539
511.50000,12034.12305
512.00000,12034.91309
512.50000,12037.71777
513.00000,12041.42676
513.50000,12044.85547
514.00000,12047.45215
514.50000,12049.63574
515.00000,12052.26367
515.50000,12056.73828
516.00000,12063.26270
516.50000,12072.03613
517.00000,12082.68457
517.50000,12094.16211
518.00000,12105.04297
518.50000,12113.62695
519.00000,12118.40332
519.50000,12117.36035
520.00000,12111.95313
520.50000,12103.97266
521.00000,12096.24902
521.50000,12091.04395
522.00000,12090.17676
522.50000,12092.82520
523.00000,12097.30371
523.50000,12101.03809
524.00000,12102.03516
524.50000,12099.64648
525.00000,12094.92383
525.50000,12089.69336
526.00000,12085.56152
526.50000,12082.76855
527.00000,12080.24023
527.50000,12075.39355
528.00000,12066.06348
528.50000,12051.21191
529.00000,12032.95801
529.50000,12014.73047
530.00000,12000.48340
530.50000,11991.40039
531.00000,11986.86719
531.50000,11984.23828
532.00000,11980.17090
532.50000,11973.19141
533.00000,11965.38574
533.50000,11959.73633
534.00000,11959.16113
534.50000,11962.27051
535.00000,11965.88867
535.50000,11965.07715
536.00000,11957.54883
536.50000,11943.38867
537.00000,11928.52637
537.50000,11918.64355
538.00000,11918.94434
538.50000,11927.22266
539.00000,11940.20215
539.50000,11952.69727
540.00000,11961.19238
540.50000,11964.11230
541.00000,11963.28223
541.50000,11960.92871
542.00000,11957.57227
542.50000,11952.85547
543.00000,11946.04785
543.50000,11937.44336
544.00000,11928.71094
544.50000,11921.98340
545.00000,11918.14063
545.50000,11916.34473
546.00000,11914.79199
546.50000,11912.75391
547.00000,11911.66016
547.50000,11914.66895
548.00000,11923.87988
548.50000,11940.69238
549.00000,11961.43457
549.50000,11980.97461
550.00000,11992.95020
550.50000,11997.04980
551.00000,11994.51367
551.50000,11989.05859
552.00000,11983.71289
552.50000,11979.26953
553.00000,11974.43652
553.50000,11967.90234
554.00000,11960.07031
554.50000,11954.32813
555.00000,11954.58887
555.50000,11961.78906
556.00000,11972.68945
556.50000,11981.24609
557.00000,11982.04492
557.50000,11972.69434
558.00000,11955.14746
558.50000,11937.47754
559.00000,11927.78809
559.50000,11928.83594
560.00000,11937.47363
560.50000,11948.17090
561.00000,11954.83691
561.50000,11954.99512
562.00000,11950.19629
562.50000,11945.77539
563.00000,11946.95996
563.50000,11954.70215
564.00000,11965.24023
564.50000,11972.73438
565.00000,11973.28418
565.50000,11965.19629
566.00000,11950.09766
566.50000,11933.01074
567.00000,11918.77832
567.50000,11910.86426
568.00000,11910.05664
568.50000,11916.47656
569.00000,11927.17285
569.50000,11940.66406
570.00000,11955.16211
570.50000,11968.95508
571.00000,11980.19336
571.50000,11987.63867
572.00000,11990.43652
572.50000,11986.79102
573.00000,11978.22949
573.50000,11965.29590
574.00000,11949.75781
574.50000,11934.26855
575.00000,11922.14063
575.50000,11915.80176
576.00000,11916.65625
576.50000,11925.82422
577.00000,11940.10059
577.50000,11956.23633
578.00000,11970.54199
578.50000,11980.85547
579.00000,11985.05371
579.50000,11983.56934
580.00000,11976.83984
580.50000,11965.12109
581.00000,11950.50195
581.50000,11934.88184
582.00000,11921.32227
582.50000,11911.86621
583.00000,11908.23535
583.50000,11908.50586
584.00000,11909.97852
584.50000,11909.14648
585.00000,11904.53223
585.50000,11896.63184
586.00000,11889.15430
586.50000,11886.52148
587.00000,11892.61426
587.50000,11905.18164
588.00000,11920.70215
588.50000,11934.22266
589.00000,11942.89746
589.50000,11945.88574
590.00000,11945.75977
590.50000,11945.56445
591.00000,11947.10742
591.50000,11948.91016
592.00000,11948.42578
592.50000,11944.08301
593.00000,11937.81250
593.50000,11933.67969
594.00000,11935.81055
594.50000,11945.22070
595.00000,11959.95996
595.50000,11972.66309
596.00000,11975.74316
596.50000,11965.71973
597.00000,11947.63965
597.50000,11929.20996
598.00000,11919.23926
598.50000,11922.09570
599.00000,11939.59082
599.50000,11963.71094
600.00000,11987.17090
600.50000,12002.79395
601.00000,12008.68750
601.50000,12005.62695
602.00000,11997.75000
602.50000,11987.29004
603.00000,11974.09473
603.50000,11957.64941
604.00000,11937.14355
604.50000,11914.12695
605.00000,11892.61230
605.50000,11879.25586
606.00000,11878.42188
606.50000,11890.28809
607.00000,11912.54883
607.50000,11937.11816
608.00000,11956.78906
608.50000,11965.92188
609.00000,11964.03223
609.50000,11952.05176
610.00000,11936.28711
610.50000,11921.78125
611.00000,11912.45801
611.50000,11907.01563
612.00000,11902.96191
612.50000,11897.06934
613.00000,11888.01660
613.50000,11876.25684
614.00000,11865.05273
614.50000,11857.82520
615.00000,11857.84180
615.50000,11864.38672
616.00000,11875.53516
616.50000,11886.59082
617.00000,11894.08203
617.50000,11895.04102
618.00000,11890.86230
618.50000,11883.64941
619.00000,11876.65820
619.50000,11872.35156
620.00000,11872.03809
620.50000,11874.65332
621.00000,11878.22461
621.50000,11881.07031
622.00000,11883.07324
622.50000,11884.87109
623.00000,11887.10254
623.50000,11889.36230
624.00000,11889.98047
624.50000,11887.30762
625.00000,11881.06152
625.50000,11872.73242
626.00000,11866.70117
626.50000,11867.00488
627.00000,11874.87305
627.50000,11886.72461
628.00000,11896.94922
628.50000,11899.97559
629.00000,11893.42773
629.50000,11877.22363
630.00000,11857.80762
630.50000,11841.07715
631.00000,11832.23633
631.50000,11831.80371
632.00000,11838.51172
632.50000,11848.54688
633.00000,11859.62500
633.50000,11870.67969
634.00000,11881.47363
634.50000,11891.63184
635.00000,11899.99414
635.50000,11905.08691
636.00000,11904.22559
636.50000,11896.83984
637.00000,11883.44336
637.50000,11865.52441
638.00000,11846.53125
638.50000,11829.73438
639.00000,11818.32910
639.50000,11813.73535
640.00000,11817.59277
640.50000,11827.22266
641.00000,11839.73340
641.50000,11851.38574
642.00000,11859.60449
642.50000,11863.59961
643.00000,11864.85938
643.50000,11865.34766
644.00000,11866.37305
644.50000,11867.97656
645.00000,11869.48828
645.50000,11870.14063
646.00000,11870.08594
646.50000,11870.14355
647.00000,11871.31934
647.50000,11873.72070
648.00000,11876.45801
648.50000,11878.37305
649.00000,11879.24609
649.50000,11880.30957
650.00000,11883.51465
650.50000,11890.91895
651.00000,11902.17188
651.50000,11914.93457
652.00000,11924.99414
652.50000,11929.35156
653.00000,11926.60547
653.50000,11918.87695
654.00000,11910.33691
654.50000,11904.37500
655.00000,11901.96191
655.50000,11901.81250
656.00000,11901.44238
656.50000,11899.07715
657.00000,11894.92188
657.50000,11891.70410
658.00000,11892.77930
658.50000,11901.63086
659.00000,11916.50684
659.50000,11933.85840
660.00000,11948.68457
660.50000,11957.84375
661.00000,11959.66602
661.50000,11955.29980
662.00000,11947.80762
662.50000,11939.47168
663.00000,11931.90039
663.50000,11925.58008
664.00000,11921.14746
664.50000,11919.01758
665.00000,11920.38184
665.50000,11925.47266
666.00000,11932.82910
666.50000,11939.92480
667.00000,11943.96484
667.50000,11943.33594
668.00000,11937.84961
668.50000,11930.32520
669.00000,11923.43457
669.50000,11919.14551
670.00000,11917.18848
670.50000,11916.25098
671.00000,11914.97949
671.50000,11913.42090
672.00000,11912.97559
672.50000,11914.92871
673.00000,11919.93652
673.50000,11926.39648
674.00000,11931.60449
674.50000,11932.01367
675.00000,11927.17871
675.50000,11918.24316
676.00000,11908.87207
676.50000,11902.42871
677.00000,11901.05566
677.50000,11903.80078
678.00000,11908.10938
678.50000,11910.76563
679.00000,11910.07910
679.50000,11905.72461
680.00000,11899.17773
680.50000,11893.05371
681.00000,11889.94922
681.50000,11891.16211
682.00000,11896.33105
682.50000,11905.13086
683.00000,11915.46875
683.50000,11925.73242
684.00000,11934.00781
684.50000,11939.22559
685.00000,11940.40625
685.50000,11938.66406
686.00000,11935.88281
686.50000,11934.66113
687.00000,11936.45605
687.50000,11941.33105
688.00000,11947.01660
688.50000,11950.79297
689.00000,11950.29102
689.50000,11946.08203
690.00000,11940.22168
690.50000,11935.88867
691.00000,11935.06445
691.50000,11938.49316
692.00000,11944.77344
692.50000,11951.54395
693.00000,11956.83496
693.50000,11960.11621
694.00000,11961.78027
694.50000,11962.13574
695.00000,11961.57031
695.50000,11960.21191
696.00000,11958.92090
696.50000,11959.15039
697.00000,11963.21191
697.50000,11971.32031
698.00000,11982.24512
698.50000,11992.48047
699.00000,11998.19141
699.50000,11995.94434
700.00000,11987.10156
700.50000,11975.80762
701.00000,11967.00000
701.50000,11963.22070
702.00000,11964.35156
702.50000,11967.49121
703.00000,11968.66504
703.50000,11965.24219
704.00000,11958.13086
704.50000,11950.62793
705.00000,11947.54590
705.50000,11950.76563
706.00000,11959.84180
706.50000,11971.15527
707.00000,11980.58398
707.50000,11985.45410
708.00000,11986.44336
708.50000,11986.07910
709.00000,11987.62012
709.50000,11992.37012
710.00000,11999.99316
710.50000,12008.28223
711.00000,12014.82813
711.50000,12017.95215
712.00000,12018.13184
712.50000,12016.57227
713.00000,12013.71484
713.50000,12009.31250
714.00000,12002.27344
714.50000,11992.29883
715.00000,11981.10254
715.50000,11972.02441
716.00000,11968.44629
716.50000,11972.30859
717.00000,11984.51465
717.50000,12000.98730
718.00000,12017.75391
718.50000,12030.10938
719.00000,12035.61230
719.50000,12032.13672
720.00000,12021.46484
720.50000,12005.95996
721.00000,11989.34961
721.50000,11976.22559
722.00000,11970.88477
722.50000,11974.95801
723.00000,11985.93262
723.50000,11999.56836
724.00000,12009.93555
724.50000,12013.60156
725.00000,12010.13281
725.50000,12004.62500
726.00000,12002.18848
726.50000,12005.29492
727.00000,12012.25391
727.50000,12019.05273
728.00000,12021.74707
728.50000,12018.89941
729.00000,12011.93262
729.50000,12004.86035
730.00000,12000.85254
730.50000,12000.71680
731.00000,12003.11230
731.50000,12006.66992
732.00000,12010.84082
732.50000,12016.68457
733.00000,12025.18848
733.50000,12034.93945
734.00000,12042.48145
734.50000,12043.94824
735.00000,12037.88770
735.50000,12024.62500
736.00000,12010.09863
736.50000,11999.77734
737.00000,11998.10645
737.50000,12004.22949
738.00000,12015.60254
738.50000,12026.96289
739.00000,12034.65918
739.50000,12036.63379
740.00000,12034.90918
740.50000,12031.13379
741.00000,12027.17090
741.50000,12024.23340
742.00000,12023.39160
742.50000,12025.09570
743.00000,12029.57520
743.50000,12037.04492
744.00000,12046.01953
744.50000,12054.97070
745.00000,12062.04102
745.50000,12066.29395
746.00000,12066.86035
746.50000,12064.86133
747.00000,12061.44043
747.50000,12057.89746
748.00000,12055.38086
748.50000,12054.62109
749.00000,12055.41113
749.50000,12056.53418
750.00000,12056.05371
750.50000,12052.67480
751.00000,12046.14746
751.50000,12037.63770
752.00000,12029.89258
752.50000,12025.46777
753.00000,12025.40137
753.50000,12028.48340
754.00000,12033.25098
754.50000,12038.67090
755.00000,12045.51367
755.50000,12055.72168
756.00000,12069.40137
756.50000,12084.74121
757.00000,12096.86621
757.50000,12101.19043
758.00000,12092.90137
758.50000,12075.66797
759.00000,12055.33691
759.50000,12040.82031
760.00000,12037.36621
760.50000,12047.55273
761.00000,12065.46094
761.50000,12083.51660
762.00000,12094.57031
762.50000,12097.78906
763.00000,12095.08887
763.50000,12091.19336
764.00000,12090.34082
764.50000,12094.73926
765.00000,12102.84961
765.50000,12111.80566
766.00000,12118.45703
766.50000,12121.89258
767.00000,12122.30469
767.50000,12121.00000
768.00000,12119.36426
768.50000,12117.77930
769.00000,12115.95410
769.50000,12113.60156
770.00000,12110.77734
770.50000,12108.10059
771.00000,12106.13379
771.50000,12105.05371
772.00000,12104.47754
772.50000,12104.11914
773.00000,12104.15723
773.50000,12105.43945
774.00000,12109.57520
774.50000,12116.66406
775.00000,12126.01563
775.50000,12135.06641
776.00000,12140.99805
776.50000,12141.48828
777.00000,12137.97070
777.50000,12133.28125
778.00000,12131.50098
778.50000,12134.72949
779.00000,12143.63672
779.50000,12155.92969
780.00000,12168.15918
780.50000,12176.95410
781.00000,12181.43750
781.50000,12182.11719
782.00000,12180.55664
782.50000,12179.02539
783.00000,12179.04395
783.50000,12181.41309
784.00000,12186.29883
784.50000,12194.32324
785.00000,12204.89941
785.50000,12217.31836
786.00000,12229.75977
786.50000,12239.78320
787.00000,12244.47461
787.50000,12242.72559
788.00000,12235.69141
788.50000,12225.62695
789.00000,12216.80273
789.50000,12212.41113
790.00000,12214.31055
790.50000,12220.80469
791.00000,12229.80762
791.50000,12238.58008
792.00000,12245.90820
792.50000,12251.88379
793.00000,12257.72949
793.50000,12263.85938
794.00000,12269.80176
794.50000,12274.84766
795.00000,12278.82520
795.50000,12282.98145
796.00000,12288.94727
796.50000,12298.32520
797.00000,12309.79102
797.50000,12320.97461
798.00000,12328.81836
798.50000,12332.50586
799.00000,12333.03418
799.50000,12334.06055
800.00000,12338.46484
800.50000,12347.63086
801.00000,12358.32129
801.50000,12366.49121
802.00000,12368.77441
802.50000,12365.23535
803.00000,12357.16504
803.50000,12348.14844
804.00000,12340.62402
804.50000,12336.27637
805.00000,12334.75684
805.50000,12335.99902
806.00000,12339.52637
806.50000,12344.43457
807.00000,12349.44434
807.50000,12352.78613
808.00000,12353.16699
808.50000,12350.24414
809.00000,12346.23926
809.50000,12344.19629
810.00000,12346.70898
810.50000,12354.07422
811.00000,12365.87305
811.50000,12379.41309
812.00000,12392.98535
812.50000,12405.69336
813.00000,12417.87598
813.50000,12430.19629
814.00000,12443.04004
814.50000,12455.98828
815.00000,12467.50879
815.50000,12476.06348
816.00000,12480.17871
816.50000,12479.37305
817.00000,12476.11133
817.50000,12474.07715
818.00000,12477.36328
818.50000,12487.63184
819.00000,12503.74121
819.50000,12518.97168
820.00000,12527.03711
820.50000,12523.81152
821.00000,12512.76465
821.50000,12500.69434
822.00000,12496.17188
822.50000,12503.14746
823.00000,12521.78125
823.50000,12542.82031
824.00000,12557.79785
824.50000,12560.45801
825.00000,12552.59863
825.50000,12538.86230
826.00000,12526.89160
826.50000,12520.96680
827.00000,12522.70508
827.50000,12528.08594
828.00000,12533.84863
828.50000,12537.77832
829.00000,12540.16602
829.50000,12542.24805
830.00000,12545.35840
830.50000,12550.05762
831.00000,12556.45020
831.50000,12563.54883
832.00000,12570.12305
832.50000,12574.50488
833.00000,12575.78223
833.50000,12573.63379
834.00000,12570.58203
834.50000,12570.01660
835.00000,12576.05469
835.50000,12588.59375
836.00000,12605.50586
836.50000,12621.30859
837.00000,12631.41211
837.50000,12632.68457
838.00000,12628.75781
838.50000,12624.91309
839.00000,12626.78125
839.50000,12635.17480
840.00000,12648.42285
840.50000,12661.84961
841.00000,12671.84961
841.50000,12676.29785
842.00000,12677.49707
842.50000,12678.25781
843.00000,12681.59277
843.50000,12688.38867
844.00000,12698.71094
844.50000,12711.22852
845.00000,12724.74414
845.50000,12738.77246
846.00000,12753.07910
846.50000,12767.61035
847.00000,12782.07422
847.50000,12795.99609
848.00000,12808.68750
848.50000,12819.75195
849.00000,12829.11133
849.50000,12836.34180
850.00000,12841.91992
850.50000,12846.20898
851.00000,12850.44336
851.50000,12856.56836
852.00000,12867.68848
852.50000,12885.51465
853.00000,12909.90137
853.50000,12938.95898
854.00000,12966.90625
854.50000,12988.06152
855.00000,12998.34766
855.50000,12999.52051
856.00000,12995.68750
856.50000,12994.19922
857.00000,12999.70801
857.50000,13013.85742
858.00000,13030.95117
858.50000,13044.59668
859.00000,13049.68262
859.50000,13047.05371
860.00000,13041.14063
860.50000,13038.55566
861.00000,13042.74512
861.50000,13054.11719
862.00000,13068.12598
862.50000,13081.51855
863.00000,13093.59961
863.50000,13106.94922
864.00000,13126.45605
864.50000,13153.60547
865.00000,13186.65625
865.50000,13219.79492
866.00000,13246.19238
866.50000,13260.39844
867.00000,13263.06152
867.50000,13260.36328
868.00000,13261.16797
868.50000,13272.41504
869.00000,13297.12695
869.50000,13333.62109
870.00000,13373.45410
870.50000,13408.53516
871.00000,13433.19238
871.50000,13447.39258
872.00000,13452.89355
872.50000,13455.38086
873.00000,13457.62012
873.50000,13460.31445
874.00000,13462.47754
874.50000,13463.08398
875.00000,13462.59375
875.50000,13462.39648
876.00000,13463.90137
876.50000,13466.36914
877.00000,13467.74512
877.50000,13465.31445
878.00000,13458.73340
878.50000,13449.42188
879.00000,13441.25781
879.50000,13437.27148
880.00000,13439.49805
880.50000,13444.94141
881.00000,13450.00684
881.50000,13450.66211
882.00000,13445.63281
882.50000,13434.58301
883.00000,13419.92578
883.50000,13403.75000
884.00000,13387.62207
884.50000,13372.50488
885.00000,13359.25488
885.50000,13348.63184
886.00000,13340.59863
886.50000,13335.05664
887.00000,13330.68652
887.50000,13326.42090
888.00000,13321.63770
888.50000,13316.55078
889.00000,13311.48438
889.50000,13306.26465
890.00000,13300.00488
890.50000,13291.04785
891.00000,13279.13184
891.50000,13265.17090
892.00000,13251.50391
892.50000,13240.36133
893.00000,13232.69629
893.50000,13226.68555
894.00000,13219.08398
894.50000,13206.33105
895.00000,13188.94922
895.50000,13170.09375
896.00000,13155.85547
896.50000,13150.32227
897.00000,13156.07422
897.50000,13169.63770
898.00000,13185.03125
898.50000,13196.16504
899.00000,13200.76367
899.50000,13199.09570
900.00000,13193.65820
900.50000,13188.12109
901.00000,13184.95605
901.50000,13185.14648
902.00000,13188.48926
902.50000,13194.98242
903.00000,13203.12891
903.50000,13211.59277
904.00000,13218.53516
904.50000,13222.91602
905.00000,13224.17285
905.50000,13223.40234
906.00000,13221.91016
906.50000,13220.31152
907.00000,13218.26855
907.50000,13215.04199
908.00000,13210.85352
908.50000,13207.72461
909.00000,13209.41602
909.50000,13218.17969
910.00000,13233.66113
910.50000,13253.26563
911.00000,13271.47461
911.50000,13284.37793
912.00000,13290.92090
912.50000,13294.21387
913.00000,13297.87305
913.50000,13304.52051
914.00000,13314.54492
914.50000,13327.40039
915.00000,13341.69922
915.50000,13357.54004
916.00000,13375.27930
916.50000,13394.16113
917.00000,13411.47266
917.50000,13423.48340
918.00000,13427.14453
918.50000,13420.57910
919.00000,13408.26758
919.50000,13395.43457
920.00000,13388.18164
920.50000,13389.20703
921.00000,13399.64844
921.50000,13415.03711
922.00000,13431.27832
922.50000,13444.88477
923.00000,13455.55566
923.50000,13464.79004
924.00000,13475.35156
924.50000,13488.72461
925.00000,13504.81543
925.50000,13520.66504
926.00000,13533.11328
926.50000,13539.45313
927.00000,13540.83105
927.50000,13539.57520
928.00000,13539.65430
928.50000,13543.76367
929.00000,13553.85352
929.50000,13568.22852
930.00000,13585.64258
930.50000,13604.95410
931.00000,13625.15039
931.50000,13645.64160
932.00000,13665.47266
932.50000,13683.76270
933.00000,13699.59570
933.50000,13713.89746
934.00000,13727.90332
934.50000,13743.06641
935.00000,13759.66504
935.50000,13777.06641
936.00000,13793.98340
936.50000,13809.93359
937.00000,13825.79199
937.50000,13843.54688
938.00000,13865.31152
938.50000,13892.10938
939.00000,13922.46875
939.50000,13954.45703
940.00000,13985.63867
940.50000,14015.10254
941.00000,14043.82813
941.50000,14074.93359
942.00000,14112.77930
942.50000,14161.37500
943.00000,14220.91211
943.50000,14291.18945
944.00000,14366.73535
944.50000,14442.71387
945.00000,14515.30078
945.50000,14584.70410
946.00000,14652.96387
946.50000,14722.71973
947.00000,14794.17773
947.50000,14864.35156
948.00000,14928.81152
948.50000,14984.37988
949.00000,15029.45215
949.50000,15067.72559
950.00000,15101.14160
950.50000,15130.80762
951.00000,15156.33203
951.50000,15175.83105
952.00000,15191.03711
952.50000,15205.11719
953.00000,15222.78223
953.50000,15246.22949
954.00000,15275.85938
954.50000,15308.92773
955.00000,15342.64844
955.50000,15375.82324
956.00000,15408.88086
956.50000,15442.11914
957.00000,15474.08008
957.50000,15501.99902
958.00000,15521.80469
958.50000,15532.26660
959.00000,15535.16992
959.50000,15532.93066
960.00000,15529.94531
960.50000,15528.14355
961.00000,15527.48145
961.50000,15525.89160
962.00000,15519.69434
962.50000,15505.45410
963.00000,15480.85645
963.50000,15441.96680
964.00000,15392.26172
964.50000,15334.55859
965.00000,15274.07910
965.50000,15215.74805
966.00000,15162.83301
966.50000,15115.19141
967.00000,15071.47949
967.50000,15031.01660
968.00000,14992.72266
968.50000,14956.43750
969.00000,14921.06641
969.50000,14884.71680
970.00000,14845.55273
970.50000,14804.45605
971.00000,14764.80176
971.50000,14733.35352
972.00000,14713.86328
972.50000,14709.39551
973.00000,14717.83887
973.50000,14732.88477
974.00000,14748.46094
974.50000,14759.33008
975.00000,14763.22266
975.50000,14759.85938
976.00000,14753.35254
976.50000,14747.81641
977.00000,14747.27441
977.50000,14753.04492
978.00000,14765.62012
978.50000,14782.10059
979.00000,14800.85449
979.50000,14822.07910
980.00000,14846.86133
980.50000,14877.13770
981.00000,14912.25586
981.50000,14948.94629
982.00000,14982.52344
982.50000,15010.80176
983.00000,15034.82031
983.50000,15059.66309
984.00000,15091.21289
984.50000,15134.71289
985.00000,15189.82422
985.50000,15252.16504
986.00000,15316.56445
986.50000,15378.14648
987.00000,15435.30762
987.50000,15489.58398
988.00000,15545.10254
988.50000,15606.74414
989.00000,15677.31543
989.50000,15756.85938
990.00000,15845.39160
990.50000,15938.90723
991.00000,16036.40137
991.50000,16139.15527
992.00000,16249.43750
992.50000,16372.01270
993.00000,16507.15430
993.50000,16652.03516
994.00000,16802.74609
994.50000,16953.91211
995.00000,17104.73242
995.50000,17258.72266
996.00000,17420.68945
996.50000,17596.34375
997.00000,17784.29297
997.50000,17979.76563
998.00000,18176.06055
998.50000,18367.41797
999.00000,18550.93359
999.50000,18726.69727
1000.00000,18896.62891
1000.50000,19059.56641
1001.00000,19213.98438
1001.50000,19356.46875
1002.00000,19480.19141
1002.50000,19584.11719
1003.00000,19662.40820
1003.50000,19711.36719
1004.00000,19731.75391
1004.50000,19718.20117
1005.00000,19677.15625
1005.50000,19612.75195
1006.00000,19527.21875
1006.50000,19426.59961
1007.00000,19309.41992
1007.50000,19174.53516
1008.00000,19022.99805
1008.50000,18854.24023
1009.00000,18675.71875
1009.50000,18493.28320
1010.00000,18312.16992
1010.50000,18134.35547
1011.00000,17959.77734
1011.50000,17787.24219
1012.00000,17616.63672
1012.50000,17450.65039
1013.00000,17291.48633
1013.50000,17141.76172
1014.00000,17003.47266
1014.50000,16874.77734
1015.00000,16755.99805
1015.50000,16645.94727
1016.00000,16543.69336
1016.50000,16450.81055
1017.00000,16365.76563
1017.50000,16289.18164
1018.00000,16221.89355
1018.50000,16162.61133
1019.00000,16111.23730
1019.50000,16064.73145
1020.00000,16019.75684
1020.50000,15973.24512
1021.00000,15924.52539
1021.50000,15875.00684
1022.00000,15828.09668
1022.50000,15786.42578
1023.00000,15752.24512
1023.50000,15723.98535
1024.00000,15698.93750
1024.50000,15674.02441
1025.00000,15646.88477
1025.50000,15616.36816
1026.00000,15582.69531
1026.50000,15547.27930
1027.00000,15511.25098
1027.50000,15475.47754
1028.00000,15440.05176
1028.50000,15404.74512
1029.00000,15369.65723
1029.50000,15335.91895
1030.00000,15305.42285
1030.50000,15279.16211
1031.00000,15257.69629
1031.50000,15238.70410
1032.00000,15220.16016
1032.50000,15201.54395
1033.00000,15184.79883
1033.50000,15173.64258
1034.00000,15170.11328
1034.50000,15171.91992
1035.00000,15173.82715
1035.50000,15170.07910
1036.00000,15158.67773
1036.50000,15142.74219
1037.00000,15129.85352
1037.50000,15126.59961
1038.00000,15133.40918
1038.50000,15144.45703
1039.00000,15151.03613
1039.50000,15148.19727
1040.00000,15135.99121
1040.50000,15119.50000
1041.00000,15105.60840
1041.50000,15098.11328
1042.00000,15095.33105
1042.50000,15092.87305
1043.00000,15086.18848
1043.50000,15075.18262
1044.00000,15062.26465
1044.50000,15051.91309
1045.00000,15047.08496
1045.50000,15049.95898
1046.00000,15059.62207
1046.50000,15074.38477
1047.00000,15093.54102
1047.50000,15114.76270
1048.00000,15136.32813
1048.50000,15155.76270
1049.00000,15171.25391
1049.50000,15180.73145
1050.00000,15184.47168
1050.50000,15183.66992
1051.00000,15179.49121
1051.50000,15174.47559
1052.00000,15170.52246
1052.50000,15169.54688
1053.00000,15172.22070
1053.50000,15178.87598
1054.00000,15187.44141
1054.50000,15195.32617
1055.00000,15199.49414
1055.50000,15199.67676
1056.00000,15196.97266
1056.50000,15194.34570
1057.00000,15194.06934
1057.50000,15196.67969
1058.00000,15199.57031
1058.50000,15199.79492
1059.00000,15195.26758
1059.50000,15188.32520
1060.00000,15182.97266
1060.50000,15183.29102
1061.00000,15189.66699
1061.50000,15200.05859
1062.00000,15209.81543
1062.50000,15216.81836
1063.00000,15222.71289
1063.50000,15232.17383
1064.00000,15249.61230
1064.50000,15274.36035
1065.00000,15300.45215
1065.50000,15318.46680
1066.00000,15323.58398
1066.50000,15315.66504
1067.00000,15300.13379
1067.50000,15286.23828
1068.00000,15280.60840
1068.50000,15284.21094
1069.00000,15293.36133
1069.50000,15303.66309
1070.00000,15311.91895
1070.50000,15317.91309
1071.00000,15323.30469
1071.50000,15329.87500
1072.00000,15338.58398
1072.50000,15349.35547
1073.00000,15362.11426
1073.50000,15377.92578
1074.00000,15396.62988
1074.50000,15417.54883
1075.00000,15438.14355
1075.50000,15455.35645
1076.00000,15465.99512
1076.50000,15469.86816
1077.00000,15468.54297
1077.50000,15463.50684
1078.00000,15457.16211
1078.50000,15450.42578
1079.00000,15444.34082
1079.50000,15440.39746
1080.00000,15441.57715
1080.50000,15449.37891
1081.00000,15463.50488
1081.50000,15482.06445
1082.00000,15500.47754
1082.50000,15515.80859
1083.00000,15527.79004
1083.50000,15539.34082
1084.00000,15554.68848
1084.50000,15575.76465
1085.00000,15601.59863
1085.50000,15628.55176
1086.00000,15651.89453
1086.50000,15668.00781
1087.00000,15676.05371
1087.50000,15678.35156
1088.00000,15677.23926
1088.50000,15676.28320
1089.00000,15678.09375
1089.50000,15685.38379
1090.00000,15698.22363
1090.50000,15716.56445
1091.00000,15738.33984
1091.50000,15761.02441
1092.00000,15783.05762
1092.50000,15804.49805
1093.00000,15826.19336
1093.50000,15848.48047
1094.00000,15869.89844
1094.50000,15887.39453
1095.00000,15898.80762
1095.50000,15905.06934
1096.00000,15909.52539
1096.50000,15917.25684
1097.00000,15930.99121
1097.50000,15949.65918
1098.00000,15967.79785
1098.50000,15979.81055
1099.00000,15984.35254
1099.50000,15985.39355
1100.00000,15991.17090
1100.50000,16007.77051
1101.00000,16037.66016
1101.50000,16077.21484
1102.00000,16117.25781
1102.50000,16149.27441
1103.00000,16170.10742
1103.50000,16182.48438
1104.00000,16191.96484
1104.50000,16204.92969
1105.00000,16223.80664
1105.50000,16246.93750
1106.00000,16270.22363
1106.50000,16291.26855
1107.00000,16311.50684
1107.50000,16334.49902
1108.00000,16364.60156
1108.50000,16400.34570
1109.00000,16437.83203
1109.50000,16471.03516
1110.00000,16497.29102
1110.50000,16517.05078
1111.00000,16535.63867
1111.50000,16557.38672
1112.00000,16584.45313
1112.50000,16613.92188
1113.00000,16642.72852
1113.50000,16669.49414
1114.00000,16696.15625
1114.50000,16726.78320
1115.00000,16763.42188
1115.50000,16805.51563
1116.00000,16850.52148
1116.50000,16895.10156
1117.00000,16938.46484
1117.50000,16982.43945
1118.00000,17029.62891
1118.50000,17082.78906
1119.00000,17141.12109
1119.50000,17202.92383
1120.00000,17265.75391
1120.50000,17327.37695
1121.00000,17386.63086
1121.50000,17443.83398
1122.00000,17500.22852
1122.50000,17557.03125
1123.00000,17614.47266
1123.50000,17671.75391
1124.00000,17727.80664
1124.50000,17783.42969
1125.00000,17842.27734
1125.50000,17909.51172
1126.00000,17987.84375
1126.50000,18078.06055
1127.00000,18171.86133
1127.50000,18260.86719
1128.00000,18337.90430
1128.50000,18404.53516
1129.00000,18465.70313
1129.50000,18529.12695
1130.00000,18598.41797
1130.50000,18673.75391
1131.00000,18750.79102
1131.50000,18827.90039
1132.00000,18907.05469
1132.50000,18991.87695
1133.00000,19086.22070
1133.50000,19188.39063
1134.00000,19293.87109
1134.50000,19397.44141
1135.00000,19497.05664
1135.50000,19593.63086
1136.00000,19690.50391
1136.50000,19790.64258
1137.00000,19896.67383
1137.50000,20009.15820
1138.00000,20128.73633
1138.50000,20258.09961
1139.00000,20396.67188
1139.50000,20545.91211
1140.00000,20706.82422
1140.50000,20879.58008
1141.00000,21069.68359
1141.50000,21279.61914
1142.00000,21512.38867
1142.50000,21774.09766
1143.00000,22060.94727
1143.50000,22375.42188
1144.00000,22717.44727
1144.50000,23083.69531
1145.00000,23477.60156
1145.50000,23895.65625
1146.00000,24339.20703
1146.50000,24816.41797
1147.00000,25327.91992
1147.50000,25882.77148
1148.00000,26481.77344
1148.50000,27116.50977
1149.00000,27781.97656
1149.50000,28461.71680
1150.00000,29145.01172
1150.50000,29821.74023
1151.00000,30485.07422
1151.50000,31123.70898
1152.00000,31725.63672
1152.50000,32280.37109
1153.00000,32760.31055
1153.50000,33163.02734
1154.00000,33476.18750
1154.50000,33684.06250
1155.00000,33796.37109
1155.50000,33794.66797
1156.00000,33677.00391
1156.50000,33446.66016
1157.00000,33078.01563
1157.50000,32599.10547
1158.00000,32017.14648
1158.50000,31347.23633
1159.00000,30623.41211
1159.50000,29862.76953
1160.00000,29087.56641
1160.50000,28313.07422
1161.00000,27554.65625
1161.50000,26820.20898
1162.00000,26120.66797
1162.50000,25465.77930
1163.00000,24853.70117
1163.50000,24290.17969
1164.00000,23766.98047
1164.50000,23276.34570
1165.00000,22818.00195
1165.50000,22384.60742
1166.00000,21981.34961
1166.50000,21616.16016
1167.00000,21290.78125
1167.50000,21014.37891
1168.00000,20778.90234
1168.50000,20575.32617
1169.00000,20397.19531
1169.50000,20232.56836
1170.00000,20079.10156
1170.50000,19936.69531
1171.00000,19804.94141
1171.50000,19685.19141
1172.00000,19573.98242
1172.50000,19468.75391
1173.00000,19368.87500
1173.50000,19274.44336
1174.00000,19189.02344
1174.50000,19116.06836
1175.00000,19056.43945
1175.50000,19012.89258
1176.00000,18981.99219
1176.50000,18961.60938
1177.00000,18950.11523
1177.50000,18944.11523
1178.00000,18943.02148
1178.50000,18946.31055
1179.00000,18953.62695
1179.50000,18965.70508
1180.00000,18981.25000
1180.50000,18998.98438
1181.00000,19016.93164
1181.50000,19033.41992
1182.00000,19047.84766
1182.50000,19061.71875
1183.00000,19077.64453
1183.50000,19099.54688
1184.00000,19128.17383
1184.50000,19163.65234
1185.00000,19205.23438
1185.50000,19251.44336
1186.00000,19303.67188
1186.50000,19362.58594
1187.00000,19426.77734
1187.50000,19491.24609
1188.00000,19547.99609
1188.50000,19589.59375
1189.00000,19612.95508
1189.50000,19624.72070
1190.00000,19632.37891
1190.50000,19642.66211
1191.00000,19655.52734
1191.50000,19664.24414
1192.00000,19662.77930
1192.50000,19648.03711
1193.00000,19622.77539
1193.50000,19593.36719
1194.00000,19562.48633
1194.50000,19528.88281
1195.00000,19489.07617
1195.50000,19439.16602
1196.00000,19381.95313
1196.50000,19320.22266
1197.00000,19256.16797
1197.50000,19189.03711
1198.00000,19114.66602
1198.50000,19031.99805
1199.00000,18943.16211
1199.50000,18853.41406
1200.00000,18768.11328
1200.50000,18690.06250
1201.00000,18618.67578
1201.50000,18552.08398
1202.00000,18491.69727
1202.50000,18438.89063
1203.00000,18395.07422
1203.50000,18359.84375
1204.00000,18328.06641
1204.50000,18296.26563
1205.00000,18263.88281
1205.50000,18233.45313
1206.00000,18208.95313
1206.50000,18189.91992
1207.00000,18173.37891
1207.50000,18154.88281
1208.00000,18133.07031
1208.50000,18110.41406
1209.00000,18092.16016
1209.50000,18081.31250
1210.00000,18078.38672
1210.50000,18077.61523
1211.00000,18074.00781
1211.50000,18064.32227
1212.00000,18049.98438
1212.50000,18032.44727
1213.00000,18012.13281
1213.50000,17987.08984
1214.00000,17952.40625
1214.50000,17908.62891
1215.00000,17858.13086
1215.50000,17806.42773
1216.00000,17758.04102
1216.50000,17713.65039
1217.00000,17668.95508
1217.50000,17619.37109
1218.00000,17560.94336
1218.50000,17496.83594
1219.00000,17431.29492
1219.50000,17369.77930
1220.00000,17315.04492
1220.50000,17269.32813
1221.00000,17231.49609
1221.50000,17199.96875
1222.00000,17173.16406
1222.50000,17146.98047
1223.00000,17117.90430
1223.50000,17083.85547
1224.00000,17046.91992
1224.50000,17012.86523
1225.00000,16988.44531
1225.50000,16977.82813
1226.00000,16982.56641
1226.50000,16994.17773
1227.00000,17003.70703
1227.50000,17001.87500
1228.00000,16986.36328
1228.50000,16958.36328
1229.00000,16927.33984
1229.50000,16902.29492
1230.00000,16891.72461
1230.50000,16894.28125
1231.00000,16905.82227
1231.50000,16917.89844
1232.00000,16924.83984
1232.50000,16925.42969
1233.00000,16925.33594
1233.50000,16930.34180
1234.00000,16943.82617
1234.50000,16961.58984
1235.00000,16977.36133
1235.50000,16986.18164
1236.00000,16988.88281
1236.50000,16990.27734
1237.00000,16996.21875
1237.50000,17008.74219
1238.00000,17025.62891
1238.50000,17041.99023
1239.00000,17055.54102
1239.50000,17067.56250
1240.00000,17080.19531
1240.50000,17093.42969
1241.00000,17104.03125
1241.50000,17108.31641
1242.00000,17105.59180
1242.50000,17101.54297
1243.00000,17104.58594
1243.50000,17120.02734
1244.00000,17146.15430
1244.50000,17175.62500
1245.00000,17197.60156
1245.50000,17205.25391
1246.00000,17198.68359
1246.50000,17186.87695
1247.00000,17180.16406
1247.50000,17185.58789
1248.00000,17203.96484
1248.50000,17232.32227
1249.00000,17262.34961
1249.50000,17289.18164
1250.00000,17310.97852
1250.50000,17330.13477
1251.00000,17350.73633
1251.50000,17376.66602
1252.00000,17409.81250
1252.50000,17451.05273
1253.00000,17496.52344
1253.50000,17542.47656
1254.00000,17584.31250
1254.50000,17619.38672
1255.00000,17645.33984
1255.50000,17664.51758
1256.00000,17680.23633
1256.50000,17696.78320
1257.00000,17717.19336
1257.50000,17742.88086
1258.00000,17772.35156
1258.50000,17802.81836
1259.00000,17832.06641
1259.50000,17859.32031
1260.00000,17884.27930
1260.50000,17905.34180
1261.00000,17920.42773
1261.50000,17925.27930
1262.00000,17918.44727
1262.50000,17903.54688
1263.00000,17887.87305
1263.50000,17880.53320
1264.00000,17886.84961
1264.50000,17906.17578
1265.00000,17928.39844
1265.50000,17942.85352
1266.00000,17943.78906
1266.50000,17934.47852
1267.00000,17924.12695
1267.50000,17922.18164
1268.00000,17931.76367
1268.50000,17948.84180
1269.00000,17964.41797
1269.50000,17971.76172
1270.00000,17971.00586
1270.50000,17967.22852
1271.00000,17966.98242
1271.50000,17972.44531
1272.00000,17982.01953
1272.50000,17991.06445
1273.00000,17996.13477
1273.50000,17996.30664
1274.00000,17994.57031
1274.50000,17994.30664
1275.00000,17998.43555
1275.50000,18005.97266
1276.00000,18014.79492
1276.50000,18021.95313
1277.00000,18025.94336
1277.50000,18026.41797
1278.00000,18025.47070
1278.50000,18025.42188
1279.00000,18028.29883
1279.50000,18033.28516
1280.00000,18038.30859
1280.50000,18040.49609
1281.00000,18038.87500
1281.50000,18034.01563
1282.00000,18028.88086
1282.50000,18025.66797
1283.00000,18025.14648
1283.50000,18025.41016
1284.00000,18024.71289
1284.50000,18023.04492
1285.00000,18022.41602
1285.50000,18025.63672
1286.00000,18032.23438
1286.50000,18038.67773
1287.00000,18037.92578
1287.50000,18026.15430
1288.00000,18001.93359
1288.50000,17970.77930
1289.00000,17940.79883
1289.50000,17918.91406
1290.00000,17903.79688
1290.50000,17889.15430
1291.00000,17865.09766
1291.50000,17828.03711
1292.00000,17779.31836
1292.50000,17728.47852
1293.00000,17683.43750
1293.50000,17648.17383
1294.00000,17617.49805
1294.50000,17586.04492
1295.00000,17551.71875
1295.50000,17519.08789
1296.00000,17496.49805
1296.50000,17488.14258
1297.00000,17490.38672
1297.50000,17494.58203
1298.00000,17491.47852
1298.50000,17478.31445
1299.00000,17459.90820
1299.50000,17444.95703
1300.00000,17438.52539
1300.50000,17436.43164
1301.00000,17430.85547
1301.50000,17413.46875
1302.00000,17387.16797
1302.50000,17359.56055
1303.00000,17342.12305
1303.50000,17339.75781
1304.00000,17352.35156
1304.50000,17369.71680
1305.00000,17381.98633
1305.50000,17381.37891
1306.00000,17371.88867
1306.50000,17360.84375
1307.00000,17357.74219
1307.50000,17365.67188
1308.00000,17382.05469
1308.50000,17397.99023
1309.00000,17406.93750
1309.50000,17405.68945
1310.00000,17399.46680
1310.50000,17393.33008
1311.00000,17390.14844
1311.50000,17387.89258
1312.00000,17381.95508
1312.50000,17370.83789
1313.00000,17357.77734
1313.50000,17350.82227
1314.00000,17354.88281
1314.50000,17370.38281
1315.00000,17388.42773
1315.50000,17398.26172
1316.00000,17391.05859
1316.50000,17371.41211
1317.00000,17349.43359
1317.50000,17339.62500
1318.00000,17348.11914
1318.50000,17375.09375
1319.00000,17409.38086
1319.50000,17437.52148
1320.00000,17446.47266
1320.50000,17436.71875
1321.00000,17413.59180
1321.50000,17386.79102
1322.00000,17364.94727
1322.50000,17351.26953
1323.00000,17343.36523
1323.50000,17337.94531
1324.00000,17334.85352
1324.50000,17336.30859
1325.00000,17345.99219
1325.50000,17365.83594
1326.00000,17391.18359
1326.50000,17414.45703
1327.00000,17426.84375
1327.50000,17423.83984
1328.00000,17402.46094
1328.50000,17372.06836
1329.00000,17342.26172
1329.50000,17323.47461
1330.00000,17318.50586
1330.50000,17326.61133
1331.00000,17339.75781
1331.50000,17351.01563
1332.00000,17356.27539
1332.50000,17358.37305
1333.00000,17361.04102
1333.50000,17366.10156
1334.00000,17370.58984
1334.50000,17368.40430
1335.00000,17357.30273
1335.50000,17341.01367
1336.00000,17329.48242
1336.50000,17329.47070
1337.00000,17342.03320
1337.50000,17359.65625
1338.00000,17372.76172
1338.50000,17375.62695
1339.00000,17372.77930
1339.50000,17372.04102
1340.00000,17380.65039
1340.50000,17396.13477
1341.00000,17411.69531
1341.50000,17419.51367
1342.00000,17418.55469
1342.50000,17413.54688
1343.00000,17412.71680
1343.50000,17419.66016
1344.00000,17433.17773
1344.50000,17447.27734
1345.00000,17458.18359
1345.50000,17466.14844
1346.00000,17474.36719
1346.50000,17485.97656
1347.00000,17500.15234
1347.50000,17513.87500
1348.00000,17523.52148
1348.50000,17529.43555
1349.00000,17535.46484
1349.50000,17547.61133
1350.00000,17569.04102
1350.50000,17600.86719
1351.00000,17636.30664
1351.50000,17667.86523
1352.00000,17687.44531
1352.50000,17694.05664
1353.00000,17689.41602
1353.50000,17681.39453
1354.00000,17677.10742
1354.50000,17681.63086
1355.00000,17691.63281
1355.50000,17701.26953
1356.00000,17703.94531
1356.50000,17698.36133
1357.00000,17685.78516
1357.50000,17671.10352
1358.00000,17657.67578
1358.50000,17646.64453
1359.00000,17636.16992
1359.50000,17624.75195
1360.00000,17612.52539
1360.50000,17601.62891
1361.00000,17595.34570
1361.50000,17594.65430
1362.00000,17597.52148
1362.50000,17599.82813
1363.00000,17597.53320
1363.50000,17588.32031
1364.00000,17573.41992
1364.50000,17557.32813
1365.00000,17545.10742
1365.50000,17539.36719
1366.00000,17539.99609
1366.50000,17545.72070
1367.00000,17553.58398
1367.50000,17562.83594
1368.00000,17573.39648
1368.50000,17584.76563
1369.00000,17595.50781
1369.50000,17604.21289
1370.00000,17610.89453
1370.50000,17617.58984
1371.00000,17626.93555
1371.50000,17640.16992
1372.00000,17655.06836
1372.50000,17667.49023
1373.00000,17672.53711
1373.50000,17670.00391
1374.00000,17662.30273
1374.50000,17653.20898
1375.00000,17646.28711
1375.50000,17643.95898
1376.00000,17646.88867
1376.50000,17653.99609
1377.00000,17663.44531
1377.50000,17671.60352
1378.00000,17675.75000
1378.50000,17675.03906
1379.00000,17672.75195
1379.50000,17673.26367
1380.00000,17679.08203
1380.50000,17689.33984
1381.00000,17702.53516
1381.50000,17717.47656
1382.00000,17736.00391
1382.50000,17760.95898
1383.00000,17791.09961
1383.50000,17821.84180
1384.00000,17846.23047
1384.50000,17860.87695
1385.00000,17865.52148
1385.50000,17867.98828
1386.00000,17873.07617
1386.50000,17882.48242
1387.00000,17894.41211
1387.50000,17908.53516
1388.00000,17926.70508
1388.50000,17951.43750
1389.00000,17983.91016
1389.50000,18017.38477
1390.00000,18042.57813
1390.50000,18049.54883
1391.00000,18037.50195
1391.50000,18008.08984
1392.00000,17970.47656
1392.50000,17932.81836
1393.00000,17904.02734
1393.50000,17888.14063
1394.00000,17888.19141
1394.50000,17901.18945
1395.00000,17918.25391
1395.50000,17929.39844
1396.00000,17929.29102
1396.50000,17919.93164
1397.00000,17908.85156
1397.50000,17903.04102
1398.00000,17904.00977
1398.50000,17906.76563
1399.00000,17905.16797
1399.50000,17895.51758
1400.00000,17881.60156
1400.50000,17868.74219
1401.00000,17861.45508
1401.50000,17858.77539
1402.00000,17858.18555
1402.50000,17858.13477
1403.00000,17860.08398
1403.50000,17867.84570
1404.00000,17881.41211
1404.50000,17897.53711
1405.00000,17909.30078
1405.50000,17912.03906
1406.00000,17904.02734
1406.50000,17890.52148
1407.00000,17879.30469
1407.50000,17877.82227
1408.00000,17885.30273
1408.50000,17897.84766
1409.00000,17908.69922
1409.50000,17913.23047
1410.00000,17909.46484
1410.50000,17900.34961
1411.00000,17890.10547
1411.50000,17882.82227
1412.00000,17880.16602
1412.50000,17883.25391
1413.00000,17892.60352
1413.50000,17906.96484
1414.00000,17924.88867
1414.50000,17942.32031
1415.00000,17955.17578
1415.50000,17958.67383
1416.00000,17954.26563
1416.50000,17944.50586
1417.00000,17934.49023
1417.50000,17928.82031
1418.00000,17930.83398
1418.50000,17939.87500
1419.00000,17953.76172
1419.50000,17969.20508
1420.00000,17981.82227
1420.50000,17987.93750
1421.00000,17986.07031
1421.50000,17979.00977
1422.00000,17971.37695
1422.50000,17969.15430
1423.00000,17976.14844
1423.50000,17994.96680
1424.00000,18021.93945
1424.50000,18053.38477
1425.00000,18082.63281
1425.50000,18103.41211
1426.00000,18108.93945
1426.50000,18101.70313
1427.00000,18089.21680
1427.50000,18085.14258
1428.00000,18098.06250
1428.50000,18128.64258
1429.00000,18165.69922
1429.50000,18195.56250
1430.00000,18207.97852
1430.50000,18208.61133
1431.00000,18208.90039
1431.50000,18222.13867
1432.00000,18249.64258
1432.50000,18285.11719
1433.00000,18315.99609
1433.50000,18336.70117
1434.00000,18348.87305
1434.50000,18362.20898
1435.00000,18383.53516
1435.50000,18414.58984
1436.00000,18449.16211
1436.50000,18480.51758
1437.00000,18504.78320
1437.50000,18522.87891
1438.00000,18537.63867
1438.50000,18552.31055
1439.00000,18567.42773
1439.50000,18582.47656
1440.00000,18597.61914
1440.50000,18615.11914
1441.00000,18638.15039
1441.50000,18668.36719
1442.00000,18705.53125
1442.50000,18742.23828
1443.00000,18769.74219
1443.50000,18780.45117
1444.00000,18776.01953
1444.50000,18761.64453
1445.00000,18748.50586
1445.50000,18744.39063
1446.00000,18754.21484
1446.50000,18772.58008
1447.00000,18794.57813
1447.50000,18815.45898
1448.00000,18833.52344
1448.50000,18847.22852
1449.00000,18855.21875
1449.50000,18855.90234
1450.00000,18847.89844
1450.50000,18835.38086
1451.00000,18822.37891
1451.50000,18811.99414
1452.00000,18803.34180
1452.50000,18792.77148
1453.00000,18778.06836
1453.50000,18760.30664
1454.00000,18743.83594
1454.50000,18732.95117
1455.00000,18730.50391
1455.50000,18735.49414
1456.00000,18743.92188
1456.50000,18751.07617
1457.00000,18752.95508
1457.50000,18747.85156
1458.00000,18735.86133
1458.50000,18721.08984
1459.00000,18707.11523
1459.50000,18696.24805
1460.00000,18688.24609
1460.50000,18683.11523
1461.00000,18682.14453
1461.50000,18689.50586
1462.00000,18708.82227
1462.50000,18735.25586
1463.00000,18759.46094
1463.50000,18770.82031
1464.00000,18767.02930
1464.50000,18753.75586
1465.00000,18746.01563
1465.50000,18754.28125
1466.00000,18780.50000
1466.50000,18811.84570
1467.00000,18837.06250
1467.50000,18851.61523
1468.00000,18858.99609
1468.50000,18865.04492
1469.00000,18873.65234
1469.50000,18884.63867
1470.00000,18896.79883
1470.50000,18910.90234
1471.00000,18930.33008
1471.50000,18955.95508
1472.00000,18985.15625
1472.50000,19012.93750
1473.00000,19036.06641
1473.50000,19054.23438
1474.00000,19069.57422
1474.50000,19083.96680
1475.00000,19096.74609
1475.50000,19107.66602
1476.00000,19118.88086
1476.50000,19136.36523
1477.00000,19163.48633
1477.50000,19200.85547
1478.00000,19242.59180
1478.50000,19280.08398
1479.00000,19305.36914
1479.50000,19319.32617
1480.00000,19328.80078
1480.50000,19343.79883
1481.00000,19370.76953
1481.50000,19413.26172
1482.00000,19468.31641
1482.50000,19528.69336
1483.00000,19588.29102
1483.50000,19644.14648
1484.00000,19697.34961
1484.50000,19750.40430
1485.00000,19803.77344
1485.50000,19854.80078
1486.00000,19900.22070
1486.50000,19940.47070
1487.00000,19980.54297
1487.50000,20028.58398
1488.00000,20091.15430
1488.50000,20169.49219
1489.00000,20255.80859
1489.50000,20343.75977
1490.00000,20429.00000
1490.50000,20511.98438
1491.00000,20596.35742
1491.50000,20685.75781
1492.00000,20782.52539
1492.50000,20887.27148
1493.00000,20997.01172
1493.50000,21110.63086
1494.00000,21227.93945
1494.50000,21350.91406
1495.00000,21486.34766
1495.50000,21636.94336
1496.00000,21805.42383
1496.50000,21991.46484
1497.00000,22188.09570
1497.50000,22393.48633
1498.00000,22607.45117
1498.50000,22831.70313
1499.00000,23071.13086
1499.50000,23323.69141
1500.00000,23590.82617
1500.50000,23876.88867
1501.00000,24184.57617
1501.50000,24519.70117
1502.00000,24877.12891
1502.50000,25247.84766
1503.00000,25624.65625
1503.50000,26005.61523
1504.00000,26400.06445
1504.50000,26822.54102
1505.00000,27276.08789
1505.50000,27754.56250
1506.00000,28237.11523
1506.50000,28707.95508
1507.00000,29158.03711
1507.50000,29595.75195
1508.00000,30028.69141
1508.50000,30458.95703
1509.00000,30878.35938
1509.50000,31269.13281
1510.00000,31625.18555
1510.50000,31947.40234
1511.00000,32238.41406
1511.50000,32507.71289
1512.00000,32748.66602
1512.50000,32947.98438
1513.00000,33094.76953
1513.50000,33173.50391
1514.00000,33196.75000
1514.50000,33173.41406
1515.00000,33108.80078
1515.50000,33015.36328
1516.00000,32892.45313
1516.50000,32741.01367
1517.00000,32562.07031
1517.50000,32348.79883
1518.00000,32103.19336
1518.50000,31822.48047
1519.00000,31505.16406
1519.50000,31163.15430
1520.00000,30803.13867
1520.50000,30432.13086
1521.00000,30050.26758
1521.50000,29649.05078
1522.00000,29227.82227
1522.50000,28788.99414
1523.00000,28342.58984
1523.50000,27901.57813
1524.00000,27474.98633
1524.50000,27062.29883
1525.00000,26657.41992
1525.50000,26254.43164
1526.00000,25851.29883
1526.50000,25450.83594
1527.00000,25058.09180
1527.50000,24675.29102
1528.00000,24305.22070
1528.50000,23947.43555
1529.00000,23602.36914
1529.50000,23274.55273
1530.00000,22963.04297
1530.50000,22670.21289
1531.00000,22396.24805
1531.50000,22136.74219
1532.00000,21890.57227
1532.50000,21654.36328
1533.00000,21427.56055
1533.50000,21214.13086
1534.00000,21015.02734
1534.50000,20833.52930
1535.00000,20669.02930
1535.50000,20515.96484
1536.00000,20371.51172
1536.50000,20234.00781
1537.00000,20106.87891
1537.50000,19997.79492
1538.00000,19906.04492
1538.50000,19829.37695
1539.00000,19759.80664
1539.50000,19690.50391
1540.00000,19620.81250
1540.50000,19555.57422
1541.00000,19499.02539
1541.50000,19451.05078
1542.00000,19404.58789
1542.50000,19353.82422
1543.00000,19298.04297
1543.50000,19242.05859
1544.00000,19192.43555
1544.50000,19149.79492
1545.00000,19110.39258
1545.50000,19071.15625
1546.00000,19033.75586
1546.50000,19004.78906
1547.00000,18988.84180
1547.50000,18983.27734
1548.00000,18980.14258
1548.50000,18970.03125
1549.00000,18950.21680
1549.50000,18923.54688
1550.00000,18896.17383
1550.50000,18871.83789
1551.00000,18852.18945
1551.50000,18838.78320
1552.00000,18836.78906
1552.50000,18844.28516
1553.00000,18855.54102
1553.50000,18858.07227
1554.00000,18843.16406
1554.50000,18807.48047
1555.00000,18762.51758
1555.50000,18723.53125
1556.00000,18703.83008
1556.50000,18698.80664
1557.00000,18700.42773
1557.50000,18698.68359
1558.00000,18690.15430
1558.50000,18677.22070
1559.00000,18666.85938
1559.50000,18663.57422
1560.00000,18668.46094
1560.50000,18675.99414
1561.00000,18680.48438
1561.50000,18677.14844
1562.00000,18666.60547
1562.50000,18652.50977
1563.00000,18640.98633
1563.50000,18633.60352
1564.00000,18626.46484
1564.50000,18613.65234
1565.00000,18592.95313
1565.50000,18570.78906
1566.00000,18558.16406
1566.50000,18568.18164
1567.00000,18596.04883
1567.50000,18631.08789
1568.00000,18659.62891
1568.50000,18676.05469
1569.00000,18681.47852
1569.50000,18683.32031
1570.00000,18687.82813
1570.50000,18696.94336
1571.00000,18708.06250
1571.50000,18718.74805
1572.00000,18726.43359
1572.50000,18729.47070
1573.00000,18725.49609
1573.50000,18715.14844
1574.00000,18703.40234
1574.50000,18698.18164
1575.00000,18703.15820
1575.50000,18717.51367
1576.00000,18735.34570
1576.50000,18749.41797
1577.00000,18755.80078
1577.50000,18756.97070
1578.00000,18757.29102
1578.50000,18759.11719
1579.00000,18761.28125
1579.50000,18761.20508
1580.00000,18756.31836
1580.50000,18746.64063
1581.00000,18732.84375
1581.50000,18717.32227
1582.00000,18702.40820
1582.50000,18691.06641
1583.00000,18683.89844
1583.50000,18680.13477
1584.00000,18676.58789
1584.50000,18670.21484
1585.00000,18660.49414
1585.50000,18650.54297
1586.00000,18643.68945
1586.50000,18641.73828
1587.00000,18640.66016
1587.50000,18633.93359
1588.00000,18615.83203
1588.50000,18588.21680
1589.00000,18556.86523
1589.50000,18531.45898
1590.00000,18518.41211
1590.50000,18521.06250
1591.00000,18531.21289
1591.50000,18540.08008
1592.00000,18541.21484
1592.50000,18535.65039
1593.00000,18528.19141
1593.50000,18524.29297
1594.00000,18524.49414
1594.50000,18523.55469
1595.00000,18515.80273
1595.50000,18500.07422
1596.00000,18482.42188
1596.50000,18470.94531
1597.00000,18472.18945
1597.50000,18482.11328
1598.00000,18492.11523
1598.50000,18492.10938
1599.00000,18480.55469
1599.50000,18459.39844
1600.00000,18434.82422
1600.50000,18411.77148
1601.00000,18393.43945
1601.50000,18380.27930
1602.00000,18373.02930
1602.50000,18373.15430
1603.00000,18378.66797
1603.50000,18386.20313
1604.00000,18390.01172
1604.50000,18385.87695
1605.00000,18372.21875
1605.50000,18354.67383
1606.00000,18338.76367
1606.50000,18329.82813
1607.00000,18328.58203
1607.50000,18334.72070
1608.00000,18345.15234
1608.50000,18356.53516
1609.00000,18365.55078
1609.50000,18369.83984
1610.00000,18367.41406
1610.50000,18358.28320
1611.00000,18346.34375
1611.50000,18336.09375
1612.00000,18329.37695
1612.50000,18323.83789
1613.00000,18313.62500
1613.50000,18296.01367
1614.00000,18272.13867
1614.50000,18248.86523
1615.00000,18232.44922
1615.50000,18224.64648
1616.00000,18220.07422
1616.50000,18213.50391
1617.00000,18203.70117
1617.50000,18196.46094
1618.00000,18198.77734
1618.50000,18211.36719
1619.00000,18226.87305
1619.50000,18236.30469
1620.00000,18237.27148
1620.50000,18235.32031
1621.00000,18242.54883
1621.50000,18262.89453
1622.00000,18292.15820
1622.50000,18318.17578
1623.00000,18331.35938
1623.50000,18325.79883
1624.00000,18306.96484
1624.50000,18280.57031
1625.00000,18250.01953
1625.50000,18218.08203
1626.00000,18189.16211
1626.50000,18171.01758
1627.00000,18168.75781
1627.50000,18185.29492
1628.00000,18207.54883
1628.50000,18224.03906
1629.00000,18227.22070
1629.50000,18222.27734
1630.00000,18217.82031
1630.50000,18220.46289
1631.00000,18227.20313
1631.50000,18228.78711
1632.00000,18220.66797
1632.50000,18205.70508
1633.00000,18194.23438
1633.50000,18195.17578
1634.00000,18211.79688
1634.50000,18235.41797
1635.00000,18256.15625
1635.50000,18265.01953
1636.00000,18261.88281
1636.50000,18248.11719
1637.00000,18227.04102
1637.50000,18204.89648
1638.00000,18188.25391
1638.50000,18183.06836
1639.00000,18191.48828
1639.50000,18213.22266
1640.00000,18237.47656
1640.50000,18254.04492
1641.00000,18255.85156
1641.50000,18245.37695
1642.00000,18227.99805
1642.50000,18212.53516
1643.00000,18204.48828
1643.50000,18206.25586
1644.00000,18212.52734
1644.50000,18218.84570
1645.00000,18221.03906
1645.50000,18218.16211
1646.00000,18210.51953
1646.50000,18200.83594
1647.00000,18191.06250
1647.50000,18181.91406
1648.00000,18173.31641
1648.50000,18166.01953
1649.00000,18162.35938
1649.50000,18164.80469
1650.00000,18175.31250
1650.50000,18190.46094
1651.00000,18204.83594
1651.50000,18211.11914
1652.00000,18207.34375
1652.50000,18194.77344
1653.00000,18180.75586
1653.50000,18171.07031
1654.00000,18167.97852
1654.50000,18166.94922
1655.00000,18162.40820
1655.50000,18149.95508
1656.00000,18133.77344
1656.50000,18120.61719
1657.00000,18116.39258
1657.50000,18120.88086
1658.00000,18129.47461
1658.50000,18133.77148
1659.00000,18129.89648
1659.50000,18120.01953
1660.00000,18111.60547
1660.50000,18111.09961
1661.00000,18118.69531
1661.50000,18127.69141
1662.00000,18127.43555
1662.50000,18115.17188
1663.00000,18094.78125
1663.50000,18077.71875
1664.00000,18074.14258
1664.50000,18090.27734
1665.00000,18116.64258
1665.50000,18140.38477
1666.00000,18147.96289
1666.50000,18138.49414
1667.00000,18115.25977
1667.50000,18086.77344
1668.00000,18061.88672
1668.50000,18046.21094
1669.00000,18041.00195
1669.50000,18045.27148
1670.00000,18058.50586
1670.50000,18076.01563
1671.00000,18094.85156
1671.50000,18112.97461
1672.00000,18129.39453
1672.50000,18141.73047
1673.00000,18146.67969
1673.50000,18140.96875
1674.00000,18123.45117
1674.50000,18101.48828
1675.00000,18082.89453
1675.50000,18074.52344
1676.00000,18076.29688
1676.50000,18084.80273
1677.00000,18093.63477
1677.50000,18100.56055
1678.00000,18105.96484
1678.50000,18111.19727
1679.00000,18115.78516
1679.50000,18118.18945
1680.00000,18118.62695
1680.50000,18119.22461
1681.00000,18122.46289
1681.50000,18128.43164
1682.00000,18133.32227
1682.50000,18132.00977
1683.00000,18121.20313
1683.50000,18102.90820
1684.00000,18083.19922
1684.50000,18070.17773
1685.00000,18068.87500
1685.50000,18080.04102
1686.00000,18100.44922
1686.50000,18122.07617
1687.00000,18137.42969
1687.50000,18141.62500
1688.00000,18135.45508
1688.50000,18123.24219
1689.00000,18111.89063
1689.50000,18104.81055
1690.00000,18102.26563
1690.50000,18101.27344
1691.00000,18100.19531
1691.50000,18099.97461
1692.00000,18102.64258
1692.50000,18110.02930
1693.00000,18119.95313
1693.50000,18129.70508
1694.00000,18137.63086
1694.50000,18145.08398
1695.00000,18154.01172
1695.50000,18164.04102
1696.00000,18171.96875
1696.50000,18170.85547
1697.00000,18160.78906
1697.50000,18144.52148
1698.00000,18128.93555
1698.50000,18119.92188
1699.00000,18121.11523
1699.50000,18129.11914
1700.00000,18138.00781
1700.50000,18142.01172
1701.00000,18139.88867
1701.50000,18133.01953
1702.00000,18126.41016
1702.50000,18124.69531
1703.00000,18130.14648
1703.50000,18139.85547
1704.00000,18150.02344
1704.50000,18157.98633
1705.00000,18165.14648
1705.50000,18174.33984
1706.00000,18186.27539
1706.50000,18197.89648
1707.00000,18203.60352
1707.50000,18200.54688
1708.00000,18190.02539
1708.50000,18176.10352
1709.00000,18163.58594
1709.50000,18155.90820
1710.00000,18155.75000
1710.50000,18164.08984
1711.00000,18180.66797
1711.50000,18199.47461
1712.00000,18213.91016
1712.50000,18217.93359
1713.00000,18213.70313
1713.50000,18207.20117
1714.00000,18204.64648
1714.50000,18206.65430
1715.00000,18210.38477
1715.50000,18212.64063
1716.00000,18214.26172
1716.50000,18218.80273
1717.00000,18226.61328
1717.50000,18233.99609
1718.00000,18235.20508
1718.50000,18228.07422
1719.00000,18215.62695
1719.50000,18204.89063
1720.00000,18199.07813
1720.50000,18197.39453
1721.00000,18196.48047
1721.50000,18196.35938
1722.00000,18200.89258
1722.50000,18213.37500
1723.00000,18234.98438
1723.50000,18258.73047
1724.00000,18277.30078
1724.50000,18287.14453
1725.00000,18291.90234
1725.50000,18295.43164
1726.00000,18298.66602
1726.50000,18297.94531
1727.00000,18287.76367
1727.50000,18272.98828
1728.00000,18263.21875
1728.50000,18269.36719
1729.00000,18290.95898
1729.50000,18317.71289
1730.00000,18333.32031
1730.50000,18332.02734
1731.00000,18318.18945
1731.50000,18307.12500
1732.00000,18309.98047
1732.50000,18326.00977
1733.00000,18345.32813
1733.50000,18358.65625
1734.00000,18362.60938
1734.50000,18358.34570
1735.00000,18349.48242
1735.50000,18341.67383
1736.00000,18339.24219
1736.50000,18344.20117
1737.00000,18353.65234
1737.50000,18361.29492
1738.00000,18363.27148
1738.50000,18361.91016
1739.00000,18364.79688
1739.50000,18376.47852
1740.00000,18395.70508
