280.00000,14360.97949
280.50000,14383.13672
281.00000,14389.74414
281.50000,14397.14063
282.00000,14416.41699
282.50000,14446.14551
283.00000,14474.44824
283.50000,14487.95996
284.00000,14488.22168
284.50000,14480.90625
285.00000,14475.31934
285.50000,14477.00000
286.00000,14485.73633
286.50000,14494.97266
287.00000,14501.94922
287.50000,14507.94531
288.00000,14517.22266
288.50000,14533.52246
289.00000,14556.21680
289.50000,14578.07910
290.00000,14592.53320
290.50000,14598.00195
291.00000,14597.08887
291.50000,14595.64453
292.00000,14599.91895
292.50000,14611.32324
293.00000,14626.87207
293.50000,14642.17871
294.00000,14653.54492
294.50000,14660.19727
295.00000,14663.20117
295.50000,14664.57520
296.00000,14666.11719
296.50000,14669.24512
297.00000,14675.72363
297.50000,14686.95410
298.00000,14705.68164
298.50000,14728.86621
299.00000,14752.51172
299.50000,14770.94043
300.00000,14781.24023
300.50000,14781.94531
301.00000,14776.98047
301.50000,14773.56250
302.00000,14778.16895
302.50000,14791.82031
303.00000,14813.22949
303.50000,14838.42773
304.00000,14861.11719
304.50000,14876.45898
305.00000,14883.54883
305.50000,14884.34375
306.00000,14881.57422
306.50000,14880.13770
307.00000,14884.74316
307.50000,14898.64258
308.00000,14919.55957
308.50000,14944.85938
309.00000,14969.76660
309.50000,14990.63184
310.00000,15003.97852
310.50000,15011.95996
311.00000,15017.33691
311.50000,15022.30762
312.00000,15027.69141
312.50000,15032.90137
313.00000,15036.95703
313.50000,15040.19922
314.00000,15045.19727
314.50000,15054.08008
315.00000,15068.13672
315.50000,15086.23047
316.00000,15104.46484
316.50000,15117.34863
317.00000,15123.46875
317.50000,15124.68750
318.00000,15125.01855
318.50000,15129.22168
319.00000,15140.65723
319.50000,15159.58203
320.00000,15181.19727
320.50000,15200.89355
321.00000,15216.00684
321.50000,15226.25879
322.00000,15232.94434
322.50000,15239.63672
323.00000,15248.66602
323.50000,15260.16992
324.00000,15272.67285
324.50000,15284.39746
325.00000,15294.31152
325.50000,15302.58984
326.00000,15310.98047
326.50000,15321.26367
327.00000,15334.25586
327.50000,15349.07324
328.00000,15363.63184
328.50000,15374.89844
329.00000,15381.24805
329.50000,15383.34180
330.00000,15383.47754
330.50000,15384.99707
331.00000,15390.98926
331.50000,15403.02930
332.00000,15420.80078
332.50000,15442.93555
333.00000,15466.50684
333.50000,15489.91406
334.00000,15511.86621
334.50000,15531.98145
335.00000,15549.71777
335.50000,15565.10254
336.00000,15578.77148
336.50000,15590.99316
337.00000,15602.49414
337.50000,15613.43262
338.00000,15623.41699
338.50000,15631.75098
339.00000,15637.70898
339.50000,15641.84863
340.00000,15645.47852
340.50000,15650.72949
341.00000,15659.01172
341.50000,15671.46289
342.00000,15687.47559
342.50000,15704.89941
343.00000,15722.35840
343.50000,15739.05469
344.00000,15755.04102
344.50000,15770.80078
345.00000,15786.77637
345.50000,15802.64551
346.00000,15817.50879
346.50000,15830.63574
347.00000,15841.08496
347.50000,15848.95996
348.00000,15854.63770
348.50000,15859.09473
349.00000,15864.06738
349.50000,15871.44531
350.00000,15883.20996
350.50000,15899.94629
351.00000,15921.98926
351.50000,15945.85352
352.00000,15966.86914
352.50000,15979.93652
353.00000,15984.54492
353.50000,15981.57031
354.00000,15976.11133
354.50000,15975.32324
355.00000,15986.31543
355.50000,16008.26172
356.00000,16037.88477
356.50000,16069.33496
357.00000,16096.26172
357.50000,16113.74121
358.00000,16120.58105
358.50000,16120.87012
359.00000,16117.18555
359.50000,16112.49219
360.00000,16107.95703
360.50000,16104.26270
361.00000,16102.23828
361.50000,16104.01855
362.00000,16111.07813
362.50000,16123.20605
363.00000,16139.28809
363.50000,16155.42480
364.00000,16168.24609
364.50000,16175.35938
365.00000,16179.74512
365.50000,16185.57617
366.00000,16196.51465
366.50000,16213.23047
367.00000,16233.96875
367.50000,16252.54688
368.00000,16262.84668
368.50000,16262.24219
369.00000,16254.22363
369.50000,16243.28809
370.00000,16235.38281
370.50000,16233.95605
371.00000,16241.57031
371.50000,16254.07520
372.00000,16268.62305
372.50000,16283.36328
373.00000,16297.95313
373.50000,16313.03125
374.00000,16328.91602
374.50000,16344.52441
375.00000,16356.69238
375.50000,16363.53027
376.00000,16363.49219
376.50000,16357.42871
377.00000,16348.93945
377.50000,16342.97461
378.00000,16344.60156
378.50000,16355.30859
379.00000,16375.30762
379.50000,16399.43750
380.00000,16422.62109
380.50000,16439.25781
381.00000,16446.48047
381.50000,16443.70117
382.00000,16436.62305
382.50000,16430.00781
383.00000,16428.32227
383.50000,16432.20313
384.00000,16440.92383
384.50000,16451.55859
385.00000,16461.81836
385.50000,16471.78516
386.00000,16482.92578
386.50000,16496.40234
387.00000,16512.13477
387.50000,16527.66602
388.00000,16539.03906
388.50000,16544.68945
389.00000,16546.39844
389.50000,16547.81055
390.00000,16553.23438
390.50000,16565.40820
391.00000,16584.85547
391.50000,16607.36914
392.00000,16628.26172
392.50000,16644.50586
393.00000,16655.63086
393.50000,16661.47266
394.00000,16664.17188
394.50000,16664.45508
395.00000,16662.54297
395.50000,16659.63086
396.00000,16657.62695
396.50000,16659.28320
397.00000,16666.76172
397.50000,16682.95117
398.00000,16705.68555
398.50000,16732.11914
399.00000,16757.54492
399.50000,16778.71289
400.00000,16792.60547
400.50000,16798.92383
401.00000,16798.43555
401.50000,16791.57813
402.00000,16782.24023
402.50000,16774.31836
403.00000,16771.94727
403.50000,16777.05469
404.00000,16791.27930
404.50000,16811.51563
405.00000,16833.28516
405.50000,16850.42188
406.00000,16861.14258
406.50000,16865.76563
407.00000,16867.69336
407.50000,16871.06250
408.00000,16879.38477
408.50000,16892.57617
409.00000,16908.06836
409.50000,16922.00391
410.00000,16932.56641
410.50000,16939.50000
411.00000,16944.68945
411.50000,16950.60742
412.00000,16959.44141
412.50000,16970.89063
413.00000,16983.11719
413.50000,16993.98633
414.00000,17002.47461
414.50000,17008.28906
415.00000,17012.54688
415.50000,17016.92188
416.00000,17023.48047
416.50000,17032.80078
417.00000,17045.17969
417.50000,17060.69727
418.00000,17078.37695
418.50000,17097.67383
419.00000,17117.69336
419.50000,17137.74023
420.00000,17157.47070
420.50000,17176.90039
421.00000,17195.85742
421.50000,17213.64258
422.00000,17229.38086
422.50000,17241.46875
423.00000,17249.39063
423.50000,17254.74805
424.00000,17260.40625
424.50000,17269.27344
425.00000,17283.16797
425.50000,17301.62695
426.00000,17320.92969
426.50000,17335.26563
427.00000,17340.92773
427.50000,17338.32227
428.00000,17329.50781
428.50000,17320.25977
429.00000,17314.62500
429.50000,17314.72852
430.00000,17318.85938
430.50000,17324.07422
431.00000,17328.38477
431.50000,17332.60547
432.00000,17340.10156
432.50000,17353.35547
433.00000,17374.05469
433.50000,17400.45898
434.00000,17427.28711
434.50000,17448.88867
435.00000,17463.28125
435.50000,17470.95898
436.00000,17473.58594
436.50000,17474.68359
437.00000,17475.90430
437.50000,17477.64844
438.00000,17479.59766
438.50000,17482.33203
439.00000,17487.02148
439.50000,17494.69727
440.00000,17505.36523
440.50000,17516.15234
441.00000,17522.24023
441.50000,17519.45703
442.00000,17508.63867
442.50000,17492.84766
443.00000,17479.08789
443.50000,17473.27148
444.00000,17480.06055
444.50000,17496.72656
445.00000,17518.48047
445.50000,17538.03906
446.00000,17551.94336
446.50000,17558.70703
447.00000,17561.63867
447.50000,17563.57227
448.00000,17566.56836
448.50000,17570.17969
449.00000,17572.14648
449.50000,17570.87500
450.00000,17566.64648
450.50000,17560.91602
451.00000,17556.27148
451.50000,17554.42969
452.00000,17555.86914
452.50000,17558.87695
453.00000,17561.67383
453.50000,17563.36914
454.00000,17564.10938
454.50000,17564.49219
455.00000,17565.25781
455.50000,17566.85156
456.00000,17569.84766
456.50000,17574.86328
457.00000,17583.21680
457.50000,17594.83398
458.00000,17608.14844
458.50000,17619.28320
459.00000,17624.13281
459.50000,17618.65625
460.00000,17602.28320
460.50000,17582.08789
461.00000,17566.18750
461.50000,17560.89258
462.00000,17568.12109
462.50000,17586.24219
463.00000,17606.16797
463.50000,17618.89258
464.00000,17618.67773
464.50000,17608.58594
465.00000,17593.91406
465.50000,17582.51563
466.00000,17579.29297
466.50000,17586.83398
467.00000,17600.70898
467.50000,17615.78320
468.00000,17626.68359
468.50000,17631.98633
469.00000,17631.75391
469.50000,17629.31836
470.00000,17627.50977
470.50000,17628.74609
471.00000,17632.96289
471.50000,17638.64258
472.00000,17642.83203
472.50000,17643.89844
473.00000,17641.52344
473.50000,17638.90820
474.00000,17640.43555
474.50000,17651.66211
475.00000,17673.55273
475.50000,17703.66016
476.00000,17733.12695
476.50000,17754.03125
477.00000,17758.00586
477.50000,17747.48242
478.00000,17727.30273
478.50000,17706.70508
479.00000,17694.63086
479.50000,17695.68945
480.00000,17705.89258
480.50000,17719.10742
481.00000,17729.39453
481.50000,17734.75781
482.00000,17736.00000
482.50000,17736.22070
483.00000,17738.07031
483.50000,17741.16406
484.00000,17742.66406
484.50000,17740.39453
485.00000,17733.23633
485.50000,17724.27148
486.00000,17717.16406
486.50000,17715.59961
487.00000,17719.80273
487.50000,17727.12500
488.00000,17732.90039
488.50000,17734.17773
489.00000,17729.21094
489.50000,17720.74414
490.00000,17711.91992
490.50000,17706.57227
491.00000,17706.69727
491.50000,17712.79883
492.00000,17722.23828
492.50000,17732.40820
493.00000,17740.29883
493.50000,17744.33398
494.00000,17743.49609
494.50000,17738.74219
495.00000,17732.95313
495.50000,17730.03320
496.00000,17732.16406
496.50000,17739.75977
497.00000,17751.30664
497.50000,17762.56641
498.00000,17769.27930
498.50000,17768.72656
499.00000,17761.68750
499.50000,17751.75195
500.00000,17744.16211
500.50000,17742.15430
501.00000,17746.97266
501.50000,17755.31445
502.00000,17763.05664
502.50000,17765.96484
503.00000,17762.43359
503.50000,17753.90234
504.00000,17745.59375
504.50000,17741.71484
505.00000,17745.43359
505.50000,17755.38281
506.00000,17769.06836
506.50000,17781.88281
507.00000,17790.24023
507.50000,17791.82617
508.00000,17789.57422
508.50000,17786.28125
509.00000,17785.06250
509.50000,17787.09961
510.00000,17792.33008
510.50000,17798.66406
511.00000,17804.08594
511.50000,17807.42383
512.00000,17810.38672
512.50000,17815.24805
513.00000,17824.06641
513.50000,17836.29492
514.00000,17849.50391
514.50000,17859.17578
515.00000,17861.55664
515.50000,17852.91016
516.00000,17838.73047
516.50000,17824.88867
517.00000,17818.33594
517.50000,17821.70508
518.00000,17835.06836
518.50000,17851.53711
519.00000,17863.42383
519.50000,17861.60742
520.00000,17847.19727
520.50000,17824.90430
521.00000,17803.51953
521.50000,17790.25000
522.00000,17790.75000
522.50000,17802.16797
523.00000,17819.13477
523.50000,17834.09375
524.00000,17841.75391
524.50000,17840.80078
525.00000,17833.84766
525.50000,17824.68945
526.00000,17815.58203
526.50000,17806.72852
527.00000,17796.62695
527.50000,17783.08594
528.00000,17766.41016
528.50000,17749.45703
529.00000,17736.94727
529.50000,17732.02148
530.00000,17737.50000
530.50000,17749.81055
531.00000,17764.57227
531.50000,17775.88281
532.00000,17780.23242
532.50000,17776.18945
533.00000,17767.62695
533.50000,17758.95117
534.00000,17754.32031
534.50000,17754.53516
535.00000,17758.95313
535.50000,17765.33594
536.00000,17771.02344
536.50000,17774.16211
537.00000,17774.77734
537.50000,17773.85938
538.00000,17772.26367
538.50000,17770.89063
539.00000,17770.24219
539.50000,17770.66797
540.00000,17772.04688
540.50000,17774.01172
541.00000,17775.34570
541.50000,17774.70898
542.00000,17770.52930
542.50000,17763.51953
543.00000,17754.99023
543.50000,17747.60547
544.00000,17743.65820
544.50000,17745.20703
545.00000,17751.20117
545.50000,17758.80469
546.00000,17763.67383
546.50000,17763.36719
547.00000,17756.54297
547.50000,17744.52344
548.00000,17730.83789
548.50000,17719.48047
549.00000,17713.22656
549.50000,17713.14844
550.00000,17718.77344
550.50000,17726.48438
551.00000,17734.23633
551.50000,17740.97266
552.00000,17747.12695
552.50000,17753.80078
553.00000,17761.50000
553.50000,17769.42188
554.00000,17774.67188
554.50000,17774.58398
555.00000,17767.34375
555.50000,17754.26953
556.00000,17739.03906
556.50000,17726.30078
557.00000,17719.19336
557.50000,17718.92188
558.00000,17724.53906
558.50000,17731.88867
559.00000,17737.33203
559.50000,17739.21289
560.00000,17738.31055
560.50000,17736.41016
561.00000,17735.73828
561.50000,17737.26563
562.00000,17740.47852
562.50000,17743.34766
563.00000,17743.65625
563.50000,17741.03711
564.00000,17737.50195
564.50000,17736.74414
565.00000,17741.15039
565.50000,17751.67578
566.00000,17766.30859
566.50000,17780.22852
567.00000,17788.16211
567.50000,17787.82617
568.00000,17781.40625
568.50000,17774.50977
569.00000,17772.55273
569.50000,17778.08594
570.00000,17789.34766
570.50000,17800.73242
571.00000,17806.09375
571.50000,17803.04883
572.00000,17793.47266
572.50000,17782.96680
573.00000,17777.45703
573.50000,17779.33008
574.00000,17786.69922
574.50000,17794.69336
575.00000,17798.40234
575.50000,17795.87695
576.00000,17787.68164
576.50000,17775.41211
577.00000,17761.82617
577.50000,17747.81836
578.00000,17733.90430
578.50000,17721.26758
579.00000,17713.22070
579.50000,17712.48828
580.00000,17720.83984
580.50000,17738.33008
581.00000,17759.27930
581.50000,17777.19727
582.00000,17786.12109
582.50000,17785.89648
583.00000,17778.37695
583.50000,17769.72461
584.00000,17764.48047
584.50000,17765.65234
585.00000,17771.58008
585.50000,17779.73047
586.00000,17786.75195
586.50000,17791.07227
587.00000,17792.82422
587.50000,17793.78711
588.00000,17794.87109
588.50000,17796.13086
589.00000,17796.99023
589.50000,17797.07813
590.00000,17797.13867
590.50000,17798.69922
591.00000,17804.25977
591.50000,17813.58203
592.00000,17824.65430
592.50000,17833.61328
593.00000,17837.28125
593.50000,17832.90234
594.00000,17821.52734
594.50000,17806.14844
595.00000,17790.35938
595.50000,17777.23828
596.00000,17768.33398
596.50000,17763.09375
597.00000,17759.76953
597.50000,17757.62695
598.00000,17756.38086
598.50000,17756.29883
599.00000,17758.07031
599.50000,17761.41602
600.00000,17765.98047
600.50000,17770.82422
601.00000,17774.63867
601.50000,17775.53320
602.00000,17772.31836
602.50000,17764.41992
603.00000,17751.81445
603.50000,17737.62695
604.00000,17725.46680
604.50000,17719.25586
605.00000,17720.13477
605.50000,17727.86133
606.00000,17737.37305
606.50000,17743.68555
607.00000,17742.78320
607.50000,17735.75391
608.00000,17724.71289
608.50000,17713.37891
609.00000,17704.19922
609.50000,17698.06836
610.00000,17693.31250
610.50000,17688.20117
611.00000,17681.59766
611.50000,17674.30469
612.00000,17667.50586
612.50000,17662.14844
613.00000,17658.30078
613.50000,17655.93750
614.00000,17654.65820
614.50000,17654.67773
615.00000,17656.62891
615.50000,17660.42383
616.00000,17665.73438
616.50000,17671.34570
617.00000,17676.31250
617.50000,17679.71289
618.00000,17681.17969
618.50000,17679.70703
619.00000,17673.51953
619.50000,17662.17383
620.00000,17645.37891
620.50000,17626.24609
621.00000,17609.78711
621.50000,17602.85742
622.00000,17606.18164
622.50000,17618.50391
623.00000,17634.54297
623.50000,17647.61719
624.00000,17652.30273
624.50000,17648.29102
625.00000,17638.80078
625.50000,17628.69336
626.00000,17622.50586
626.50000,17621.76758
627.00000,17624.95703
627.50000,17629.09375
628.00000,17631.95898
628.50000,17632.70898
629.00000,17631.49219
629.50000,17628.34766
630.00000,17623.68359
630.50000,17617.28516
631.00000,17609.53516
631.50000,17602.08789
632.00000,17597.98633
632.50000,17599.53320
633.00000,17607.95703
633.50000,17623.72266
634.00000,17643.04883
634.50000,17661.90234
635.00000,17675.25781
635.50000,17680.18555
636.00000,17673.75195
636.50000,17659.02734
637.00000,17640.96680
637.50000,17626.03125
638.00000,17618.05469
638.50000,17618.88672
639.00000,17625.95508
639.50000,17634.35352
640.00000,17639.07227
640.50000,17638.36914
641.00000,17633.22070
641.50000,17626.95703
642.00000,17623.07227
642.50000,17622.38086
643.00000,17622.44727
643.50000,17620.24609
644.00000,17613.23438
644.50000,17603.00000
645.00000,17592.56055
645.50000,17585.95508
646.00000,17584.53906
646.50000,17587.85547
647.00000,17592.35156
647.50000,17594.64844
648.00000,17592.85156
648.50000,17588.90625
649.00000,17585.20898
649.50000,17584.15234
650.00000,17585.93945
650.50000,17589.58594
651.00000,17592.76953
651.50000,17593.79883
652.00000,17591.45117
652.50000,17587.11133
653.00000,17582.54492
653.50000,17579.75781
654.00000,17579.24414
654.50000,17580.25195
655.00000,17580.11133
655.50000,17576.01172
656.00000,17564.74023
656.50000,17548.07422
657.00000,17529.67969
657.50000,17516.57617
658.00000,17514.45117
658.50000,17528.41406
659.00000,17553.02148
659.50000,17580.46094
660.00000,17600.77344
660.50000,17609.22070
661.00000,17604.14648
661.50000,17589.66797
662.00000,17572.72461
662.50000,17558.91797
663.00000,17550.35352
663.50000,17546.52344
664.00000,17546.29688
664.50000,17547.97070
665.00000,17551.66992
665.50000,17557.10742
666.00000,17562.79883
666.50000,17565.78711
667.00000,17563.82813
667.50000,17555.93164
668.00000,17542.80273
668.50000,17528.12109
669.00000,17515.04492
669.50000,17505.64063
670.00000,17499.67969
670.50000,17496.58398
671.00000,17495.19727
671.50000,17495.36523
672.00000,17497.14648
672.50000,17499.78320
673.00000,17502.24023
673.50000,17503.59766
674.00000,17504.12109
674.50000,17505.74609
675.00000,17510.85352
675.50000,17521.30469
676.00000,17536.14453
676.50000,17551.28125
677.00000,17561.93945
677.50000,17565.08203
678.00000,17560.82227
678.50000,17550.49805
679.00000,17538.98633
679.50000,17529.65625
680.00000,17524.78516
680.50000,17523.87891
681.00000,17526.14648
681.50000,17529.84375
682.00000,17533.87891
682.50000,17537.83594
683.00000,17541.62695
683.50000,17545.30273
684.00000,17549.04492
684.50000,17553.09375
685.00000,17557.67188
685.50000,17562.48047
686.00000,17566.69531
686.50000,17568.54102
687.00000,17567.01953
687.50000,17561.44922
688.00000,17553.08203
688.50000,17544.33984
689.00000,17537.65430
689.50000,17533.88086
690.00000,17532.28711
690.50000,17530.74414
691.00000,17527.01953
691.50000,17519.99219
692.00000,17510.94922
692.50000,17502.93359
693.00000,17499.96094
693.50000,17503.08594
694.00000,17510.29688
694.50000,17517.11328
695.00000,17519.08008
695.50000,17513.32422
696.00000,17501.41016
696.50000,17488.37305
697.00000,17481.16992
697.50000,17483.58594
698.00000,17496.26172
698.50000,17515.88477
699.00000,17534.91211
699.50000,17546.13867
700.00000,17547.15430
700.50000,17540.88281
701.00000,17532.20703
701.50000,17526.87305
702.00000,17527.48242
702.50000,17533.15430
703.00000,17539.17383
703.50000,17540.71289
704.00000,17535.60938
704.50000,17525.52148
705.00000,17514.43555
705.50000,17507.15820
706.00000,17505.94336
706.50000,17509.30273
707.00000,17513.03711
707.50000,17513.70117
708.00000,17510.78516
708.50000,17506.51953
709.00000,17505.03711
709.50000,17508.55664
710.00000,17517.34180
710.50000,17528.56055
711.00000,17537.99414
711.50000,17541.96680
712.00000,17540.25781
712.50000,17535.03711
713.00000,17528.97266
713.50000,17523.73047
714.00000,17519.17773
714.50000,17514.27734
715.00000,17508.64258
715.50000,17503.41406
716.00000,17500.88281
716.50000,17502.91992
717.00000,17510.48438
717.50000,17520.28516
718.00000,17528.05078
718.50000,17529.03125
719.00000,17522.17578
719.50000,17508.43359
720.00000,17492.53320
720.50000,17478.18945
721.00000,17467.90234
721.50000,17460.60742
722.00000,17454.53711
722.50000,17447.82617
723.00000,17440.34180
723.50000,17433.84766
724.00000,17430.52539
724.50000,17431.68945
725.00000,17437.19531
725.50000,17444.07031
726.00000,17449.67188
726.50000,17452.65234
727.00000,17453.48633
727.50000,17453.16406
728.00000,17452.78125
728.50000,17452.23242
729.00000,17450.38086
729.50000,17446.40430
730.00000,17440.05078
730.50000,17433.00195
731.00000,17427.87109
731.50000,17428.67188
732.00000,17436.56445
732.50000,17451.16992
733.00000,17469.16602
733.50000,17484.96484
734.00000,17492.18555
734.50000,17487.46289
735.00000,17471.62109
735.50000,17447.52344
736.00000,17423.49023
736.50000,17405.91406
737.00000,17398.71289
737.50000,17399.28125
738.00000,17403.48242
738.50000,17406.34570
739.00000,17406.96875
739.50000,17409.38086
740.00000,17418.21289
740.50000,17435.81055
741.00000,17458.74023
741.50000,17478.91211
742.00000,17486.84570
742.50000,17479.87109
743.00000,17461.47852
743.50000,17439.71289
744.00000,17424.13086
744.50000,17419.82031
745.00000,17424.86719
745.50000,17431.61133
746.00000,17431.44727
746.50000,17422.08984
747.00000,17406.52930
747.50000,17391.39063
748.00000,17382.76758
748.50000,17384.17188
749.00000,17394.27734
749.50000,17408.20703
750.00000,17420.85742
750.50000,17428.55469
751.00000,17429.77148
751.50000,17424.13477
752.00000,17414.44336
752.50000,17402.98633
753.00000,17392.99023
753.50000,17387.02344
754.00000,17387.78711
754.50000,17394.37305
755.00000,17404.90039
755.50000,17415.66406
756.00000,17422.70313
756.50000,17422.60938
757.00000,17415.10938
757.50000,17402.78906
758.00000,17389.40430
758.50000,17379.21680
759.00000,17374.81836
759.50000,17377.00000
760.00000,17383.14063
760.50000,17390.86719
761.00000,17397.88477
761.50000,17403.58203
762.00000,17408.13477
762.50000,17412.38672
763.00000,17416.66602
763.50000,17420.95117
764.00000,17425.09570
764.50000,17428.93359
765.00000,17432.15820
765.50000,17433.99219
766.00000,17432.12109
766.50000,17425.33594
767.00000,17412.52734
767.50000,17395.08789
768.00000,17377.69531
768.50000,17366.95313
769.00000,17366.92969
769.50000,17378.09570
770.00000,17398.64844
770.50000,17420.87695
771.00000,17438.32617
771.50000,17446.17969
772.00000,17445.09766
772.50000,17437.68164
773.00000,17430.29102
773.50000,17427.85938
774.00000,17434.18750
774.50000,17446.78320
775.00000,17461.75977
775.50000,17473.11133
776.00000,17476.85156
776.50000,17470.74414
777.00000,17458.52539
777.50000,17444.65039
778.00000,17434.26758
778.50000,17429.77734
779.00000,17432.39453
779.50000,17440.78516
780.00000,17452.36523
780.50000,17464.92578
781.00000,17475.88867
781.50000,17482.87891
782.00000,17482.89844
782.50000,17475.92773
783.00000,17462.51172
783.50000,17446.82227
784.00000,17434.16016
784.50000,17430.04102
785.00000,17434.00195
785.50000,17443.33008
786.00000,17452.86719
786.50000,17458.38672
787.00000,17458.19141
787.50000,17454.88477
788.00000,17452.55859
788.50000,17455.54102
789.00000,17463.78906
789.50000,17475.28711
790.00000,17485.79688
790.50000,17491.77539
791.00000,17490.65430
791.50000,17483.54297
792.00000,17473.44531
792.50000,17464.83594
793.00000,17461.48828
793.50000,17466.42969
794.00000,17480.76563
794.50000,17501.27734
795.00000,17523.69141
795.50000,17542.00977
796.00000,17552.09180
796.50000,17550.15234
797.00000,17539.86328
797.50000,17524.96875
798.00000,17511.03906
798.50000,17502.09180
799.00000,17501.21875
799.50000,17507.49023
800.00000,17518.78906
800.50000,17532.37305
801.00000,17544.55664
801.50000,17552.73828
802.00000,17556.00781
802.50000,17556.19141
803.00000,17556.36719
803.50000,17559.85742
804.00000,17567.90039
804.50000,17578.98828
805.00000,17588.16406
805.50000,17590.03906
806.00000,17581.71094
806.50000,17565.40234
807.00000,17545.49414
807.50000,17528.55078
808.00000,17518.51367
808.50000,17516.84570
809.00000,17519.65625
809.50000,17523.17773
810.00000,17524.03125
810.50000,17521.26953
811.00000,17514.49023
811.50000,17505.31445
812.00000,17495.42578
812.50000,17487.87695
813.00000,17485.76367
813.50000,17493.05664
814.00000,17510.40820
814.50000,17534.62109
815.00000,17560.10352
815.50000,17580.02148
816.00000,17590.16602
816.50000,17590.22852
817.00000,17586.21484
817.50000,17584.65820
818.00000,17590.26367
818.50000,17603.05859
819.00000,17619.83203
819.50000,17634.72461
820.00000,17644.21680
820.50000,17647.29297
821.00000,17646.60547
821.50000,17644.78906
822.00000,17644.18945
822.50000,17645.36719
823.00000,17647.66016
823.50000,17649.14648
824.00000,17647.89258
824.50000,17642.32617
825.00000,17632.80469
825.50000,17620.31836
826.00000,17607.83008
826.50000,17598.02734
827.00000,17593.36719
827.50000,17592.48438
828.00000,17593.19141
828.50000,17592.74023
829.00000,17590.86523
829.50000,17590.30859
830.00000,17594.95703
830.50000,17606.90039
831.00000,17625.19531
831.50000,17643.02930
832.00000,17652.96289
832.50000,17650.25000
833.00000,17637.46875
833.50000,17621.10938
834.00000,17610.75977
834.50000,17612.21875
835.00000,17627.09180
835.50000,17647.67969
836.00000,17666.13281
836.50000,17676.16797
837.00000,17677.58984
837.50000,17673.38477
838.00000,17670.37695
838.50000,17673.15625
839.00000,17684.10938
839.50000,17700.69531
840.00000,17720.10938
840.50000,17738.17773
841.00000,17751.59570
841.50000,17756.47852
842.00000,17753.65039
842.50000,17745.38672
843.00000,17737.21484
843.50000,17735.35352
844.00000,17745.51367
844.50000,17767.56836
845.00000,17796.44727
845.50000,17824.25586
846.00000,17843.79883
846.50000,17851.26367
847.00000,17847.57617
847.50000,17839.77148
848.00000,17835.03320
848.50000,17838.62891
849.00000,17850.83789
849.50000,17869.31641
850.00000,17887.20117
850.50000,17898.89453
851.00000,17900.55859
851.50000,17894.11328
852.00000,17883.58203
852.50000,17876.04688
853.00000,17876.57422
853.50000,17888.94336
854.00000,17908.44141
854.50000,17929.52148
855.00000,17945.41211
855.50000,17953.47656
856.00000,17954.08594
856.50000,17953.09766
857.00000,17956.21680
857.50000,17968.66602
858.00000,17988.89844
858.50000,18013.82813
859.00000,18037.92969
859.50000,18057.04297
860.00000,18068.39648
860.50000,18073.51367
861.00000,18074.20703
861.50000,18071.62500
862.00000,18066.91016
862.50000,18059.90039
863.00000,18051.29297
863.50000,18043.32227
864.00000,18040.70898
864.50000,18047.22266
865.00000,18065.42383
865.50000,18095.67969
866.00000,18131.47656
866.50000,18165.90625
867.00000,18192.20313
867.50000,18208.24609
868.00000,18214.02539
868.50000,18215.88477
869.00000,18219.07617
869.50000,18227.89258
870.00000,18242.21484
870.50000,18260.64844
871.00000,18279.94336
871.50000,18297.50977
872.00000,18310.99219
872.50000,18320.17969
873.00000,18324.75586
873.50000,18324.93359
874.00000,18322.50586
874.50000,18319.00195
875.00000,18316.20898
875.50000,18315.05078
876.00000,18316.09961
876.50000,18318.56055
877.00000,18321.93750
877.50000,18325.76172
878.00000,18329.63086
878.50000,18333.03516
879.00000,18335.26172
879.50000,18335.54492
880.00000,18332.47461
880.50000,18326.13086
881.00000,18316.35938
881.50000,18303.94336
882.00000,18290.82031
882.50000,18279.54297
883.00000,18272.33008
883.50000,18270.22266
884.00000,18273.00977
884.50000,18277.04688
885.00000,18278.93164
885.50000,18276.01172
886.00000,18268.55078
886.50000,18257.71094
887.00000,18245.98242
887.50000,18234.42383
888.00000,18222.67383
888.50000,18209.89063
889.00000,18195.88281
889.50000,18181.90625
890.00000,18169.66211
890.50000,18160.66016
891.00000,18154.12109
891.50000,18148.78516
892.00000,18143.91016
892.50000,18140.00586
893.00000,18138.63867
893.50000,18140.16211
894.00000,18142.40039
894.50000,18140.79688
895.00000,18132.61133
895.50000,18118.38867
896.00000,18103.65039
896.50000,18096.07031
897.00000,18102.31445
897.50000,18120.94727
898.00000,18144.22852
898.50000,18162.01953
899.00000,18168.75586
899.50000,18163.79492
900.00000,18151.09570
900.50000,18137.21289
901.00000,18125.29492
901.50000,18115.13672
902.00000,18105.30469
902.50000,18096.23828
903.00000,18090.74609
903.50000,18092.71484
904.00000,18104.19141
904.50000,18121.19141
905.00000,18137.94531
905.50000,18149.18164
906.00000,18154.50195
906.50000,18157.90820
907.00000,18165.87305
907.50000,18181.89258
908.00000,18203.94336
908.50000,18224.98438
909.00000,18237.57617
909.50000,18240.07227
910.00000,18236.04883
910.50000,18231.72266
911.00000,18231.69336
911.50000,18236.12500
912.00000,18241.10156
912.50000,18243.07617
913.00000,18241.75977
913.50000,18241.22656
914.00000,18245.35742
914.50000,18255.79492
915.00000,18267.70898
915.50000,18274.87109
916.00000,18272.78516
916.50000,18263.54688
917.00000,18253.67969
917.50000,18251.82813
918.00000,18263.03125
918.50000,18288.37891
919.00000,18319.51172
919.50000,18348.00391
920.00000,18366.51953
920.50000,18373.79492
921.00000,18370.91797
921.50000,18364.61328
922.00000,18359.74219
922.50000,18359.21484
923.00000,18361.52734
923.50000,18363.94922
924.00000,18364.14844
924.50000,18362.83398
925.00000,18364.28711
925.50000,18373.07813
926.00000,18391.84766
926.50000,18419.00586
927.00000,18446.89648
927.50000,18467.59180
928.00000,18477.52539
928.50000,18479.98633
929.00000,18482.73438
929.50000,18492.91992
930.00000,18512.52539
930.50000,18537.23047
931.00000,18558.98633
931.50000,18571.68750
932.00000,18576.18555
932.50000,18577.94336
933.00000,18583.97070
933.50000,18596.58789
934.00000,18614.70508
934.50000,18634.77344
935.00000,18654.40820
935.50000,18674.57031
936.00000,18697.47461
936.50000,18723.20313
937.00000,18747.67383
937.50000,18764.97852
938.00000,18770.66992
938.50000,18766.61523
939.00000,18762.06836
939.50000,18769.08203
940.00000,18793.80078
940.50000,18834.78320
941.00000,18885.47852
941.50000,18934.53125
942.00000,18976.09961
942.50000,19011.14063
943.00000,19046.24609
943.50000,19089.06445
944.00000,19141.75391
944.50000,19201.98242
945.00000,19264.70313
945.50000,19324.76953
946.00000,19380.14648
946.50000,19431.92773
947.00000,19482.37891
947.50000,19532.17578
948.00000,19580.23242
948.50000,19624.36328
949.00000,19661.73438
949.50000,19692.51563
950.00000,19716.34375
950.50000,19734.49414
951.00000,19749.14648
951.50000,19762.67969
952.00000,19778.61719
952.50000,19800.25391
953.00000,19830.65234
953.50000,19868.29883
954.00000,19910.85156
954.50000,19953.47070
955.00000,19992.30859
955.50000,20024.21875
956.00000,20050.66406
956.50000,20073.57617
957.00000,20095.45703
957.50000,20118.11914
958.00000,20142.01758
958.50000,20166.17383
959.00000,20188.91797
959.50000,20206.97266
960.00000,20218.38867
960.50000,20220.58203
961.00000,20211.96289
961.50000,20195.12109
962.00000,20172.44336
962.50000,20148.17383
963.00000,20124.65234
963.50000,20101.43555
964.00000,20075.31055
964.50000,20041.90430
965.00000,19997.82227
965.50000,19944.66797
966.00000,19885.01953
966.50000,19824.25391
967.00000,19765.81445
967.50000,19711.44336
968.00000,19659.69336
968.50000,19610.29688
969.00000,19565.38086
969.50000,19528.79297
970.00000,19507.90625
970.50000,19503.78711
971.00000,19512.99609
971.50000,19527.10156
972.00000,19534.01172
972.50000,19524.81641
973.00000,19498.83398
973.50000,19464.97266
974.00000,19435.74414
974.50000,19421.06055
975.00000,19424.10156
975.50000,19442.39258
976.00000,19464.90820
976.50000,19483.67188
977.00000,19494.82617
977.50000,19500.47461
978.00000,19504.67383
978.50000,19511.50000
979.00000,19522.45898
979.50000,19537.75000
980.00000,19556.19922
980.50000,19578.38086
981.00000,19604.63281
981.50000,19634.05859
982.00000,19664.66211
982.50000,19693.48828
983.00000,19719.17578
983.50000,19742.89844
984.00000,19768.31055
984.50000,19799.51758
985.00000,19838.12305
985.50000,19882.83594
986.00000,19932.19531
986.50000,19983.44141
987.00000,20035.86914
987.50000,20089.53125
988.00000,20144.26758
988.50000,20200.19531
989.00000,20258.05469
989.50000,20319.81836
990.00000,20390.41602
990.50000,20470.66797
991.00000,20560.26953
991.50000,20654.94531
992.00000,20748.75000
992.50000,20838.56445
993.00000,20927.08789
993.50000,21020.45898
994.00000,21127.98828
994.50000,21250.44336
995.00000,21386.58594
995.50000,21530.74023
996.00000,21676.88477
996.50000,21823.44727
997.00000,21972.20313
997.50000,22125.75586
998.00000,22286.16602
998.50000,22450.51172
999.00000,22615.42383
999.50000,22777.17188
1000.00000,22934.05078
1000.50000,23083.92383
1001.00000,23226.05664
1001.50000,23358.22656
1002.00000,23474.87891
1002.50000,23574.85352
1003.00000,23653.06055
1003.50000,23706.50781
1004.00000,23736.10156
1004.50000,23737.80469
1005.00000,23717.62500
1005.50000,23679.97656
1006.00000,23627.78516
1006.50000,23564.86719
1007.00000,23486.77344
1007.50000,23387.34180
1008.00000,23263.93945
1008.50000,23113.01758
1009.00000,22945.83789
1009.50000,22772.84180
1010.00000,22604.00977
1010.50000,22442.20898
1011.00000,22285.45703
1011.50000,22129.06445
1012.00000,21971.55273
1012.50000,21816.76367
1013.00000,21670.25000
1013.50000,21536.47656
1014.00000,21416.45898
1014.50000,21304.74219
1015.00000,21198.29102
1015.50000,21096.06836
1016.00000,21000.20703
1016.50000,20916.34375
1017.00000,20843.70117
1017.50000,20780.52148
1018.00000,20722.72852
1018.50000,20666.55664
1019.00000,20612.25781
1019.50000,20562.09961
1020.00000,20517.94141
1020.50000,20481.05664
1021.00000,20447.94141
1021.50000,20416.04883
1022.00000,20383.80078
1022.50000,20351.66406
1023.00000,20321.37500
1023.50000,20293.91602
1024.00000,20269.10742
1024.50000,20246.34570
1025.00000,20224.29688
1025.50000,20202.23828
1026.00000,20179.23633
1026.50000,20154.34375
1027.00000,20126.29102
1027.50000,20095.75000
1028.00000,20064.67578
1028.50000,20036.32227
1029.00000,20012.12891
1029.50000,19991.88672
1030.00000,19972.87891
1030.50000,19952.44531
1031.00000,19929.94336
1031.50000,19908.16797
1032.00000,19890.89063
1032.50000,19881.91797
1033.00000,19879.82227
1033.50000,19882.35938
1034.00000,19885.92773
1034.50000,19888.54883
1035.00000,19890.01953
1035.50000,19891.19727
1036.00000,19892.09961
1036.50000,19891.49609
1037.00000,19888.46680
1037.50000,19882.80273
1038.00000,19876.13477
1038.50000,19870.28711
1039.00000,19866.07422
1039.50000,19861.96875
1040.00000,19855.92578
1040.50000,19846.74023
1041.00000,19836.37109
1041.50000,19828.56641
1042.00000,19826.67969
1042.50000,19830.89648
1043.00000,19838.90820
1043.50000,19845.22266
1044.00000,19846.10547
1044.50000,19841.01758
1045.00000,19834.42578
1045.50000,19832.35938
1046.00000,19838.79688
1046.50000,19853.21484
1047.00000,19872.19336
1047.50000,19889.13867
1048.00000,19900.13086
1048.50000,19904.97461
1049.00000,19907.96680
1049.50000,19913.93945
1050.00000,19925.04688
1050.50000,19939.57227
1051.00000,19952.59570
1051.50000,19959.49219
1052.00000,19957.54688
1052.50000,19948.04492
1053.00000,19936.08008
1053.50000,19927.06055
1054.00000,19924.29297
1054.50000,19928.03516
1055.00000,19936.59375
1055.50000,19945.61523
1056.00000,19952.54102
1056.50000,19957.50391
1057.00000,19963.66992
1057.50000,19976.22070
1058.00000,19996.82422
1058.50000,20022.93555
1059.00000,20046.35156
1059.50000,20057.95898
1060.00000,20050.14063
1060.50000,20024.10352
1061.00000,19990.02734
1061.50000,19961.47266
1062.00000,19948.60742
1062.50000,19955.10547
1063.00000,19979.09766
1063.50000,20009.69922
1064.00000,20038.08594
1064.50000,20057.00781
1065.00000,20063.98242
1065.50000,20056.77148
1066.00000,20040.77539
1066.50000,20022.18945
1067.00000,20010.01758
1067.50000,20009.66406
1068.00000,20023.52539
1068.50000,20045.44141
1069.00000,20066.31445
1069.50000,20077.33008
1070.00000,20078.92578
1070.50000,20076.03320
1071.00000,20076.58594
1071.50000,20084.22852
1072.00000,20098.04492
1072.50000,20112.61133
1073.00000,20124.54297
1073.50000,20134.53906
1074.00000,20147.02539
1074.50000,20164.72656
1075.00000,20185.34961
1075.50000,20202.02344
1076.00000,20207.16602
1076.50000,20200.74414
1077.00000,20189.30859
1077.50000,20184.12695
1078.00000,20191.71484
1078.50000,20213.07813
1079.00000,20241.14844
1079.50000,20265.54883
1080.00000,20277.78906
1080.50000,20278.20898
1081.00000,20272.32227
1081.50000,20268.37695
1082.00000,20271.93555
1082.50000,20284.37695
1083.00000,20301.41602
1083.50000,20316.26563
1084.00000,20323.06250
1084.50000,20322.58008
1085.00000,20319.98242
1085.50000,20323.98828
1086.00000,20338.95313
1086.50000,20365.27344
1087.00000,20396.34766
1087.50000,20423.84375
1088.00000,20441.04102
1088.50000,20449.09766
1089.00000,20451.68945
1089.50000,20452.13086
1090.00000,20451.13867
1090.50000,20446.37109
1091.00000,20437.25977
1091.50000,20428.03320
1092.00000,20428.56836
1092.50000,20445.40234
1093.00000,20479.87109
1093.50000,20525.42578
1094.00000,20568.09375
1094.50000,20596.26172
1095.00000,20607.07813
1095.50000,20606.91016
1096.00000,20604.74023
1096.50000,20608.09961
1097.00000,20618.38672
1097.50000,20632.22461
1098.00000,20644.62891
1098.50000,20653.55078
1099.00000,20661.28320
1099.50000,20671.77539
1100.00000,20689.52539
1100.50000,20713.56250
1101.00000,20740.99805
1101.50000,20766.37500
1102.00000,20785.51563
1102.50000,20795.94922
1103.00000,20800.92773
1103.50000,20806.37500
1104.00000,20820.68945
1104.50000,20846.35156
1105.00000,20882.81641
1105.50000,20924.00195
1106.00000,20961.92188
1106.50000,20990.50195
1107.00000,21010.31641
1107.50000,21025.64453
1108.00000,21041.92773
1108.50000,21062.14453
1109.00000,21086.25781
1109.50000,21111.69922
1110.00000,21135.79883
1110.50000,21156.91797
1111.00000,21175.48242
1111.50000,21192.56445
1112.00000,21209.72461
1112.50000,21228.70313
1113.00000,21251.10352
1113.50000,21276.98828
1114.00000,21304.00586
1114.50000,21328.40430
1115.00000,21348.26563
1115.50000,21365.33398
1116.00000,21386.33203
1116.50000,21417.93945
1117.00000,21465.11523
1117.50000,21524.93164
1118.00000,21588.36133
1118.50000,21645.73047
1119.00000,21693.32031
1119.50000,21732.75195
1120.00000,21769.22266
1120.50000,21808.09961
1121.00000,21851.64063
1121.50000,21899.01563
1122.00000,21948.47852
1122.50000,21999.33984
1123.00000,22050.77344
1123.50000,22101.88086
1124.00000,22151.87891
1124.50000,22202.19922
1125.00000,22257.66602
1125.50000,22323.87109
1126.00000,22402.18164
1126.50000,22489.42578
1127.00000,22573.69531
1127.50000,22644.78320
1128.00000,22698.17188
1128.50000,22742.91992
1129.00000,22792.10547
1129.50000,22856.04688
1130.00000,22934.22461
1130.50000,23018.11328
1131.00000,23094.79492
1131.50000,23158.71289
1132.00000,23214.55273
1132.50000,23274.41602
1133.00000,23349.38867
1133.50000,23439.45117
1134.00000,23536.40625
1134.50000,23628.06250
1135.00000,23708.11719
1135.50000,23776.66016
1136.00000,23840.92773
1136.50000,23909.74609
1137.00000,23990.39258
1137.50000,24083.72461
1138.00000,24188.08398
1138.50000,24302.47461
1139.00000,24422.65430
1139.50000,24547.02539
1140.00000,24674.84766
1140.50000,24807.26563
1141.00000,24950.46484
1141.50000,25110.02734
1142.00000,25290.56055
1142.50000,25497.30469
1143.00000,25724.87109
1143.50000,25974.08789
1144.00000,26247.21289
1144.50000,26546.78711
1145.00000,26883.62891
1145.50000,27254.05859
1146.00000,27652.22070
1146.50000,28070.58008
1147.00000,28499.01367
1147.50000,28939.82813
1148.00000,29401.89648
1148.50000,29892.43945
1149.00000,30419.85352
1149.50000,30970.86914
1150.00000,31529.77539
1150.50000,32077.45508
1151.00000,32603.83203
1151.50000,33101.15625
1152.00000,33567.06250
1152.50000,33998.10938
1153.00000,34371.92969
1153.50000,34680.97656
1154.00000,34910.19922
1154.50000,35044.48828
1155.00000,35095.00000
1155.50000,35048.68750
1156.00000,34904.66406
1156.50000,34665.23438
1157.00000,34311.64844
1157.50000,33875.48828
1158.00000,33376.30469
1158.50000,32841.54297
1159.00000,32298.11914
1159.50000,31755.86328
1160.00000,31214.21289
1160.50000,30669.51172
1161.00000,30122.89453
1161.50000,29583.97461
1162.00000,29066.54688
1162.50000,28583.13477
1163.00000,28132.16992
1163.50000,27712.67383
1164.00000,27313.76953
1164.50000,26929.00391
1165.00000,26560.79688
1165.50000,26211.12500
1166.00000,25888.73438
1166.50000,25601.08398
1167.00000,25346.75977
1167.50000,25129.41016
1168.00000,24940.72461
1168.50000,24773.81836
1169.00000,24624.69336
1169.50000,24485.33008
1170.00000,24353.42969
1170.50000,24227.66016
1171.00000,24107.52539
1171.50000,23995.81250
1172.00000,23894.36523
1172.50000,23806.18359
1173.00000,23735.86523
1173.50000,23680.16992
1174.00000,23635.92383
1174.50000,23595.42773
1175.00000,23552.03320
1175.50000,23502.95898
1176.00000,23453.33594
1176.50000,23411.99219
1177.00000,23390.43359
1177.50000,23389.46680
1178.00000,23407.83008
1178.50000,23436.55078
1179.00000,23466.64453
1179.50000,23492.38477
1180.00000,23513.71289
1180.50000,23532.56836
1181.00000,23551.00000
1181.50000,23569.40430
1182.00000,23586.55469
1182.50000,23601.52539
1183.00000,23614.99023
1183.50000,23629.30273
1184.00000,23647.07813
1184.50000,23670.39453
1185.00000,23700.42188
1185.50000,23735.81250
1186.00000,23776.02734
1186.50000,23819.01953
1187.00000,23862.25000
1187.50000,23901.40430
1188.00000,23933.29492
1188.50000,23954.98047
1189.00000,23966.42969
1189.50000,23972.82031
1190.00000,23980.29297
1190.50000,23993.99609
1191.00000,24014.31055
1191.50000,24036.03125
1192.00000,24049.88086
1192.50000,24047.09180
1193.00000,24023.70117
1193.50000,23985.81055
1194.00000,23941.04883
1194.50000,23898.67188
1195.00000,23861.75391
1195.50000,23827.18359
1196.00000,23787.35156
1196.50000,23735.69727
1197.00000,23670.94531
1197.50000,23598.62891
1198.00000,23524.63672
1198.50000,23453.21289
1199.00000,23384.46484
1199.50000,23317.07031
1200.00000,23251.26563
1200.50000,23191.42773
1201.00000,23142.82422
1201.50000,23105.40625
1202.00000,23074.25586
1202.50000,23038.18164
1203.00000,22989.44141
1203.50000,22926.78320
1204.00000,22861.51367
1204.50000,22806.76758
1205.00000,22770.11914
1205.50000,22748.31055
1206.00000,22735.17188
1206.50000,22723.55273
1207.00000,22714.35938
1207.50000,22714.62109
1208.00000,22727.28906
1208.50000,22749.95117
1209.00000,22770.62109
1209.50000,22777.83789
1210.00000,22762.10352
1210.50000,22730.47266
1211.00000,22691.38867
1211.50000,22652.83398
1212.00000,22616.45508
1212.50000,22578.93945
1213.00000,22537.22656
1213.50000,22492.60938
1214.00000,22450.21094
1214.50000,22413.71289
1215.00000,22383.08203
1215.50000,22354.25586
1216.00000,22323.21680
1216.50000,22289.81055
1217.00000,22257.75391
1217.50000,22229.48438
1218.00000,22203.63086
1218.50000,22174.20117
1219.00000,22135.91211
1219.50000,22088.17969
1220.00000,22037.45313
1220.50000,21991.93164
1221.00000,21956.08398
1221.50000,21928.75195
1222.00000,21905.78516
1222.50000,21881.87305
1223.00000,21855.85352
1223.50000,21830.08789
1224.00000,21807.75391
1224.50000,21791.75977
1225.00000,21781.77344
1225.50000,21776.93750
1226.00000,21776.92773
1226.50000,21779.43945
1227.00000,21781.63867
1227.50000,21779.01953
1228.00000,21769.09961
1228.50000,21751.44336
1229.00000,21731.85547
1229.50000,21716.87109
1230.00000,21712.78906
1230.50000,21718.12500
1231.00000,21729.21094
1231.50000,21739.99219
1232.00000,21747.38086
1232.50000,21751.84180
1233.00000,21757.26953
1233.50000,21766.53320
1234.00000,21780.32031
1234.50000,21795.67773
1235.00000,21809.80664
1235.50000,21821.36523
1236.00000,21830.89648
1236.50000,21838.26563
1237.00000,21842.14063
1237.50000,21839.25977
1238.00000,21826.46875
1238.50000,21807.29688
1239.00000,21788.81836
1239.50000,21780.23242
1240.00000,21786.07031
1240.50000,21808.06250
1241.00000,21837.00781
1241.50000,21865.45117
1242.00000,21888.20898
1242.50000,21906.54492
1243.00000,21924.16602
1243.50000,21944.37500
1244.00000,21966.69727
1244.50000,21987.08398
1245.00000,22001.85156
1245.50000,22009.44141
1246.00000,22012.13086
1246.50000,22015.04688
1247.00000,22023.09180
1247.50000,22038.22461
1248.00000,22059.96094
1248.50000,22087.16797
1249.00000,22116.60938
1249.50000,22146.78516
1250.00000,22176.92578
1250.50000,22207.25195
1251.00000,22238.56055
1251.50000,22270.90039
1252.00000,22303.10742
1252.50000,22332.22656
1253.00000,22356.38867
1253.50000,22374.79492
1254.00000,22390.16992
1254.50000,22407.54492
1255.00000,22433.14258
1255.50000,22469.08203
1256.00000,22514.60938
1256.50000,22566.57227
1257.00000,22618.23242
1257.50000,22663.14844
1258.00000,22696.40234
1258.50000,22717.72852
1259.00000,22727.66797
1259.50000,22732.94531
1260.00000,22739.20117
1260.50000,22750.28125
1261.00000,22764.00781
1261.50000,22774.50781
1262.00000,22774.95898
1262.50000,22763.36328
1263.00000,22740.79883
1263.50000,22715.96875
1264.00000,22696.22266
1264.50000,22687.18945
1265.00000,22687.33594
1265.50000,22694.12305
1266.00000,22702.93555
1266.50000,22710.62109
1267.00000,22715.21484
1267.50000,22717.29102
1268.00000,22718.11133
1268.50000,22720.26172
1269.00000,22725.98828
1269.50000,22736.70117
1270.00000,22750.12891
1270.50000,22762.01953
1271.00000,22766.69336
1271.50000,22764.06445
1272.00000,22757.28516
1272.50000,22753.65820
1273.00000,22758.69922
1273.50000,22774.68945
1274.00000,22795.46094
1274.50000,22812.27344
1275.00000,22814.47461
1275.50000,22801.86133
1276.00000,22778.33008
1276.50000,22752.90625
1277.00000,22733.35938
1277.50000,22723.77734
1278.00000,22720.46094
1278.50000,22717.16992
1279.00000,22706.73828
1279.50000,22688.07031
1280.00000,22663.28125
1280.50000,22638.60156
1281.00000,22619.59570
1281.50000,22609.89844
1282.00000,22606.35938
1282.50000,22603.51563
1283.00000,22594.53906
1283.50000,22577.54688
1284.00000,22554.33789
1284.50000,22531.91992
1285.00000,22516.83594
1285.50000,22514.50000
1286.00000,22521.91211
1286.50000,22533.44727
1287.00000,22541.57617
1287.50000,22542.05273
1288.00000,22533.13281
1288.50000,22516.84961
1289.00000,22496.20313
1289.50000,22471.83594
1290.00000,22444.52344
1290.50000,22415.04102
1291.00000,22386.13086
1291.50000,22361.21484
1292.00000,22342.68555
1292.50000,22327.56445
1293.00000,22309.77930
1293.50000,22281.67578
1294.00000,22243.57617
1294.50000,22201.15820
1295.00000,22166.50391
1295.50000,22148.51367
1296.00000,22152.49219
1296.50000,22171.24805
1297.00000,22192.62891
1297.50000,22204.00977
1298.00000,22202.87695
1298.50000,22192.95313
1299.00000,22183.19922
1299.50000,22180.15625
1300.00000,22184.37891
1300.50000,22188.98047
1301.00000,22187.60156
1301.50000,22176.02344
1302.00000,22159.30273
1302.50000,22143.41797
1303.00000,22134.05469
1303.50000,22131.54883
1304.00000,22134.04102
1304.50000,22137.52539
1305.00000,22139.93555
1305.50000,22140.88672
1306.00000,22141.38867
1306.50000,22141.95313
1307.00000,22142.67188
1307.50000,22143.49414
1308.00000,22144.35352
1308.50000,22144.66406
1309.00000,22143.26758
1309.50000,22138.59961
1310.00000,22131.66797
1310.50000,22125.09766
1311.00000,22122.93945
1311.50000,22127.08789
1312.00000,22137.94531
1312.50000,22151.83008
1313.00000,22165.79492
1313.50000,22178.34375
1314.00000,22189.93750
1314.50000,22200.22852
1315.00000,22206.83398
1315.50000,22207.20898
1316.00000,22199.00391
1316.50000,22186.13867
1317.00000,22174.16992
1317.50000,22169.34961
1318.00000,22172.24414
1318.50000,22180.51953
1319.00000,22188.58789
1319.50000,22192.49609
1320.00000,22190.19922
1320.50000,22184.33008
1321.00000,22177.81641
1321.50000,22173.83398
1322.00000,22173.48828
1322.50000,22176.05469
1323.00000,22177.77930
1323.50000,22174.30273
1324.00000,22160.77539
1324.50000,22140.19336
1325.00000,22119.20898
1325.50000,22108.47656
1326.00000,22112.81250
1326.50000,22132.16406
1327.00000,22156.08984
1327.50000,22173.73633
1328.00000,22176.25391
1328.50000,22168.27734
1329.00000,22157.22266
1329.50000,22150.72461
1330.00000,22149.33008
1330.50000,22149.12891
1331.00000,22145.41602
1331.50000,22138.01172
1332.00000,22131.85742
1332.50000,22133.05078
1333.00000,22145.38086
1333.50000,22167.10547
1334.00000,22191.13477
1334.50000,22210.01563
1335.00000,22219.90430
1335.50000,22221.20508
1336.00000,22217.02539
1336.50000,22212.78320
1337.00000,22210.79102
1337.50000,22210.15039
1338.00000,22207.62305
1338.50000,22199.52930
1339.00000,22186.63477
1339.50000,22173.21875
1340.00000,22166.90234
1340.50000,22171.04297
1341.00000,22185.32422
1341.50000,22202.79883
1342.00000,22215.53125
1342.50000,22218.47266
1343.00000,22216.15039
1343.50000,22215.29102
1344.00000,22222.48633
1344.50000,22237.37109
1345.00000,22257.54492
1345.50000,22279.87891
1346.00000,22304.15820
1346.50000,22333.20117
1347.00000,22366.52734
1347.50000,22399.49609
1348.00000,22422.43750
1348.50000,22430.08984
1349.00000,22421.94141
1349.50000,22408.19336
1350.00000,22399.62891
1350.50000,22404.48633
1351.00000,22419.40625
1351.50000,22438.47461
1352.00000,22455.05273
1352.50000,22466.54297
1353.00000,22471.84961
1353.50000,22470.61914
1354.00000,22462.00781
1354.50000,22444.94336
1355.00000,22426.40820
1355.50000,22416.56250
1356.00000,22425.20117
1356.50000,22449.56250
1357.00000,22479.50977
1357.50000,22498.78711
1358.00000,22498.68555
1358.50000,22477.32227
1359.00000,22449.68555
1359.50000,22427.56836
1360.00000,22417.45703
1360.50000,22415.34570
1361.00000,22415.64453
1361.50000,22415.33008
1362.00000,22416.76563
1362.50000,22423.99609
1363.00000,22434.74805
1363.50000,22442.90039
1364.00000,22441.40039
1364.50000,22430.23047
1365.00000,22414.32617
1365.50000,22402.08203
1366.00000,22396.91211
1366.50000,22396.37695
1367.00000,22393.32031
1367.50000,22383.99023
1368.00000,22372.16211
1368.50000,22365.24609
1369.00000,22370.17383
1369.50000,22384.54883
1370.00000,22401.61914
1370.50000,22412.39063
1371.00000,22413.81836
1371.50000,22407.28125
1372.00000,22399.26172
1372.50000,22395.52539
1373.00000,22399.63867
1373.50000,22409.00000
1374.00000,22419.84570
1374.50000,22429.01758
1375.00000,22436.18945
1375.50000,22442.72461
1376.00000,22450.51172
1376.50000,22459.89063
1377.00000,22469.74219
1377.50000,22478.60352
1378.00000,22486.92188
1378.50000,22497.99609
1379.00000,22515.04688
1379.50000,22539.17578
1380.00000,22564.96875
1380.50000,22585.20313
1381.00000,22592.70313
1381.50000,22591.30273
1382.00000,22589.16602
1382.50000,22597.27539
1383.00000,22618.16992
1383.50000,22646.99805
1384.00000,22670.78906
1384.50000,22680.44336
1385.00000,22672.10938
1385.50000,22659.45898
1386.00000,22654.84375
1386.50000,22665.94531
1387.00000,22687.23242
1387.50000,22707.68750
1388.00000,22716.53516
1388.50000,22711.61133
1389.00000,22697.56445
1389.50000,22685.95313
1390.00000,22683.58203
1390.50000,22690.08594
1391.00000,22697.65625
1391.50000,22698.71094
1392.00000,22692.17578
1392.50000,22682.23242
1393.00000,22675.78711
1393.50000,22676.00195
1394.00000,22682.21289
1394.50000,22689.99609
1395.00000,22695.63867
1395.50000,22698.25195
1396.00000,22700.05664
1396.50000,22702.13672
1397.00000,22702.00195
1397.50000,22695.99023
1398.00000,22681.48242
1398.50000,22661.97461
1399.00000,22645.95898
1399.50000,22645.15234
1400.00000,22662.66797
1400.50000,22694.90625
1401.00000,22730.61328
1401.50000,22755.26367
1402.00000,22758.82227
1402.50000,22743.45703
1403.00000,22720.46680
1403.50000,22704.02930
1404.00000,22702.47070
1404.50000,22716.03125
1405.00000,22736.64453
1405.50000,22751.73047
1406.00000,22752.24023
1406.50000,22738.78320
1407.00000,22719.66602
1407.50000,22705.32031
1408.00000,22699.59570
1408.50000,22700.14453
1409.00000,22699.57422
1409.50000,22691.62109
1410.00000,22673.35547
1410.50000,22648.83789
1411.00000,22624.73828
1411.50000,22609.34180
1412.00000,22605.64844
1412.50000,22614.39844
1413.00000,22631.26172
1413.50000,22648.09375
1414.00000,22656.56250
1414.50000,22652.75195
1415.00000,22638.99414
1415.50000,22623.06250
1416.00000,22616.13867
1416.50000,22626.66211
1417.00000,22656.18359
1417.50000,22694.95313
1418.00000,22729.59570
1418.50000,22749.32617
1419.00000,22751.32031
1419.50000,22738.04492
1420.00000,22722.25586
1420.50000,22713.91406
1421.00000,22718.19727
1421.50000,22730.57227
1422.00000,22742.07813
1422.50000,22744.16992
1423.00000,22736.54102
1423.50000,22728.28320
1424.00000,22731.69141
1424.50000,22755.04883
1425.00000,22794.62891
1425.50000,22836.16211
1426.00000,22862.63477
1426.50000,22868.08789
1427.00000,22856.94922
1427.50000,22841.70898
1428.00000,22834.85352
1428.50000,22839.33594
1429.00000,22848.49219
1429.50000,22854.12109
1430.00000,22852.37109
1430.50000,22848.89844
1431.00000,22851.66406
1431.50000,22867.17969
1432.00000,22891.47070
1432.50000,22916.96875
1433.00000,22936.13672
1433.50000,22949.83789
1434.00000,22966.27148
1434.50000,22994.30078
1435.00000,23037.31445
1435.50000,23089.45703
1436.00000,23136.28125
1436.50000,23162.94531
1437.00000,23164.64453
1437.50000,23148.34570
1438.00000,23128.25781
1438.50000,23119.50586
1439.00000,23129.82813
1439.50000,23159.48633
1440.00000,23198.71094
1440.50000,23238.46094
1441.00000,23270.97070
1441.50000,23293.48438
1442.00000,23304.17969
1442.50000,23307.52930
1443.00000,23306.42383
1443.50000,23303.75781
1444.00000,23301.61914
1444.50000,23301.17383
1445.00000,23302.31641
1445.50000,23304.14844
1446.00000,23305.15625
1446.50000,23304.54688
1447.00000,23302.89258
1447.50000,23303.15039
1448.00000,23308.24805
1448.50000,23320.25195
1449.00000,23335.74023
1449.50000,23348.69336
1450.00000,23350.69531
1450.50000,23340.33203
1451.00000,23319.12305
1451.50000,23293.74414
1452.00000,23270.72656
1452.50000,23252.89258
1453.00000,23238.38867
1453.50000,23226.05859
1454.00000,23218.24609
1454.50000,23217.83398
1455.00000,23227.14844
1455.50000,23242.17578
1456.00000,23254.49414
1456.50000,23254.47656
1457.00000,23242.69727
1457.50000,23226.61328
1458.00000,23216.97266
1458.50000,23217.83008
1459.00000,23226.26172
1459.50000,23232.01758
1460.00000,23227.25586
1460.50000,23208.89258
1461.00000,23186.29883
1461.50000,23170.62891
1462.00000,23171.26563
1462.50000,23186.28906
1463.00000,23211.47070
1463.50000,23238.75586
1464.00000,23262.33789
1464.50000,23276.91602
1465.00000,23281.34766
1465.50000,23273.94922
1466.00000,23255.17383
1466.50000,23233.38867
1467.00000,23219.70117
1467.50000,23224.14648
1468.00000,23248.93945
1468.50000,23290.81055
1469.00000,23333.35547
1469.50000,23363.16797
1470.00000,23372.30469
1470.50000,23367.61133
1471.00000,23360.52734
1471.50000,23360.85156
1472.00000,23369.31836
1472.50000,23379.84570
1473.00000,23384.57813
1473.50000,23381.88672
1474.00000,23379.21484
1474.50000,23387.81250
1475.00000,23418.73438
1475.50000,23466.96875
1476.00000,23521.05859
1476.50000,23565.91992
1477.00000,23594.67578
1477.50000,23606.35742
1478.00000,23607.49609
1478.50000,23606.58984
1479.00000,23608.31445
1479.50000,23613.23047
1480.00000,23620.95508
1480.50000,23634.28320
1481.00000,23656.37891
1481.50000,23691.77734
1482.00000,23740.79297
1482.50000,23798.05078
1483.00000,23857.04688
1483.50000,23911.05859
1484.00000,23957.29883
1484.50000,23995.64258
1485.00000,24029.72070
1485.50000,24061.97266
1486.00000,24095.14063
1486.50000,24131.38281
1487.00000,24173.65039
1487.50000,24222.08008
1488.00000,24275.61523
1488.50000,24330.88477
1489.00000,24384.39258
1489.50000,24435.03320
1490.00000,24485.41406
1490.50000,24539.82422
1491.00000,24603.70703
1491.50000,24676.38672
1492.00000,24754.95117
1492.50000,24834.01758
1493.00000,24910.42578
1493.50000,24985.74023
1494.00000,25065.93164
1494.50000,25156.89258
1495.00000,25266.13477
1495.50000,25391.34961
1496.00000,25531.22656
1496.50000,25684.61133
1497.00000,25848.59961
1497.50000,26024.79688
1498.00000,26211.48047
1498.50000,26404.74805
1499.00000,26600.02148
1499.50000,26793.80078
1500.00000,26987.92773
1500.50000,27190.69531
1501.00000,27410.25391
1501.50000,27654.49609
1502.00000,27920.08008
1502.50000,28199.56055
1503.00000,28486.64648
1503.50000,28776.96484
1504.00000,29074.38281
1504.50000,29387.19336
1505.00000,29718.96484
1505.50000,30069.50195
1506.00000,30428.53125
1506.50000,30787.03125
1507.00000,31139.36914
1507.50000,31488.10938
1508.00000,31838.04883
1508.50000,32192.25000
1509.00000,32547.56836
1509.50000,32896.09375
1510.00000,33233.01953
1510.50000,33557.51172
1511.00000,33869.00000
1511.50000,34167.39844
1512.00000,34441.19922
1512.50000,34674.12891
1513.00000,34856.09375
1513.50000,34977.35547
1514.00000,35056.09375
1514.50000,35106.37500
1515.00000,35137.23047
1515.50000,35153.92188
1516.00000,35148.97656
1516.50000,35114.46484
1517.00000,35046.39844
1517.50000,34936.38281
1518.00000,34789.28516
1518.50000,34603.15234
1519.00000,34375.05469
1519.50000,34116.28516
1520.00000,33833.46484
1520.50000,33537.76563
1521.00000,33235.09766
1521.50000,32922.73047
1522.00000,32598.31445
1522.50000,32260.13867
1523.00000,31910.83984
1523.50000,31557.31250
1524.00000,31202.08594
1524.50000,30843.12305
1525.00000,30476.20508
1525.50000,30099.53516
1526.00000,29722.15820
1526.50000,29356.07422
1527.00000,29012.99805
1527.50000,28691.35938
1528.00000,28384.28711
1528.50000,28076.70898
1529.00000,27759.00586
1529.50000,27430.83594
1530.00000,27105.09570
1530.50000,26796.91016
1531.00000,26519.97656
1531.50000,26274.45117
1532.00000,26059.89453
1532.50000,25863.82422
1533.00000,25675.72461
1533.50000,25488.99219
1534.00000,25302.06055
1534.50000,25117.64844
1535.00000,24940.63867
1535.50000,24774.60156
1536.00000,24625.95703
1536.50000,24496.93555
1537.00000,24388.86523
1537.50000,24302.84180
1538.00000,24230.50586
1538.50000,24165.32617
1539.00000,24099.47070
1539.50000,24029.32422
1540.00000,23955.90820
1540.50000,23884.86133
1541.00000,23820.39844
1541.50000,23763.50195
1542.00000,23709.65820
1542.50000,23655.63281
1543.00000,23601.94727
1543.50000,23553.65430
1544.00000,23520.80469
1544.50000,23505.70313
1545.00000,23502.97070
1545.50000,23500.34375
1546.00000,23485.08984
1546.50000,23448.57227
1547.00000,23394.16992
1547.50000,23332.98242
1548.00000,23278.24609
1548.50000,23235.87109
1549.00000,23205.41406
1549.50000,23183.41406
1550.00000,23165.62891
1550.50000,23152.43750
1551.00000,23144.73242
1551.50000,23141.80273
1552.00000,23141.22266
1552.50000,23139.83789
1553.00000,23137.75391
1553.50000,23137.26367
1554.00000,23139.08203
1554.50000,23139.94922
1555.00000,23133.33789
1555.50000,23114.52930
1556.00000,23083.03516
1556.50000,23048.28711
1557.00000,23018.00195
1557.50000,22997.40234
1558.00000,22985.19336
1558.50000,22979.63477
1559.00000,22977.71289
1559.50000,22977.25000
1560.00000,22974.31445
1560.50000,22964.61133
1561.00000,22944.58984
1561.50000,22916.31641
1562.00000,22888.10742
1562.50000,22870.23828
1563.00000,22866.03320
1563.50000,22870.21875
1564.00000,22874.66016
1564.50000,22874.45703
1565.00000,22871.36328
1565.50000,22872.21094
1566.00000,22881.48438
1566.50000,22899.77539
1567.00000,22919.33594
1567.50000,22934.56250
1568.00000,22943.27734
1568.50000,22949.65234
1569.00000,22958.13672
1569.50000,22970.67383
1570.00000,22984.44141
1570.50000,22993.39258
1571.00000,22994.42773
1571.50000,22988.11914
1572.00000,22979.05469
1572.50000,22973.66211
1573.00000,22975.95508
1573.50000,22983.91797
1574.00000,22990.89258
1574.50000,22989.56445
1575.00000,22980.17773
1575.50000,22967.76758
1576.00000,22961.40820
1576.50000,22965.83789
1577.00000,22981.21875
1577.50000,22999.41602
1578.00000,23013.25977
1578.50000,23019.21289
1579.00000,23021.28711
1579.50000,23023.21875
1580.00000,23025.75781
1580.50000,23024.80078
1581.00000,23014.07617
1581.50000,22993.27148
1582.00000,22967.64258
1582.50000,22945.93945
1583.00000,22933.51367
1583.50000,22931.36328
1584.00000,22935.53320
1584.50000,22940.11328
1585.00000,22942.61719
1585.50000,22943.33398
1586.00000,22942.27344
1586.50000,22936.05273
1587.00000,22921.65039
1587.50000,22896.15234
1588.00000,22862.75586
1588.50000,22829.50195
1589.00000,22804.37891
1589.50000,22789.96289
1590.00000,22783.94727
1590.50000,22781.33398
1591.00000,22775.94336
1591.50000,22765.02930
1592.00000,22749.58008
1592.50000,22733.10547
1593.00000,22719.67383
1593.50000,22711.53320
1594.00000,22708.58594
1594.50000,22708.44531
1595.00000,22706.98438
1595.50000,22703.03125
1596.00000,22699.40430
1596.50000,22700.46289
1597.00000,22709.83789
1597.50000,22723.33008
1598.00000,22732.22070
1598.50000,22725.51953
1599.00000,22702.08789
1599.50000,22663.89063
1600.00000,22619.46289
1600.50000,22577.32227
1601.00000,22546.03125
1601.50000,22529.40820
1602.00000,22529.49023
1602.50000,22546.50781
1603.00000,22571.69141
1603.50000,22595.33398
1604.00000,22608.90430
1604.50000,22611.91016
1605.00000,22610.90039
1605.50000,22613.29297
1606.00000,22617.68164
1606.50000,22612.80078
1607.00000,22588.77148
1607.50000,22541.16992
1608.00000,22484.22656
1608.50000,22438.52148
1609.00000,22423.79688
1609.50000,22435.91406
1610.00000,22465.22266
1610.50000,22496.37305
1611.00000,22518.20703
1611.50000,22525.08008
1612.00000,22518.55859
1612.50000,22500.83008
1613.00000,22473.23633
1613.50000,22443.69531
1614.00000,22420.83789
1614.50000,22413.78125
1615.00000,22421.39844
1615.50000,22439.02930
1616.00000,22457.60352
1616.50000,22471.78125
1617.00000,22478.96680
1617.50000,22480.88086
1618.00000,22476.77148
1618.50000,22464.86523
1619.00000,22445.34180
1619.50000,22420.06836
1620.00000,22395.88672
1620.50000,22379.58008
1621.00000,22378.82031
1621.50000,22390.64844
1622.00000,22411.06836
1622.50000,22432.91992
1623.00000,22450.24805
1623.50000,22458.31055
1624.00000,22457.15625
1624.50000,22447.57422
1625.00000,22429.66602
1625.50000,22405.70898
1626.00000,22378.19727
1626.50000,22353.69531
1627.00000,22339.37109
1627.50000,22344.48438
1628.00000,22363.94336
1628.50000,22389.51953
1629.00000,22409.97852
1629.50000,22419.30664
1630.00000,22415.74023
1630.50000,22403.73047
1631.00000,22389.40430
1631.50000,22378.38867
1632.00000,22374.92188
1632.50000,22382.88672
1633.00000,22403.52344
1633.50000,22428.83984
1634.00000,22445.85352
1634.50000,22444.68945
1635.00000,22426.28906
1635.50000,22398.46484
1636.00000,22374.98633
1636.50000,22362.31055
1637.00000,22358.77539
1637.50000,22356.37891
1638.00000,22352.91211
1638.50000,22352.07031
1639.00000,22357.74609
1639.50000,22369.97070
1640.00000,22380.08789
1640.50000,22380.94531
1641.00000,22372.75195
1641.50000,22363.83008
1642.00000,22362.42969
1642.50000,22368.65820
1643.00000,22374.91797
1643.50000,22368.95117
1644.00000,22349.58203
1644.50000,22321.11328
1645.00000,22293.86133
1645.50000,22276.38477
1646.00000,22276.16992
1646.50000,22293.40625
1647.00000,22324.39453
1647.50000,22364.12109
1648.00000,22400.61914
1648.50000,22420.25391
1649.00000,22411.39453
1649.50000,22376.32227
1650.00000,22327.02539
1650.50000,22284.80078
1651.00000,22264.38672
1651.50000,22274.05273
1652.00000,22301.02148
1652.50000,22330.31836
1653.00000,22347.56055
1653.50000,22350.00781
1654.00000,22339.97461
1654.50000,22326.67578
1655.00000,22316.11133
1655.50000,22312.09961
1656.00000,22313.07813
1656.50000,22317.54102
1657.00000,22322.71094
1657.50000,22325.75195
1658.00000,22323.54297
1658.50000,22316.73633
1659.00000,22308.58008
1659.50000,22303.66211
1660.00000,22303.29102
1660.50000,22305.77734
1661.00000,22307.00000
1661.50000,22305.25977
1662.00000,22303.57813
1662.50000,22306.48828
1663.00000,22315.34180
1663.50000,22326.14844
1664.00000,22332.33594
1664.50000,22329.68555
1665.00000,22323.29297
1665.50000,22320.19141
1666.00000,22324.39063
1666.50000,22329.12109
1667.00000,22323.41016
1667.50000,22297.12500
1668.00000,22257.58594
1668.50000,22220.28320
1669.00000,22202.45898
1669.50000,22210.62109
1670.00000,22243.35547
1670.50000,22280.41211
1671.00000,22306.17969
1671.50000,22313.24414
1672.00000,22307.37695
1672.50000,22296.77148
1673.00000,22289.61133
1673.50000,22287.59180
1674.00000,22287.84570
1674.50000,22287.39453
1675.00000,22287.53906
1675.50000,22292.80078
1676.00000,22305.60156
1676.50000,22323.69727
1677.00000,22337.54102
1677.50000,22339.44727
1678.00000,22325.28320
1678.50000,22303.81250
1679.00000,22286.07813
1679.50000,22282.03320
1680.00000,22290.78320
1680.50000,22308.07422
1681.00000,22326.01563
1681.50000,22340.74219
1682.00000,22350.73242
1682.50000,22356.86133
1683.00000,22357.99414
1683.50000,22353.28906
1684.00000,22344.31445
1684.50000,22334.68164
1685.00000,22329.16797
1685.50000,22329.57031
1686.00000,22334.15820
1686.50000,22338.23828
1687.00000,22338.04883
1687.50000,22333.21680
1688.00000,22327.72656
1688.50000,22329.37109
1689.00000,22342.00977
1689.50000,22364.64063
1690.00000,22387.48242
1690.50000,22395.71289
1691.00000,22376.01367
1691.50000,22334.71484
1692.00000,22290.16211
1692.50000,22267.99414
1693.00000,22276.89844
1693.50000,22312.87500
1694.00000,22354.05664
1694.50000,22380.86133
1695.00000,22384.70117
1695.50000,22373.46289
1696.00000,22359.06250
1696.50000,22352.33789
1697.00000,22354.25586
1697.50000,22364.13281
1698.00000,22380.05859
1698.50000,22398.23242
1699.00000,22412.92383
1699.50000,22417.93555
1700.00000,22412.20703
1700.50000,22398.72266
1701.00000,22386.49023
1701.50000,22381.48438
1702.00000,22384.14453
1702.50000,22388.03125
1703.00000,22386.81055
1703.50000,22379.35156
1704.00000,22368.76758
1704.50000,22360.68359
1705.00000,22358.46094
1705.50000,22361.84375
1706.00000,22367.45508
1706.50000,22371.79102
1707.00000,22373.11719
1707.50000,22373.09766
1708.00000,22374.24414
1708.50000,22378.01172
1709.00000,22382.94141
1709.50000,22387.27930
1710.00000,22390.64063
1710.50000,22394.66992
1711.00000,22400.92969
1711.50000,22407.80469
1712.00000,22412.57031
1712.50000,22414.11719
1713.00000,22416.96484
1713.50000,22428.12305
1714.00000,22449.20313
1714.50000,22473.67188
1715.00000,22489.59961
1715.50000,22490.86719
1716.00000,22480.39258
1716.50000,22471.00977
1717.00000,22472.48047
1717.50000,22486.77930
1718.00000,22505.10352
1718.50000,22516.88672
1719.00000,22515.33398
1719.50000,22505.47070
1720.00000,22492.66016
1720.50000,22481.99023
1721.00000,22476.16016
1721.50000,22479.13086
1722.00000,22492.77930
1722.50000,22515.66797
1723.00000,22541.28906
1723.50000,22558.00000
1724.00000,22556.27930
1724.50000,22539.75781
1725.00000,22524.05078
1725.50000,22524.57422
1726.00000,22542.86719
1726.50000,22566.39453
1727.00000,22573.86914
1727.50000,22562.58203
1728.00000,22543.58984
1728.50000,22538.07227
1729.00000,22555.20703
1729.50000,22587.90430
1730.00000,22611.72070
1730.50000,22614.01563
1731.00000,22596.52148
1731.50000,22580.27734
1732.00000,22582.93359
1732.50000,22606.12109
1733.00000,22636.44922
1733.50000,22660.63281
1734.00000,22672.72070
1734.50000,22672.86719
1735.00000,22662.34375
1735.50000,22646.21484
1736.00000,22629.04492
1736.50000,22618.78320
1737.00000,22620.99414
1737.50000,22637.94531
1738.00000,22658.88672
1738.50000,22674.19531
1739.00000,22676.75781
1739.50000,22670.20508
1740.00000,22662.07813
