280.00000,24917.43164
280.50000,24916.09375
281.00000,24871.31836
281.50000,24829.31055
282.00000,24822.12695
282.50000,24850.72852
283.00000,24889.79297
283.50000,24910.39258
284.00000,24911.63867
284.50000,24905.24609
285.00000,24910.96094
285.50000,24938.72070
286.00000,24985.84180
286.50000,25032.01172
287.00000,25065.64844
287.50000,25081.44336
288.00000,25088.49219
288.50000,25095.18359
289.00000,25107.07422
289.50000,25120.49219
290.00000,25130.85742
290.50000,25137.58594
291.00000,25144.22070
291.50000,25157.98438
292.00000,25181.43750
292.50000,25210.84180
293.00000,25238.67578
293.50000,25259.88867
294.00000,25272.17188
294.50000,25279.72656
295.00000,25287.61328
295.50000,25298.26758
296.00000,25309.73828
296.50000,25319.94727
297.00000,25328.68750
297.50000,25338.54688
298.00000,25355.18945
298.50000,25378.35742
299.00000,25404.35547
299.50000,25426.82422
300.00000,25441.88672
300.50000,25448.72461
301.00000,25453.20508
301.50000,25462.81641
302.00000,25482.00000
302.50000,25507.36328
303.00000,25533.58008
303.50000,25553.95508
304.00000,25566.25977
304.50000,25573.26367
305.00000,25581.00586
305.50000,25593.28125
306.00000,25612.39063
306.50000,25635.69922
307.00000,25660.13867
307.50000,25682.39844
308.00000,25701.41211
308.50000,25715.95117
309.00000,25725.58398
309.50000,25730.48828
310.00000,25731.07031
310.50000,25732.08984
311.00000,25738.80859
311.50000,25756.02734
312.00000,25783.41406
312.50000,25819.24023
313.00000,25856.67969
313.50000,25888.93164
314.00000,25911.05273
314.50000,25925.73633
315.00000,25936.11523
315.50000,25946.95117
316.00000,25961.62891
316.50000,25981.91406
317.00000,26004.85352
317.50000,26027.46680
318.00000,26046.58398
318.50000,26061.49023
319.00000,26072.38086
319.50000,26081.82617
320.00000,26093.60352
320.50000,26111.10156
321.00000,26134.63672
321.50000,26162.71680
322.00000,26192.06836
322.50000,26217.72852
323.00000,26235.85547
323.50000,26246.11133
324.00000,26251.20508
324.50000,26254.12500
325.00000,26258.64258
325.50000,26267.28125
326.00000,26282.00391
326.50000,26301.19531
327.00000,26324.44336
327.50000,26350.62891
328.00000,26378.32617
328.50000,26406.07227
329.00000,26432.05078
329.50000,26455.11328
330.00000,26474.56836
330.50000,26491.32422
331.00000,26505.98828
331.50000,26519.66602
332.00000,26533.40820
332.50000,26548.41211
333.00000,26565.36133
333.50000,26584.80664
334.00000,26606.75977
334.50000,26629.71289
335.00000,26651.44922
335.50000,26669.51758
336.00000,26683.84961
336.50000,26695.35547
337.00000,26706.96680
337.50000,26721.02148
338.00000,26739.00781
338.50000,26759.66797
339.00000,26780.86523
339.50000,26801.19922
340.00000,26820.98047
340.50000,26841.97461
341.00000,26865.64453
341.50000,26892.54883
342.00000,26920.36914
342.50000,26945.79883
343.00000,26966.08398
343.50000,26981.43945
344.00000,26993.91406
344.50000,27006.71875
345.00000,27022.45898
345.50000,27041.20313
346.00000,27061.15234
346.50000,27080.30859
347.00000,27097.53516
347.50000,27113.62891
348.00000,27130.54688
348.50000,27150.81445
349.00000,27174.54883
349.50000,27201.77148
350.00000,27231.90820
350.50000,27264.20508
351.00000,27298.78906
351.50000,27334.71875
352.00000,27369.83984
352.50000,27400.33398
353.00000,27423.87891
353.50000,27438.16211
354.00000,27444.13086
354.50000,27446.20508
355.00000,27450.64258
355.50000,27461.41602
356.00000,27479.80664
356.50000,27505.37109
357.00000,27534.27734
357.50000,27563.78711
358.00000,27591.63867
358.50000,27617.18945
359.00000,27638.69922
359.50000,27654.67969
360.00000,27662.71484
360.50000,27660.50000
361.00000,27651.10938
361.50000,27641.46680
362.00000,27640.87891
362.50000,27654.51367
363.00000,27686.30078
363.50000,27728.19336
364.00000,27770.55469
364.50000,27799.43164
365.00000,27811.14844
365.50000,27806.62500
366.00000,27794.80859
366.50000,27784.83398
367.00000,27785.09961
367.50000,27795.61523
368.00000,27812.40625
368.50000,27828.33398
369.00000,27839.27930
369.50000,27843.36133
370.00000,27842.52539
370.50000,27839.53320
371.00000,27836.94531
371.50000,27836.25586
372.00000,27838.51367
372.50000,27845.06250
373.00000,27856.30664
373.50000,27873.08594
374.00000,27893.68164
374.50000,27915.44727
375.00000,27935.61719
375.50000,27953.92383
376.00000,27971.44141
376.50000,27989.97656
377.00000,28010.11328
377.50000,28030.33594
378.00000,28046.78906
378.50000,28057.16797
379.00000,28060.96289
379.50000,28062.44336
380.00000,28066.13672
380.50000,28075.88281
381.00000,28091.55273
381.50000,28109.19336
382.00000,28123.14844
382.50000,28130.59180
383.00000,28131.05469
383.50000,28128.78125
384.00000,28127.99023
384.50000,28132.10352
385.00000,28140.53320
385.50000,28151.33789
386.00000,28162.33984
386.50000,28173.28320
387.00000,28185.72852
387.50000,28201.44922
388.00000,28222.31055
388.50000,28246.56836
389.00000,28271.41992
389.50000,28293.92969
390.00000,28312.90234
390.50000,28328.12500
391.00000,28340.17383
391.50000,28350.46289
392.00000,28359.43164
392.50000,28367.44727
393.00000,28375.18750
393.50000,28384.25391
394.00000,28396.25391
394.50000,28412.83984
395.00000,28434.51172
395.50000,28457.96680
396.00000,28479.45898
396.50000,28495.43750
397.00000,28504.36523
397.50000,28505.20703
398.00000,28502.36133
398.50000,28500.85156
399.00000,28505.95313
399.50000,28519.13672
400.00000,28541.00781
400.50000,28567.84375
401.00000,28595.21680
401.50000,28617.58789
402.00000,28632.49023
402.50000,28639.92188
403.00000,28641.95703
403.50000,28642.22852
404.00000,28644.01367
404.50000,28649.77734
405.00000,28661.21289
405.50000,28680.86719
406.00000,28707.54492
406.50000,28741.45508
407.00000,28780.79297
407.50000,28821.72461
408.00000,28859.05664
408.50000,28887.75195
409.00000,28904.76367
409.50000,28910.15625
410.00000,28909.97852
410.50000,28909.38867
411.00000,28913.13672
411.50000,28922.21289
412.00000,28934.68945
412.50000,28944.71094
413.00000,28948.67188
413.50000,28946.30859
414.00000,28942.96094
414.50000,28945.80273
415.00000,28961.29492
415.50000,28990.83008
416.00000,29032.46289
416.50000,29074.94141
417.00000,29110.11914
417.50000,29131.45117
418.00000,29140.63672
418.50000,29140.83789
419.00000,29139.35352
419.50000,29142.35156
420.00000,29153.66406
420.50000,29171.38867
421.00000,29193.88086
421.50000,29219.38672
422.00000,29246.31641
422.50000,29274.26563
423.00000,29302.46094
423.50000,29329.51758
424.00000,29352.92383
424.50000,29371.71484
425.00000,29384.98828
425.50000,29392.95117
426.00000,29397.69531
426.50000,29400.95313
427.00000,29404.86719
427.50000,29410.58203
428.00000,29419.43359
428.50000,29431.33398
429.00000,29446.60352
429.50000,29465.06055
430.00000,29485.67188
430.50000,29507.35938
431.00000,29528.57422
431.50000,29547.97656
432.00000,29563.30664
432.50000,29573.59570
433.00000,29577.07617
433.50000,29573.05273
434.00000,29563.75586
434.50000,29552.97656
435.00000,29545.50977
435.50000,29544.93164
436.00000,29554.59570
436.50000,29572.25391
437.00000,29595.51172
437.50000,29619.52734
438.00000,29640.27734
438.50000,29655.07422
439.00000,29664.59766
439.50000,29670.23633
440.00000,29674.02930
440.50000,29678.58398
441.00000,29686.15430
441.50000,29697.61719
442.00000,29711.73242
442.50000,29726.39844
443.00000,29738.64258
443.50000,29746.05664
444.00000,29746.97656
444.50000,29743.47266
445.00000,29738.85156
445.50000,29737.38477
446.00000,29741.00781
446.50000,29750.82617
447.00000,29764.15430
447.50000,29778.43750
448.00000,29790.80078
448.50000,29799.54883
449.00000,29803.52539
449.50000,29802.90430
450.00000,29798.33398
450.50000,29790.38477
451.00000,29781.96875
451.50000,29776.54102
452.00000,29778.91016
452.50000,29790.81641
453.00000,29811.55664
453.50000,29835.67773
454.00000,29857.17383
454.50000,29868.93555
455.00000,29870.38672
455.50000,29862.99805
456.00000,29853.24414
456.50000,29849.13281
457.00000,29856.47852
457.50000,29874.31055
458.00000,29897.81641
458.50000,29918.91602
459.00000,29930.16992
459.50000,29925.54297
460.00000,29903.72656
460.50000,29873.50000
461.00000,29843.29492
461.50000,29821.44531
462.00000,29812.39453
462.50000,29818.82227
463.00000,29834.54297
463.50000,29853.86719
464.00000,29869.81836
464.50000,29879.60156
465.00000,29881.92188
465.50000,29879.28906
466.00000,29874.15234
466.50000,29869.08984
467.00000,29866.27148
467.50000,29868.26953
468.00000,29876.14258
468.50000,29889.01758
469.00000,29905.20313
469.50000,29920.41602
470.00000,29930.56055
470.50000,29931.57813
471.00000,29924.55078
471.50000,29912.51172
472.00000,29901.85352
472.50000,29896.73828
473.00000,29900.19727
473.50000,29909.71680
474.00000,29922.23242
474.50000,29934.07422
475.00000,29943.20898
475.50000,29949.78320
476.00000,29956.09766
476.50000,29964.03516
477.00000,29975.03906
477.50000,29988.06250
478.00000,30001.10156
478.50000,30010.47461
479.00000,30012.56445
479.50000,30003.50977
480.00000,29984.36719
480.50000,29959.23047
481.00000,29935.02344
481.50000,29919.41211
482.00000,29918.83008
482.50000,29936.01758
483.00000,29964.71875
483.50000,29995.25977
484.00000,30017.83008
484.50000,30028.21094
485.00000,30024.77930
485.50000,30015.10156
486.00000,30005.70898
486.50000,30002.74414
487.00000,30007.42383
487.50000,30017.46875
488.00000,30027.86719
488.50000,30035.32422
489.00000,30037.45313
489.50000,30035.44336
490.00000,30030.50195
490.50000,30024.57813
491.00000,30019.41211
491.50000,30016.25781
492.00000,30015.09766
492.50000,30015.26953
493.00000,30015.19141
493.50000,30012.92383
494.00000,30006.44922
494.50000,29994.93359
495.00000,29979.67773
495.50000,29963.14844
496.00000,29948.30469
496.50000,29937.07422
497.00000,29931.14844
497.50000,29929.96875
498.00000,29933.94336
498.50000,29942.94531
499.00000,29956.60156
499.50000,29974.81445
500.00000,29995.51172
500.50000,30016.86133
501.00000,30036.52734
501.50000,30052.94141
502.00000,30064.32617
502.50000,30070.04883
503.00000,30070.19336
503.50000,30064.86328
504.00000,30056.78906
504.50000,30048.43164
505.00000,30043.03906
505.50000,30042.43164
506.00000,30048.02148
506.50000,30058.40430
507.00000,30070.85352
507.50000,30082.20898
508.00000,30091.09766
508.50000,30097.43945
509.00000,30101.98047
509.50000,30105.61328
510.00000,30107.93164
510.50000,30107.87695
511.00000,30104.49219
511.50000,30097.53906
512.00000,30090.56641
512.50000,30087.72070
513.00000,30093.55859
513.50000,30109.00391
514.00000,30134.30273
514.50000,30164.59375
515.00000,30194.26563
515.50000,30215.48047
516.00000,30226.28906
516.50000,30225.40039
517.00000,30214.42188
517.50000,30197.61133
518.00000,30178.07227
518.50000,30159.07031
519.00000,30142.15234
519.50000,30127.91602
520.00000,30114.76953
520.50000,30101.37109
521.00000,30087.09570
521.50000,30072.77539
522.00000,30061.03906
522.50000,30054.61133
523.00000,30055.61133
523.50000,30065.27930
524.00000,30079.15430
524.50000,30091.43750
525.00000,30096.45508
525.50000,30092.08008
526.00000,30077.33008
526.50000,30057.21289
527.00000,30036.59375
527.50000,30020.59375
528.00000,30011.11523
528.50000,30008.28906
529.00000,30010.01172
529.50000,30014.16797
530.00000,30019.34961
530.50000,30023.77539
531.00000,30025.50391
531.50000,30021.77539
532.00000,30011.69336
532.50000,29994.88086
533.00000,29974.98438
533.50000,29956.01953
534.00000,29942.08008
534.50000,29933.51953
535.00000,29929.23828
535.50000,29926.39648
536.00000,29922.11328
536.50000,29914.83594
537.00000,29905.66406
537.50000,29896.44922
538.00000,29888.93750
538.50000,29883.55859
539.00000,29880.65820
539.50000,29880.57227
540.00000,29883.21875
540.50000,29889.08203
541.00000,29897.17773
541.50000,29905.63086
542.00000,29912.35352
542.50000,29916.93359
543.00000,29920.11914
543.50000,29923.99414
544.00000,29930.25391
544.50000,29939.67188
545.00000,29950.25781
545.50000,29958.87109
546.00000,29962.07813
546.50000,29960.16406
547.00000,29954.19141
547.50000,29946.91602
548.00000,29940.96875
548.50000,29938.35938
549.00000,29939.00195
549.50000,29942.05273
550.00000,29946.05273
550.50000,29949.17578
551.00000,29949.75586
551.50000,29946.42383
552.00000,29938.96094
552.50000,29927.14648
553.00000,29913.19727
553.50000,29899.73633
554.00000,29890.72656
554.50000,29888.38672
555.00000,29894.25195
555.50000,29907.21094
556.00000,29924.00195
556.50000,29940.49219
557.00000,29952.32813
557.50000,29956.40625
558.00000,29951.19922
558.50000,29940.57813
559.00000,29930.17383
559.50000,29925.89063
560.00000,29929.84570
560.50000,29942.07422
561.00000,29956.56836
561.50000,29967.54492
562.00000,29969.58008
562.50000,29962.81445
563.00000,29949.24609
563.50000,29934.81250
564.00000,29923.64453
564.50000,29918.28516
565.00000,29917.05469
565.50000,29918.43164
566.00000,29920.90625
566.50000,29923.70117
567.00000,29926.90039
567.50000,29930.42188
568.00000,29933.63867
568.50000,29935.39258
569.00000,29935.52734
569.50000,29934.31836
570.00000,29932.64648
570.50000,29931.27734
571.00000,29930.33203
571.50000,29929.22852
572.00000,29927.39063
572.50000,29924.78320
573.00000,29922.61523
573.50000,29922.23828
574.00000,29924.55273
574.50000,29929.10938
575.00000,29935.10352
575.50000,29941.03125
576.00000,29945.84180
576.50000,29948.51172
577.00000,29948.77344
577.50000,29945.77148
578.00000,29938.77930
578.50000,29928.02539
579.00000,29913.93164
579.50000,29899.10742
580.00000,29886.51367
580.50000,29880.08008
581.00000,29880.89063
581.50000,29889.87500
582.00000,29904.36328
582.50000,29919.77734
583.00000,29931.32422
583.50000,29936.28711
584.00000,29933.61328
584.50000,29924.01953
585.00000,29911.75586
585.50000,29900.66797
586.00000,29893.91992
586.50000,29892.08789
587.00000,29894.23242
587.50000,29897.75000
588.00000,29901.70117
588.50000,29906.53711
589.00000,29913.10547
589.50000,29921.76172
590.00000,29930.48828
590.50000,29935.85547
591.00000,29932.26367
591.50000,29919.66992
592.00000,29901.17969
592.50000,29883.03516
593.00000,29870.85156
593.50000,29868.18164
594.00000,29872.54297
594.50000,29878.70117
595.00000,29880.41016
595.50000,29875.95703
596.00000,29867.33398
596.50000,29861.11133
597.00000,29862.07617
597.50000,29872.81250
598.00000,29889.67969
598.50000,29907.13867
599.00000,29918.46094
599.50000,29921.34180
600.00000,29915.30273
600.50000,29903.25586
601.00000,29890.22656
601.50000,29880.64648
602.00000,29876.64648
602.50000,29878.69141
603.00000,29886.63281
603.50000,29897.03906
604.00000,29906.50000
604.50000,29911.02930
605.00000,29908.70703
605.50000,29897.94531
606.00000,29881.62891
606.50000,29863.28516
607.00000,29845.63672
607.50000,29829.66602
608.00000,29815.49805
608.50000,29803.25977
609.00000,29793.94727
609.50000,29791.03906
610.00000,29796.20117
610.50000,29809.69336
611.00000,29828.21289
611.50000,29844.04297
612.00000,29850.27539
612.50000,29843.89844
613.00000,29827.56836
613.50000,29805.83008
614.00000,29785.85547
614.50000,29771.81445
615.00000,29765.08203
615.50000,29762.26563
616.00000,29760.21680
616.50000,29757.25781
617.00000,29754.22461
617.50000,29753.23047
618.00000,29754.83984
618.50000,29758.07031
619.00000,29760.08984
619.50000,29758.38867
620.00000,29751.24023
620.50000,29740.03906
621.00000,29727.77344
621.50000,29717.92969
622.00000,29711.76953
622.50000,29709.77344
623.00000,29711.76953
623.50000,29716.80078
624.00000,29724.96289
624.50000,29735.52344
625.00000,29747.25000
625.50000,29757.90430
626.00000,29765.13281
626.50000,29767.12891
627.00000,29763.82617
627.50000,29757.33008
628.00000,29749.68750
628.50000,29743.09961
629.00000,29738.63672
629.50000,29736.84180
630.00000,29736.57031
630.50000,29736.71289
631.00000,29735.72266
631.50000,29732.48047
632.00000,29726.20117
632.50000,29717.92383
633.00000,29709.44922
633.50000,29703.65625
634.00000,29702.19727
634.50000,29706.11719
635.00000,29714.07813
635.50000,29722.90234
636.00000,29728.72070
636.50000,29729.08984
637.00000,29723.76953
637.50000,29714.41992
638.00000,29704.83203
638.50000,29698.38672
639.00000,29697.41992
639.50000,29701.86523
640.00000,29711.00586
640.50000,29721.41406
641.00000,29730.14453
641.50000,29734.55859
642.00000,29735.10742
642.50000,29733.87109
643.00000,29734.19141
643.50000,29738.10547
644.00000,29746.56250
644.50000,29756.92969
645.00000,29766.19141
645.50000,29771.08594
646.00000,29771.03906
646.50000,29766.25000
647.00000,29758.82422
647.50000,29750.65234
648.00000,29742.82617
648.50000,29735.92969
649.00000,29731.00781
649.50000,29729.91016
650.00000,29733.46094
650.50000,29742.46484
651.00000,29755.04883
651.50000,29768.55273
652.00000,29780.28320
652.50000,29789.69531
653.00000,29797.60742
653.50000,29805.15234
654.00000,29811.75586
654.50000,29814.09375
655.00000,29808.95703
655.50000,29795.25977
656.00000,29774.16602
656.50000,29752.76758
657.00000,29738.02734
657.50000,29735.01172
658.00000,29741.80664
658.50000,29752.75000
659.00000,29759.23633
659.50000,29757.13867
660.00000,29746.20508
660.50000,29733.46680
661.00000,29726.18750
661.50000,29730.08984
662.00000,29744.82813
662.50000,29768.05273
663.00000,29792.97852
663.50000,29814.81445
664.00000,29830.30859
664.50000,29841.30078
665.00000,29849.07422
665.50000,29854.34766
666.00000,29856.64844
666.50000,29853.75781
667.00000,29845.74414
667.50000,29833.95508
668.00000,29821.68945
668.50000,29812.63086
669.00000,29809.23438
669.50000,29810.35742
670.00000,29811.84961
670.50000,29808.49805
671.00000,29798.62695
671.50000,29783.07422
672.00000,29765.69727
672.50000,29751.72070
673.00000,29745.92188
673.50000,29749.62109
674.00000,29760.60547
674.50000,29775.24414
675.00000,29787.33398
675.50000,29791.21094
676.00000,29782.95898
676.50000,29764.81836
677.00000,29740.44531
677.50000,29717.70313
678.00000,29703.47656
678.50000,29705.55469
679.00000,29721.56445
679.50000,29748.01953
680.00000,29777.86133
680.50000,29804.42188
681.00000,29823.68555
681.50000,29836.41406
682.00000,29845.20313
682.50000,29850.39648
683.00000,29851.78320
683.50000,29847.80469
684.00000,29838.77148
684.50000,29828.41602
685.00000,29822.12109
685.50000,29823.29688
686.00000,29831.25000
686.50000,29841.00391
687.00000,29844.84375
687.50000,29837.43945
688.00000,29820.60352
688.50000,29801.95898
689.00000,29790.31641
689.50000,29789.70898
690.00000,29799.00000
690.50000,29813.43750
691.00000,29826.09570
691.50000,29833.53906
692.00000,29836.83789
692.50000,29840.13086
693.00000,29847.68359
693.50000,29859.62891
694.00000,29872.75195
694.50000,29882.18945
695.00000,29885.64453
695.50000,29882.54883
696.00000,29875.57813
696.50000,29868.25781
697.00000,29863.51172
697.50000,29861.92969
698.00000,29862.95703
698.50000,29865.35547
699.00000,29867.67383
699.50000,29869.01758
700.00000,29869.09766
700.50000,29868.02734
701.00000,29865.85547
701.50000,29863.21680
702.00000,29860.83008
702.50000,29859.85742
703.00000,29861.20313
703.50000,29866.25000
704.00000,29875.34961
704.50000,29887.72852
705.00000,29901.57422
705.50000,29912.88867
706.00000,29916.85352
706.50000,29909.01172
707.00000,29890.01953
707.50000,29861.41016
708.00000,29829.75000
708.50000,29801.59961
709.00000,29784.52930
709.50000,29779.15039
710.00000,29785.17578
710.50000,29799.25195
711.00000,29816.26172
711.50000,29833.05859
712.00000,29848.01953
712.50000,29860.87695
713.00000,29870.69336
713.50000,29876.62500
714.00000,29876.38672
714.50000,29868.31250
715.00000,29853.75391
715.50000,29835.16211
716.00000,29817.99805
716.50000,29807.15430
717.00000,29807.65625
717.50000,29817.59180
718.00000,29833.61328
718.50000,29848.46680
719.00000,29855.92578
719.50000,29851.88672
720.00000,29840.06836
720.50000,29826.67969
721.00000,29820.13867
721.50000,29824.13281
722.00000,29839.13086
722.50000,29859.18555
723.00000,29876.31055
723.50000,29882.62891
724.00000,29877.75977
724.50000,29864.95313
725.00000,29850.30273
725.50000,29839.02734
726.00000,29831.91211
726.50000,29825.83594
727.00000,29817.65039
727.50000,29806.33008
728.00000,29795.17188
728.50000,29788.38086
729.00000,29789.17188
729.50000,29794.80664
730.00000,29799.75195
730.50000,29797.54492
731.00000,29786.33398
731.50000,29769.06836
732.00000,29756.18359
732.50000,29757.15234
733.00000,29776.97656
733.50000,29808.96484
734.00000,29843.02734
734.50000,29866.57227
735.00000,29872.84766
735.50000,29857.35742
736.00000,29829.98047
736.50000,29799.70508
737.00000,29776.64844
737.50000,29765.18164
738.00000,29767.25977
738.50000,29778.48047
739.00000,29794.04688
739.50000,29810.50391
740.00000,29826.06641
740.50000,29839.89063
741.00000,29850.44531
741.50000,29855.91211
742.00000,29852.78320
742.50000,29841.12500
743.00000,29823.79883
743.50000,29807.36523
744.00000,29799.51953
744.50000,29806.96484
745.00000,29830.90039
745.50000,29864.45313
746.00000,29897.77734
746.50000,29921.32031
747.00000,29931.51953
747.50000,29929.00195
748.00000,29922.05078
748.50000,29917.07617
749.00000,29918.01758
749.50000,29923.88086
750.00000,29931.46680
750.50000,29936.52344
751.00000,29936.77148
751.50000,29931.46094
752.00000,29922.98047
752.50000,29913.41602
753.00000,29905.36719
753.50000,29900.81250
754.00000,29902.09766
754.50000,29908.53906
755.00000,29918.38281
755.50000,29928.01758
756.00000,29934.02734
756.50000,29934.50977
757.00000,29931.36133
757.50000,29928.43750
758.00000,29929.79883
758.50000,29935.21094
759.00000,29941.55078
759.50000,29943.38086
760.00000,29938.45898
760.50000,29928.29492
761.00000,29920.25000
761.50000,29920.41992
762.00000,29932.95313
762.50000,29951.73438
763.00000,29969.14648
763.50000,29976.94531
764.00000,29973.91406
764.50000,29962.78516
765.00000,29951.74219
765.50000,29947.05664
766.00000,29953.00195
766.50000,29965.27734
767.00000,29979.08203
767.50000,29989.29883
768.00000,29994.45117
768.50000,29995.39258
769.00000,29995.13672
769.50000,29995.40430
770.00000,29996.66406
770.50000,29998.17969
771.00000,29999.56250
771.50000,30001.28320
772.00000,30004.48633
772.50000,30011.00586
773.00000,30021.25391
773.50000,30034.58594
774.00000,30049.16797
774.50000,30062.00781
775.00000,30070.22852
775.50000,30072.27930
776.00000,30069.41211
776.50000,30063.98828
777.00000,30059.45313
777.50000,30057.68555
778.00000,30059.23438
778.50000,30062.43359
779.00000,30066.29883
779.50000,30071.00000
780.00000,30077.87500
780.50000,30089.26758
781.00000,30104.72070
781.50000,30121.99805
782.00000,30136.63477
782.50000,30145.33203
783.00000,30146.17188
783.50000,30141.42383
784.00000,30135.52734
784.50000,30133.02734
785.00000,30135.39648
785.50000,30142.59570
786.00000,30153.76953
786.50000,30167.28711
787.00000,30182.73828
787.50000,30199.31055
788.00000,30215.72852
788.50000,30229.66992
789.00000,30239.76563
789.50000,30245.21875
790.00000,30246.63086
790.50000,30246.36133
791.00000,30246.23242
791.50000,30247.31836
792.00000,30249.65820
792.50000,30253.23828
793.00000,30257.98828
793.50000,30264.61523
794.00000,30273.86133
794.50000,30285.32227
795.00000,30298.08008
795.50000,30310.02344
796.00000,30319.02734
796.50000,30321.88281
797.00000,30318.15039
797.50000,30307.13672
798.00000,30290.28906
798.50000,30271.63281
799.00000,30256.49414
799.50000,30249.79492
800.00000,30254.61719
800.50000,30273.98828
801.00000,30303.07227
801.50000,30337.41016
802.00000,30370.49219
802.50000,30396.59375
803.00000,30408.67188
803.50000,30405.18945
804.00000,30387.04688
804.50000,30358.16406
805.00000,30329.13477
805.50000,30310.36914
806.00000,30309.34570
806.50000,30324.70313
807.00000,30350.95508
807.50000,30375.33789
808.00000,30388.63672
808.50000,30386.20898
809.00000,30375.60156
809.50000,30367.05469
810.00000,30369.62305
810.50000,30383.72266
811.00000,30404.67188
811.50000,30422.97656
812.00000,30433.32227
812.50000,30435.85547
813.00000,30437.87695
813.50000,30447.53320
814.00000,30469.02148
814.50000,30499.89453
815.00000,30533.96094
815.50000,30562.39844
816.00000,30578.87500
816.50000,30579.50586
817.00000,30567.52930
817.50000,30545.41016
818.00000,30519.20508
818.50000,30495.21289
819.00000,30482.18750
819.50000,30483.53516
820.00000,30501.61133
820.50000,30533.78125
821.00000,30570.80273
821.50000,30602.98047
822.00000,30622.92969
822.50000,30628.75195
823.00000,30620.32813
823.50000,30605.48047
824.00000,30589.27930
824.50000,30575.84570
825.00000,30566.30664
825.50000,30561.28516
826.00000,30560.26953
826.50000,30563.32227
827.00000,30571.54102
827.50000,30583.55664
828.00000,30597.74805
828.50000,30610.92773
829.00000,30620.61523
829.50000,30624.93164
830.00000,30625.22656
830.50000,30623.83398
831.00000,30623.67578
831.50000,30626.27148
832.00000,30631.77930
832.50000,30638.61719
833.00000,30644.96289
833.50000,30650.04297
834.00000,30655.19531
834.50000,30662.68359
835.00000,30675.09570
835.50000,30691.67969
836.00000,30710.16016
836.50000,30726.29688
837.00000,30737.13281
837.50000,30740.69922
838.00000,30739.94336
838.50000,30738.55859
839.00000,30740.61328
839.50000,30747.62891
840.00000,30760.33594
840.50000,30777.22852
841.00000,30795.84375
841.50000,30813.26367
842.00000,30827.16406
842.50000,30836.42578
843.00000,30842.26563
843.50000,30849.16016
844.00000,30862.94141
844.50000,30887.01367
845.00000,30919.83203
845.50000,30955.89258
846.00000,30986.02734
846.50000,31003.36719
847.00000,31005.70898
847.50000,31000.18359
848.00000,30995.91211
848.50000,31001.57617
849.00000,31019.32813
849.50000,31047.93945
850.00000,31079.08789
850.50000,31106.74219
851.00000,31126.48633
851.50000,31138.63086
852.00000,31144.13086
852.50000,31146.69141
853.00000,31149.67578
853.50000,31156.89453
854.00000,31169.71289
854.50000,31188.80469
855.00000,31212.30273
855.50000,31236.15430
856.00000,31255.56641
856.50000,31267.61328
857.00000,31271.66992
857.50000,31268.64648
858.00000,31263.90234
858.50000,31262.96875
859.00000,31271.72266
859.50000,31292.46875
860.00000,31326.16406
860.50000,31366.10547
861.00000,31404.41211
861.50000,31431.36328
862.00000,31444.28711
862.50000,31443.53320
863.00000,31436.41602
863.50000,31431.90234
864.00000,31437.88086
864.50000,31454.43555
865.00000,31478.20117
865.50000,31503.83789
866.00000,31527.40430
866.50000,31549.05859
867.00000,31572.64258
867.50000,31602.04492
868.00000,31640.77148
868.50000,31686.01953
869.00000,31733.77344
869.50000,31778.86328
870.00000,31818.60938
870.50000,31851.80469
871.00000,31879.68359
871.50000,31903.42578
872.00000,31921.09180
872.50000,31931.35156
873.00000,31932.27344
873.50000,31924.41992
874.00000,31913.76953
874.50000,31908.08594
875.00000,31913.88086
875.50000,31932.16406
876.00000,31959.99609
876.50000,31986.50391
877.00000,32002.23828
877.50000,32000.82813
878.00000,31985.98438
878.50000,31963.84375
879.00000,31943.45898
879.50000,31929.15430
880.00000,31920.82617
880.50000,31912.39844
881.00000,31899.04688
881.50000,31879.59961
882.00000,31858.62695
882.50000,31843.24609
883.00000,31837.80859
883.50000,31841.68359
884.00000,31849.71289
884.50000,31854.01367
885.00000,31849.77930
885.50000,31837.07813
886.00000,31820.81445
886.50000,31806.07813
887.00000,31795.40430
887.50000,31787.88672
888.00000,31780.60938
888.50000,31771.33008
889.00000,31760.37305
889.50000,31750.60938
890.00000,31744.52930
890.50000,31743.09375
891.00000,31743.06445
891.50000,31740.71484
892.00000,31733.26953
892.50000,31722.99414
893.00000,31714.62500
893.50000,31713.48438
894.00000,31720.87500
894.50000,31735.26563
895.00000,31749.83203
895.50000,31758.93750
896.00000,31758.77734
896.50000,31751.96484
897.00000,31742.35742
897.50000,31734.96875
898.00000,31732.13672
898.50000,31734.70508
899.00000,31739.94531
899.50000,31745.49805
900.00000,31749.25586
900.50000,31750.95898
901.00000,31751.61133
901.50000,31753.71875
902.00000,31759.63281
902.50000,31772.30859
903.00000,31790.87305
903.50000,31814.23828
904.00000,31840.16992
904.50000,31866.01563
905.00000,31889.52930
905.50000,31908.91016
906.00000,31922.70313
906.50000,31927.84766
907.00000,31925.63672
907.50000,31917.57031
908.00000,31907.64453
908.50000,31900.01758
909.00000,31897.08984
909.50000,31897.22070
910.00000,31897.34961
910.50000,31895.13867
911.00000,31892.61523
911.50000,31895.16016
912.00000,31909.38086
912.50000,31935.71289
913.00000,31971.11133
913.50000,32005.78125
914.00000,32031.31055
914.50000,32040.52930
915.00000,32037.21094
915.50000,32026.53125
916.00000,32016.89844
916.50000,32014.56250
917.00000,32024.66797
917.50000,32045.65234
918.00000,32073.98242
918.50000,32103.74805
919.00000,32128.16016
919.50000,32141.72852
920.00000,32143.72852
920.50000,32139.20508
921.00000,32135.72656
921.50000,32140.22266
922.00000,32155.33008
922.50000,32179.07617
923.00000,32203.95313
923.50000,32223.97070
924.00000,32237.19336
924.50000,32246.66797
925.00000,32257.59375
925.50000,32273.76953
926.00000,32296.12305
926.50000,32323.22461
927.00000,32351.92578
927.50000,32380.75000
928.00000,32409.05859
928.50000,32436.19336
929.00000,32459.75586
929.50000,32478.22461
930.00000,32490.98438
930.50000,32500.45117
931.00000,32511.85547
931.50000,32530.63281
932.00000,32558.15625
932.50000,32591.40820
933.00000,32624.46094
933.50000,32651.28125
934.00000,32668.28516
934.50000,32675.55469
935.00000,32678.03320
935.50000,32681.02539
936.00000,32689.79492
936.50000,32707.42188
937.00000,32737.50781
937.50000,32777.04688
938.00000,32823.48828
938.50000,32871.88672
939.00000,32917.62500
939.50000,32957.86719
940.00000,32994.35547
940.50000,33031.03125
941.00000,33073.45703
941.50000,33123.49219
942.00000,33181.56641
942.50000,33245.53125
943.00000,33312.67188
943.50000,33383.07813
944.00000,33457.73047
944.50000,33538.01953
945.00000,33624.94141
945.50000,33715.49609
946.00000,33806.52344
946.50000,33894.31641
947.00000,33976.81250
947.50000,34051.61328
948.00000,34119.41406
948.50000,34181.15234
949.00000,34238.19141
949.50000,34293.27344
950.00000,34346.93359
950.50000,34397.25391
951.00000,34440.71484
951.50000,34471.42188
952.00000,34490.68750
952.50000,34503.37891
953.00000,34519.37891
953.50000,34546.87891
954.00000,34590.57813
954.50000,34645.65625
955.00000,34702.79688
955.50000,34752.47656
956.00000,34792.60938
956.50000,34825.75000
957.00000,34857.61328
957.50000,34892.23047
958.00000,34929.37109
958.50000,34964.89453
959.00000,34994.94141
959.50000,35015.51172
960.00000,35027.61719
960.50000,35030.28125
961.00000,35020.90625
961.50000,34998.96875
962.00000,34962.50391
962.50000,34915.88281
963.00000,34865.29688
963.50000,34816.58984
964.00000,34771.25000
964.50000,34726.82422
965.00000,34678.49609
965.50000,34624.35156
966.00000,34565.83203
966.50000,34508.76563
967.00000,34457.96484
967.50000,34416.62109
968.00000,34380.69922
968.50000,34346.05859
969.00000,34309.26953
969.50000,34270.82813
970.00000,34234.71094
970.50000,34205.70313
971.00000,34186.98047
971.50000,34181.13281
972.00000,34184.12891
972.50000,34192.75391
973.00000,34202.33203
973.50000,34209.39453
974.00000,34211.76172
974.50000,34210.81250
975.00000,34209.14453
975.50000,34210.14453
976.00000,34214.89844
976.50000,34222.67188
977.00000,34230.43750
977.50000,34235.65625
978.00000,34237.47656
978.50000,34238.99219
979.00000,34244.66797
979.50000,34260.21484
980.00000,34286.71094
980.50000,34325.22266
981.00000,34373.16406
981.50000,34426.69531
982.00000,34483.05078
982.50000,34539.09375
983.00000,34593.11328
983.50000,34644.23828
984.00000,34693.50391
984.50000,34742.28125
985.00000,34792.17188
985.50000,34843.88672
986.00000,34898.07422
986.50000,34954.82813
987.00000,35015.91016
987.50000,35084.96484
988.00000,35163.87500
988.50000,35255.31250
989.00000,35356.76563
989.50000,35463.46484
990.00000,35570.23047
990.50000,35673.59375
991.00000,35773.52344
991.50000,35873.85938
992.00000,35980.02344
992.50000,36099.03906
993.00000,36233.78516
993.50000,36384.30078
994.00000,36552.01953
994.50000,36731.53906
995.00000,36921.56641
995.50000,37120.85938
996.00000,37327.16406
996.50000,37539.33203
997.00000,37753.37891
997.50000,37965.43750
998.00000,38171.93750
998.50000,38374.20313
999.00000,38575.58984
999.50000,38780.31641
1000.00000,38988.19141
1000.50000,39192.07422
1001.00000,39380.37109
1001.50000,39542.33984
1002.00000,39667.72656
1002.50000,39765.37891
1003.00000,39841.47266
1003.50000,39903.38672
1004.00000,39952.50391
1004.50000,39977.00781
1005.00000,39968.96484
1005.50000,39922.17578
1006.00000,39833.33594
1006.50000,39716.11328
1007.00000,39575.70703
1007.50000,39416.75391
1008.00000,39241.13281
1008.50000,39045.76172
1009.00000,38837.18750
1009.50000,38622.85938
1010.00000,38411.73828
1010.50000,38207.75391
1011.00000,38010.09766
1011.50000,37814.00781
1012.00000,37616.84766
1012.50000,37421.06641
1013.00000,37232.32813
1013.50000,37056.33203
1014.00000,36896.27734
1014.50000,36747.83594
1015.00000,36608.47266
1015.50000,36475.71094
1016.00000,36349.99609
1016.50000,36236.04297
1017.00000,36133.69141
1017.50000,36043.20313
1018.00000,35963.50781
1018.50000,35892.04688
1019.00000,35830.39844
1019.50000,35778.83594
1020.00000,35736.11328
1020.50000,35699.41016
1021.00000,35661.59375
1021.50000,35617.12500
1022.00000,35563.58203
1022.50000,35504.86328
1023.00000,35447.53906
1023.50000,35398.23047
1024.00000,35359.49219
1024.50000,35330.66406
1025.00000,35303.97656
1025.50000,35272.45313
1026.00000,35231.00781
1026.50000,35180.76953
1027.00000,35125.69141
1027.50000,35073.49219
1028.00000,35030.40234
1028.50000,35002.70313
1029.00000,34988.67578
1029.50000,34987.14063
1030.00000,34993.32031
1030.50000,35000.85938
1031.00000,35002.96094
1031.50000,34995.35547
1032.00000,34976.54688
1032.50000,34948.20703
1033.00000,34918.26953
1033.50000,34894.62109
1034.00000,34882.52734
1034.50000,34880.46094
1035.00000,34883.12109
1035.50000,34881.71094
1036.00000,34871.03906
1036.50000,34850.60938
1037.00000,34827.69141
1037.50000,34810.51563
1038.00000,34804.78516
1038.50000,34809.91406
1039.00000,34822.56641
1039.50000,34835.05469
1040.00000,34842.21875
1040.50000,34840.90625
1041.00000,34832.83594
1041.50000,34819.83984
1042.00000,34805.50000
1042.50000,34793.11328
1043.00000,34787.08203
1043.50000,34788.99609
1044.00000,34800.03125
1044.50000,34818.99609
1045.00000,34841.00781
1045.50000,34861.19922
1046.00000,34875.90625
1046.50000,34884.66016
1047.00000,34888.80859
1047.50000,34893.00000
1048.00000,34900.71094
1048.50000,34913.80469
1049.00000,34930.45313
1049.50000,34947.18359
1050.00000,34959.48828
1050.50000,34964.52344
1051.00000,34960.18750
1051.50000,34950.67188
1052.00000,34940.71094
1052.50000,34936.41016
1053.00000,34940.76172
1053.50000,34955.30469
1054.00000,34975.79688
1054.50000,34997.32031
1055.00000,35014.96094
1055.50000,35027.55078
1056.00000,35035.69922
1056.50000,35041.87109
1057.00000,35048.21484
1057.50000,35055.57422
1058.00000,35063.84375
1058.50000,35073.56250
1059.00000,35087.25000
1059.50000,35106.85156
1060.00000,35134.16016
1060.50000,35166.98438
1061.00000,35199.75000
1061.50000,35224.84766
1062.00000,35238.71875
1062.50000,35241.37500
1063.00000,35236.23438
1063.50000,35229.98828
1064.00000,35226.24219
1064.50000,35224.88281
1065.00000,35223.21094
1065.50000,35218.70703
1066.00000,35212.89453
1066.50000,35210.32031
1067.00000,35217.77734
1067.50000,35236.75781
1068.00000,35266.06641
1068.50000,35298.13672
1069.00000,35325.17969
1069.50000,35339.98828
1070.00000,35344.35938
1070.50000,35342.41406
1071.00000,35340.78516
1071.50000,35344.19922
1072.00000,35354.71094
1072.50000,35370.06250
1073.00000,35387.03906
1073.50000,35403.39844
1074.00000,35419.13672
1074.50000,35435.73047
1075.00000,35454.99609
1075.50000,35476.93359
1076.00000,35500.50781
1076.50000,35523.85547
1077.00000,35546.48047
1077.50000,35570.11328
1078.00000,35597.29297
1078.50000,35629.71875
1079.00000,35665.40625
1079.50000,35698.37500
1080.00000,35719.89453
1080.50000,35726.12109
1081.00000,35718.75000
1081.50000,35703.81641
1082.00000,35691.98047
1082.50000,35690.42188
1083.00000,35701.00781
1083.50000,35719.17188
1084.00000,35740.65234
1084.50000,35762.31641
1085.00000,35784.44531
1085.50000,35808.57031
1086.00000,35833.85156
1086.50000,35857.13281
1087.00000,35874.87500
1087.50000,35887.60547
1088.00000,35900.21875
1088.50000,35920.04688
1089.00000,35951.05469
1089.50000,35991.18359
1090.00000,36029.37500
1090.50000,36053.60938
1091.00000,36058.05859
1091.50000,36048.42578
1092.00000,36036.96484
1092.50000,36038.18359
1093.00000,36059.85547
1093.50000,36101.84375
1094.00000,36151.06250
1094.50000,36194.98047
1095.00000,36225.12109
1095.50000,36242.33203
1096.00000,36252.26172
1096.50000,36265.25391
1097.00000,36287.71484
1097.50000,36321.80859
1098.00000,36362.35938
1098.50000,36404.17578
1099.00000,36442.82422
1099.50000,36477.19141
1100.00000,36506.83594
1100.50000,36532.62109
1101.00000,36553.14063
1101.50000,36566.61328
1102.00000,36574.94141
1102.50000,36582.76563
1103.00000,36597.29297
1103.50000,36622.77734
1104.00000,36660.66797
1104.50000,36702.17578
1105.00000,36738.82031
1105.50000,36764.18750
1106.00000,36780.46094
1106.50000,36793.61328
1107.00000,36811.69531
1107.50000,36838.62500
1108.00000,36875.94141
1108.50000,36919.07813
1109.00000,36965.32813
1109.50000,37011.66406
1110.00000,37054.86328
1110.50000,37089.76172
1111.00000,37114.33594
1111.50000,37130.86719
1112.00000,37148.01563
1112.50000,37177.05469
1113.00000,37226.75391
1113.50000,37295.69922
1114.00000,37371.80859
1114.50000,37441.21094
1115.00000,37497.08203
1115.50000,37541.79688
1116.00000,37583.87109
1116.50000,37631.41406
1117.00000,37686.27734
1117.50000,37744.24609
1118.00000,37801.36328
1118.50000,37859.37500
1119.00000,37924.55469
1119.50000,38002.44922
1120.00000,38094.49609
1120.50000,38192.32813
1121.00000,38288.13672
1121.50000,38377.89844
1122.00000,38464.20313
1122.50000,38552.23047
1123.00000,38643.63672
1123.50000,38734.58984
1124.00000,38817.16406
1124.50000,38888.79688
1125.00000,38952.79688
1125.50000,39020.82031
1126.00000,39102.92188
1126.50000,39206.27344
1127.00000,39321.02734
1127.50000,39434.83203
1128.00000,39534.92969
1128.50000,39620.84375
1129.00000,39700.38281
1129.50000,39788.31641
1130.00000,39893.19922
1130.50000,40016.30859
1131.00000,40141.54297
1131.50000,40252.93359
1132.00000,40339.80469
1132.50000,40410.04688
1133.00000,40480.59766
1133.50000,40571.07422
1134.00000,40688.95703
1134.50000,40831.85547
1135.00000,40978.33984
1135.50000,41112.35938
1136.00000,41227.53125
1136.50000,41334.27734
1137.00000,41450.58984
1137.50000,41591.15234
1138.00000,41759.96484
1138.50000,41954.97656
1139.00000,42160.13672
1139.50000,42365.94922
1140.00000,42568.65234
1140.50000,42773.26953
1141.00000,42994.10547
1141.50000,43245.30859
1142.00000,43538.39453
1142.50000,43885.94141
1143.00000,44274.93750
1143.50000,44696.71094
1144.00000,45137.30859
1144.50000,45588.67969
1145.00000,46059.60547
1145.50000,46563.56641
1146.00000,47117.07031
1146.50000,47738.29297
1147.00000,48414.91406
1147.50000,49139.30859
1148.00000,49892.73828
1148.50000,50657.95313
1149.00000,51424.49609
1149.50000,52184.56250
1150.00000,52931.48047
1150.50000,53654.46484
1151.00000,54347.40234
1151.50000,54994.65625
1152.00000,55584.48438
1152.50000,56110.03516
1153.00000,56544.25781
1153.50000,56890.14453
1154.00000,57135.83984
1154.50000,57262.28125
1155.00000,57276.28516
1155.50000,57150.95703
1156.00000,56883.08984
1156.50000,56483.05078
1157.00000,55939.75781
1157.50000,55303.05078
1158.00000,54598.74219
1158.50000,53852.35938
1159.00000,53085.52734
1159.50000,52301.92188
1160.00000,51505.72656
1160.50000,50704.45313
1161.00000,49914.99219
1161.50000,49152.48047
1162.00000,48431.08203
1162.50000,47756.92969
1163.00000,47120.85547
1163.50000,46523.50000
1164.00000,45961.64063
1164.50000,45437.91797
1165.00000,44965.51172
1165.50000,44535.57031
1166.00000,44143.85547
1166.50000,43779.00000
1167.00000,43428.77734
1167.50000,43093.07813
1168.00000,42775.52344
1168.50000,42483.08203
1169.00000,42226.69531
1169.50000,42001.38281
1170.00000,41806.69531
1170.50000,41638.34375
1171.00000,41490.14844
1171.50000,41362.46094
1172.00000,41249.72266
1172.50000,41147.66797
1173.00000,41053.16406
1173.50000,40963.57813
1174.00000,40881.97656
1174.50000,40813.09375
1175.00000,40758.69922
1175.50000,40720.34375
1176.00000,40691.82031
1176.50000,40669.63281
1177.00000,40654.96094
1177.50000,40650.87891
1178.00000,40662.97266
1178.50000,40689.75000
1179.00000,40722.76172
1179.50000,40751.00781
1180.00000,40769.37500
1180.50000,40781.22656
1181.00000,40798.50000
1181.50000,40831.30078
1182.00000,40884.57031
1182.50000,40950.06641
1183.00000,41015.44922
1183.50000,41070.33984
1184.00000,41116.58984
1184.50000,41161.53516
1185.00000,41214.76172
1185.50000,41278.58594
1186.00000,41350.73438
1186.50000,41424.30859
1187.00000,41494.78125
1187.50000,41559.01563
1188.00000,41616.44141
1188.50000,41663.08203
1189.00000,41693.69531
1189.50000,41709.55859
1190.00000,41715.08203
1190.50000,41721.13672
1191.00000,41734.22656
1191.50000,41752.05859
1192.00000,41761.86719
1192.50000,41750.09375
1193.00000,41710.57031
1193.50000,41652.71875
1194.00000,41588.39063
1194.50000,41528.38281
1195.00000,41473.22266
1195.50000,41414.92969
1196.00000,41345.66016
1196.50000,41261.84375
1197.00000,41167.47266
1197.50000,41070.06641
1198.00000,40973.96484
1198.50000,40879.59375
1199.00000,40786.33594
1199.50000,40696.46875
1200.00000,40614.03125
1200.50000,40544.19531
1201.00000,40487.03125
1201.50000,40436.17969
1202.00000,40383.45703
1202.50000,40323.46094
1203.00000,40256.69922
1203.50000,40189.53125
1204.00000,40130.51563
1204.50000,40087.22266
1205.00000,40060.96094
1205.50000,40047.28125
1206.00000,40041.85938
1206.50000,40037.79297
1207.00000,40031.07031
1207.50000,40018.41797
1208.00000,39998.77734
1208.50000,39968.96484
1209.00000,39927.14453
1209.50000,39874.13672
1210.00000,39812.48047
1210.50000,39751.81641
1211.00000,39702.16016
1211.50000,39673.21094
1212.00000,39663.58594
1212.50000,39668.87109
1213.00000,39676.50391
1213.50000,39675.08594
1214.00000,39652.24219
1214.50000,39608.46094
1215.00000,39545.94141
1215.50000,39473.36719
1216.00000,39404.01563
1216.50000,39350.96875
1217.00000,39317.93359
1217.50000,39298.99609
1218.00000,39280.73828
1218.50000,39248.37109
1219.00000,39193.61719
1219.50000,39119.35547
1220.00000,39039.04688
1220.50000,38964.27734
1221.00000,38898.37109
1221.50000,38836.64063
1222.00000,38772.18750
1222.50000,38705.33594
1223.00000,38645.94922
1223.50000,38610.08594
1224.00000,38604.61719
1224.50000,38630.94141
1225.00000,38670.16016
1225.50000,38702.62500
1226.00000,38709.89844
1226.50000,38693.74609
1227.00000,38662.82813
1227.50000,38634.26563
1228.00000,38619.62500
1228.50000,38623.09766
1229.00000,38634.39453
1229.50000,38641.66406
1230.00000,38634.21484
1230.50000,38614.57031
1231.00000,38591.92188
1231.50000,38580.97656
1232.00000,38590.16797
1232.50000,38623.52344
1233.00000,38668.80078
1233.50000,38713.19141
1234.00000,38743.96094
1234.50000,38758.75781
1235.00000,38758.48047
1235.50000,38749.92578
1236.00000,38739.97656
1236.50000,38734.84766
1237.00000,38738.21875
1237.50000,38753.00781
1238.00000,38780.22266
1238.50000,38813.66797
1239.00000,38845.40234
1239.50000,38867.28516
1240.00000,38876.57813
1240.50000,38873.87500
1241.00000,38868.26953
1241.50000,38867.21875
1242.00000,38876.51563
1242.50000,38895.55469
1243.00000,38923.14063
1243.50000,38955.35547
1244.00000,38988.85938
1244.50000,39019.89453
1245.00000,39045.51953
1245.50000,39063.01563
1246.00000,39072.15234
1246.50000,39077.50391
1247.00000,39085.24609
1247.50000,39100.51172
1248.00000,39123.92969
1248.50000,39151.51172
1249.00000,39175.52344
1249.50000,39191.27344
1250.00000,39200.52734
1250.50000,39212.24609
1251.00000,39239.76953
1251.50000,39289.52344
1252.00000,39359.30078
1252.50000,39438.82031
1253.00000,39510.58594
1253.50000,39562.26953
1254.00000,39593.25781
1254.50000,39616.93359
1255.00000,39651.83594
1255.50000,39709.03906
1256.00000,39787.25781
1256.50000,39873.39844
1257.00000,39947.95703
1257.50000,39997.11328
1258.00000,40022.30859
1258.50000,40037.38672
1259.00000,40056.02344
1259.50000,40083.79688
1260.00000,40116.18750
1260.50000,40140.92969
1261.00000,40149.45313
1261.50000,40137.82813
1262.00000,40113.10156
1262.50000,40086.91406
1263.00000,40071.03516
1263.50000,40069.31641
1264.00000,40080.98047
1264.50000,40101.10547
1265.00000,40121.48438
1265.50000,40136.07813
1266.00000,40142.60156
1266.50000,40143.22266
1267.00000,40142.74609
1267.50000,40146.89844
1268.00000,40159.02344
1268.50000,40179.51172
1269.00000,40204.02734
1269.50000,40228.39844
1270.00000,40249.42578
1270.50000,40266.56641
1271.00000,40279.82813
1271.50000,40290.30469
1272.00000,40296.83984
1272.50000,40297.24609
1273.00000,40291.77734
1273.50000,40282.63672
1274.00000,40275.92188
1274.50000,40276.76563
1275.00000,40288.09766
1275.50000,40302.01172
1276.00000,40307.03516
1276.50000,40291.85547
1277.00000,40257.26172
1277.50000,40211.34375
1278.00000,40171.85547
1278.50000,40151.64844
1279.00000,40158.11719
1279.50000,40178.23828
1280.00000,40198.12500
1280.50000,40205.00781
1281.00000,40197.51172
1281.50000,40179.51953
1282.00000,40159.60156
1282.50000,40141.31250
1283.00000,40123.79688
1283.50000,40105.09766
1284.00000,40086.91016
1284.50000,40074.86328
1285.00000,40072.81641
1285.50000,40082.43359
1286.00000,40097.41797
1286.50000,40111.73047
1287.00000,40121.07813
1287.50000,40126.02734
1288.00000,40126.71875
1288.50000,40121.06250
1289.00000,40105.14844
1289.50000,40072.33594
1290.00000,40026.00391
1290.50000,39973.68750
1291.00000,39927.67188
1291.50000,39895.39844
1292.00000,39878.47266
1292.50000,39866.98828
1293.00000,39849.16797
1293.50000,39813.72656
1294.00000,39762.76563
1294.50000,39703.70313
1295.00000,39649.98828
1295.50000,39611.81641
1296.00000,39595.96484
1296.50000,39598.00000
1297.00000,39608.42578
1297.50000,39618.08594
1298.00000,39622.34766
1298.50000,39622.26953
1299.00000,39622.96875
1299.50000,39628.64453
1300.00000,39639.99219
1300.50000,39651.83594
1301.00000,39658.04688
1301.50000,39651.12109
1302.00000,39632.23438
1302.50000,39604.48047
1303.00000,39575.85547
1303.50000,39554.78906
1304.00000,39548.77734
1304.50000,39556.89063
1305.00000,39573.24219
1305.50000,39589.51172
1306.00000,39599.70313
1306.50000,39603.05469
1307.00000,39603.85547
1307.50000,39606.52734
1308.00000,39610.43359
1308.50000,39609.80469
1309.00000,39599.34375
1309.50000,39576.91406
1310.00000,39550.90234
1310.50000,39531.49219
1311.00000,39527.51953
1311.50000,39539.33203
1312.00000,39565.10547
1312.50000,39596.91797
1313.00000,39629.16406
1313.50000,39656.36719
1314.00000,39675.00000
1314.50000,39680.20313
1315.00000,39671.26953
1315.50000,39653.97266
1316.00000,39636.42969
1316.50000,39626.40625
1317.00000,39626.42969
1317.50000,39634.04688
1318.00000,39642.30469
1318.50000,39646.77344
1319.00000,39646.56641
1319.50000,39643.04297
1320.00000,39635.74219
1320.50000,39624.05859
1321.00000,39608.05078
1321.50000,39592.30078
1322.00000,39584.83203
1322.50000,39593.08594
1323.00000,39614.62109
1323.50000,39638.69922
1324.00000,39649.41016
1324.50000,39640.66797
1325.00000,39615.32422
1325.50000,39587.21875
1326.00000,39571.67188
1326.50000,39578.11328
1327.00000,39600.41406
1327.50000,39625.21484
1328.00000,39637.94922
1328.50000,39637.14844
1329.00000,39629.94922
1329.50000,39629.72266
1330.00000,39642.44922
1330.50000,39665.81250
1331.00000,39687.49219
1331.50000,39697.73047
1332.00000,39692.24609
1332.50000,39682.19531
1333.00000,39679.78125
1333.50000,39693.24219
1334.00000,39717.48828
1334.50000,39740.73438
1335.00000,39751.37891
1335.50000,39747.05469
1336.00000,39734.08594
1336.50000,39723.71875
1337.00000,39719.26953
1337.50000,39715.24609
1338.00000,39703.92969
1338.50000,39682.51953
1339.00000,39661.59375
1339.50000,39656.34375
1340.00000,39683.39453
1340.50000,39736.91797
1341.00000,39803.78125
1341.50000,39861.85938
1342.00000,39897.24609
1342.50000,39903.90625
1343.00000,39895.67969
1343.50000,39884.94922
1344.00000,39881.39453
1344.50000,39886.23828
1345.00000,39898.44922
1345.50000,39915.76563
1346.00000,39937.23828
1346.50000,39964.51172
1347.00000,39997.32422
1347.50000,40035.25000
1348.00000,40076.95703
1348.50000,40119.00000
1349.00000,40156.23047
1349.50000,40182.74219
1350.00000,40195.37500
1350.50000,40191.72656
1351.00000,40180.00781
1351.50000,40168.39453
1352.00000,40163.92969
1352.50000,40165.60156
1353.00000,40167.91016
1353.50000,40165.16406
1354.00000,40158.65625
1354.50000,40158.79688
1355.00000,40176.01172
1355.50000,40213.21484
1356.00000,40258.16406
1356.50000,40289.61328
1357.00000,40286.63672
1357.50000,40248.80469
1358.00000,40192.32031
1358.50000,40143.26172
1359.00000,40119.68750
1359.50000,40125.66016
1360.00000,40147.44922
1360.50000,40163.37891
1361.00000,40157.64844
1361.50000,40133.21875
1362.00000,40104.60938
1362.50000,40088.92578
1363.00000,40090.83984
1363.50000,40107.68359
1364.00000,40129.35547
1364.50000,40146.85938
1365.00000,40155.76563
1365.50000,40158.26563
1366.00000,40157.41016
1366.50000,40155.13672
1367.00000,40152.69141
1367.50000,40151.06250
1368.00000,40151.38672
1368.50000,40153.41797
1369.00000,40155.10938
1369.50000,40153.78516
1370.00000,40148.98828
1370.50000,40144.45313
1371.00000,40146.49219
1371.50000,40161.12891
1372.00000,40188.20313
1372.50000,40220.73828
1373.00000,40249.19141
1373.50000,40267.50391
1374.00000,40276.43359
1374.50000,40282.15625
1375.00000,40292.62500
1375.50000,40312.48047
1376.00000,40339.23047
1376.50000,40365.41406
1377.00000,40380.84375
1377.50000,40382.54297
1378.00000,40373.46875
1378.50000,40364.58984
1379.00000,40368.65234
1379.50000,40394.44141
1380.00000,40435.87891
1380.50000,40479.17578
1381.00000,40508.01563
1381.50000,40519.17969
1382.00000,40518.67969
1382.50000,40521.51172
1383.00000,40539.27734
1383.50000,40576.43750
1384.00000,40623.64063
1384.50000,40668.55469
1385.00000,40698.98047
1385.50000,40716.24609
1386.00000,40724.22656
1386.50000,40728.96484
1387.00000,40735.15234
1387.50000,40745.77734
1388.00000,40762.23828
1388.50000,40784.94922
1389.00000,40813.27344
1389.50000,40841.21094
1390.00000,40860.71094
1390.50000,40862.60938
1391.00000,40845.85547
1391.50000,40812.72266
1392.00000,40774.78125
1392.50000,40743.17969
1393.00000,40729.14063
1393.50000,40731.55078
1394.00000,40745.61719
1394.50000,40759.85938
1395.00000,40763.95703
1395.50000,40749.92188
1396.00000,40721.28906
1396.50000,40686.31250
1397.00000,40656.34375
1397.50000,40638.56250
1398.00000,40637.68750
1398.50000,40652.41016
1399.00000,40676.31641
1399.50000,40702.94531
1400.00000,40725.80469
1400.50000,40742.28125
1401.00000,40752.86719
1401.50000,40761.21484
1402.00000,40767.49609
1402.50000,40767.70313
1403.00000,40757.44531
1403.50000,40733.83203
1404.00000,40705.85547
1404.50000,40685.93359
1405.00000,40687.41406
1405.50000,40708.87500
1406.00000,40742.60938
1406.50000,40773.98828
1407.00000,40794.42969
1407.50000,40802.75000
1408.00000,40806.02734
1408.50000,40806.14844
1409.00000,40798.99219
1409.50000,40781.01953
1410.00000,40752.64063
1410.50000,40725.23828
1411.00000,40712.03516
1411.50000,40726.28125
1412.00000,40759.91406
1412.50000,40799.11328
1413.00000,40826.02734
1413.50000,40834.07031
1414.00000,40822.98047
1414.50000,40802.44141
1415.00000,40780.89063
1415.50000,40764.00000
1416.00000,40752.51172
1416.50000,40747.57031
1417.00000,40751.60547
1417.50000,40766.07422
1418.00000,40791.85547
1418.50000,40822.24219
1419.00000,40847.90234
1419.50000,40856.71094
1420.00000,40848.51563
1420.50000,40829.42969
1421.00000,40814.93359
1421.50000,40817.46484
1422.00000,40843.01953
1422.50000,40879.10547
1423.00000,40909.59375
1423.50000,40922.33594
1424.00000,40923.97266
1424.50000,40927.42188
1425.00000,40945.53906
1425.50000,40978.42188
1426.00000,41017.94531
1426.50000,41051.88672
1427.00000,41075.99219
1427.50000,41093.41406
1428.00000,41110.96094
1428.50000,41127.79297
1429.00000,41136.67188
1429.50000,41133.12891
1430.00000,41119.46484
1430.50000,41110.15625
1431.00000,41118.83203
1431.50000,41153.14844
1432.00000,41201.24609
1432.50000,41247.14844
1433.00000,41277.69922
1433.50000,41295.37891
1434.00000,41313.31641
1434.50000,41347.04297
1435.00000,41403.75000
1435.50000,41478.11328
1436.00000,41550.71484
1436.50000,41601.22656
1437.00000,41620.57813
1437.50000,41615.51172
1438.00000,41602.47266
1438.50000,41599.87891
1439.00000,41614.13281
1439.50000,41639.93750
1440.00000,41664.55078
1440.50000,41680.25000
1441.00000,41690.51953
1441.50000,41704.65234
1442.00000,41732.10156
1442.50000,41767.38672
1443.00000,41797.82813
1443.50000,41809.81250
1444.00000,41803.49609
1444.50000,41787.44922
1445.00000,41777.78906
1445.50000,41783.60938
1446.00000,41806.69141
1446.50000,41834.37109
1447.00000,41856.05859
1447.50000,41866.59766
1448.00000,41871.45313
1448.50000,41877.41406
1449.00000,41887.13672
1449.50000,41896.42969
1450.00000,41895.36719
1450.50000,41880.28125
1451.00000,41853.16406
1451.50000,41825.05859
1452.00000,41807.08203
1452.50000,41803.57813
1453.00000,41805.12500
1453.50000,41800.88672
1454.00000,41783.49219
1454.50000,41759.60547
1455.00000,41740.62109
1455.50000,41736.14844
1456.00000,41744.33203
1456.50000,41755.91797
1457.00000,41759.55078
1457.50000,41752.87109
1458.00000,41740.59766
1458.50000,41729.95703
1459.00000,41722.30859
1459.50000,41713.18750
1460.00000,41698.73438
1460.50000,41680.30469
1461.00000,41667.15625
1461.50000,41668.59375
1462.00000,41688.28125
1462.50000,41717.72656
1463.00000,41748.23438
1463.50000,41773.27734
1464.00000,41792.66797
1464.50000,41808.14453
1465.00000,41821.14063
1465.50000,41828.74609
1466.00000,41826.06250
1466.50000,41815.98438
1467.00000,41807.41406
1467.50000,41814.05078
1468.00000,41844.18359
1468.50000,41901.36328
1469.00000,41966.74609
1469.50000,42018.83594
1470.00000,42035.53516
1470.50000,42016.96484
1471.00000,41977.69531
1471.50000,41946.19531
1472.00000,41941.09375
1472.50000,41971.58984
1473.00000,42017.57031
1473.50000,42059.85547
1474.00000,42084.71875
1474.50000,42097.34766
1475.00000,42114.32031
1475.50000,42149.82031
1476.00000,42204.14844
1476.50000,42266.76953
1477.00000,42321.21875
1477.50000,42359.04688
1478.00000,42383.55469
1478.50000,42406.45703
1479.00000,42437.88672
1479.50000,42477.94141
1480.00000,42519.19141
1480.50000,42552.39063
1481.00000,42576.26172
1481.50000,42595.31250
1482.00000,42619.64453
1482.50000,42656.57031
1483.00000,42711.02344
1483.50000,42777.06641
1484.00000,42847.10547
1484.50000,42914.27734
1485.00000,42977.05859
1485.50000,43037.12891
1486.00000,43098.07813
1486.50000,43162.00391
1487.00000,43230.08203
1487.50000,43302.29688
1488.00000,43381.47266
1488.50000,43473.45313
1489.00000,43579.41016
1489.50000,43698.87109
1490.00000,43823.70703
1490.50000,43944.63281
1491.00000,44054.32031
1491.50000,44156.16797
1492.00000,44257.78516
1492.50000,44369.01563
1493.00000,44491.65234
1493.50000,44625.04688
1494.00000,44766.10938
1494.50000,44914.89453
1495.00000,45078.58984
1495.50000,45259.75391
1496.00000,45460.67969
1496.50000,45680.31641
1497.00000,45911.51172
1497.50000,46152.69141
1498.00000,46401.82422
1498.50000,46657.15234
1499.00000,46919.20313
1499.50000,47189.82031
1500.00000,47479.10938
1500.50000,47803.72266
1501.00000,48168.12500
1501.50000,48571.20703
1502.00000,48993.51953
1502.50000,49418.60938
1503.00000,49841.58203
1503.50000,50273.23828
1504.00000,50731.80859
1504.50000,51229.30469
1505.00000,51754.66016
1505.50000,52287.76172
1506.00000,52808.82813
1506.50000,53312.13672
1507.00000,53801.51953
1507.50000,54288.76953
1508.00000,54778.05859
1508.50000,55265.53516
1509.00000,55743.24609
1509.50000,56201.91016
1510.00000,56640.71094
1510.50000,57059.38281
1511.00000,57453.61328
1511.50000,57823.63281
1512.00000,58159.07422
1512.50000,58447.60547
1513.00000,58679.50781
1513.50000,58835.81641
1514.00000,58927.72656
1514.50000,58966.66406
1515.00000,58965.86719
1515.50000,58943.51563
1516.00000,58895.79297
1516.50000,58809.05859
1517.00000,58669.92969
1517.50000,58464.46875
1518.00000,58212.23438
1518.50000,57927.15234
1519.00000,57616.77344
1519.50000,57282.93359
1520.00000,56911.98828
1520.50000,56497.61328
1521.00000,56045.96094
1521.50000,55569.97656
1522.00000,55090.59375
1522.50000,54615.76563
1523.00000,54144.68359
1523.50000,53671.64063
1524.00000,53193.39844
1524.50000,52712.14063
1525.00000,52230.66016
1525.50000,51745.81641
1526.00000,51250.80078
1526.50000,50739.96484
1527.00000,50217.96875
1527.50000,49702.75000
1528.00000,49219.88281
1528.50000,48782.41406
1529.00000,48385.37500
1529.50000,48009.90234
1530.00000,47629.17578
1530.50000,47233.50391
1531.00000,46832.27344
1531.50000,46447.38281
1532.00000,46105.17188
1532.50000,45810.44922
1533.00000,45551.46875
1533.50000,45307.92969
1534.00000,45060.66406
1534.50000,44807.12109
1535.00000,44559.34375
1535.50000,44333.53906
1536.00000,44149.04688
1536.50000,44005.98047
1537.00000,43894.82031
1537.50000,43801.26172
1538.00000,43708.17578
1538.50000,43606.61719
1539.00000,43494.47656
1539.50000,43376.64844
1540.00000,43260.58984
1540.50000,43153.25781
1541.00000,43057.14063
1541.50000,42971.81641
1542.00000,42892.73828
1542.50000,42819.83203
1543.00000,42755.77344
1543.50000,42702.94922
1544.00000,42662.73047
1544.50000,42626.28125
1545.00000,42584.42188
1545.50000,42533.30469
1546.00000,42481.33594
1546.50000,42442.69141
1547.00000,42425.80859
1547.50000,42423.66406
1548.00000,42414.58594
1548.50000,42378.69531
1549.00000,42312.40625
1549.50000,42231.99609
1550.00000,42165.34375
1550.50000,42134.31250
1551.00000,42137.03516
1551.50000,42154.74219
1552.00000,42163.79688
1552.50000,42155.58594
1553.00000,42133.50781
1553.50000,42106.96094
1554.00000,42081.88672
1554.50000,42057.16797
1555.00000,42030.66016
1555.50000,42006.21875
1556.00000,41997.01563
1556.50000,42008.12500
1557.00000,42037.58594
1557.50000,42070.85156
1558.00000,42091.50000
1558.50000,42089.19922
1559.00000,42070.79688
1559.50000,42048.59375
1560.00000,42029.78516
1560.50000,42009.83594
1561.00000,41980.08594
1561.50000,41937.67969
1562.00000,41892.80078
1562.50000,41864.16406
1563.00000,41863.55859
1563.50000,41886.71875
1564.00000,41921.63281
1564.50000,41952.48438
1565.00000,41972.71094
1565.50000,41983.75781
1566.00000,41990.03906
1566.50000,41990.83984
1567.00000,41985.22266
1567.50000,41974.63281
1568.00000,41965.93359
1568.50000,41966.32813
1569.00000,41979.27344
1569.50000,42000.11719
1570.00000,42021.11719
1570.50000,42038.67969
1571.00000,42055.85547
1571.50000,42075.78125
1572.00000,42097.07422
1572.50000,42113.26953
1573.00000,42117.32031
1573.50000,42108.99219
1574.00000,42095.39844
1574.50000,42083.28125
1575.00000,42073.60156
1575.50000,42063.00000
1576.00000,42048.14063
1576.50000,42031.68750
1577.00000,42021.21094
1577.50000,42022.64844
1578.00000,42033.92188
1578.50000,42048.02734
1579.00000,42055.66797
1579.50000,42052.10156
1580.00000,42038.33594
1580.50000,42022.00781
1581.00000,42010.29297
1581.50000,42005.55469
1582.00000,42004.95313
1582.50000,42002.66016
1583.00000,41994.80469
1583.50000,41982.17969
1584.00000,41971.87891
1584.50000,41971.01563
1585.00000,41981.73047
1585.50000,41995.89844
1586.00000,42003.31641
1586.50000,41994.74609
1587.00000,41975.29688
1587.50000,41954.00000
1588.00000,41940.77734
1588.50000,41936.36719
1589.00000,41937.47656
1589.50000,41939.21484
1590.00000,41940.50391
1590.50000,41941.67578
1591.00000,41940.01563
1591.50000,41928.58594
1592.00000,41902.52734
1592.50000,41866.66797
1593.00000,41832.67188
1593.50000,41813.14844
1594.00000,41812.74609
1594.50000,41828.48047
1595.00000,41846.32422
1595.50000,41858.55859
1596.00000,41862.71094
1596.50000,41860.00391
1597.00000,41848.62891
1597.50000,41828.12500
1598.00000,41799.68359
1598.50000,41769.83984
1599.00000,41746.10547
1599.50000,41732.07813
1600.00000,41723.83594
1600.50000,41714.49609
1601.00000,41699.54688
1601.50000,41682.65234
1602.00000,41669.89063
1602.50000,41665.18359
1603.00000,41665.19531
1603.50000,41665.40234
1604.00000,41663.76563
1604.50000,41663.86328
1605.00000,41672.95313
1605.50000,41690.36328
1606.00000,41708.71094
1606.50000,41713.29297
1607.00000,41695.90234
1607.50000,41655.28906
1608.00000,41608.80859
1608.50000,41577.73438
1609.00000,41580.85938
1609.50000,41608.60547
1610.00000,41643.10547
1610.50000,41659.82422
1611.00000,41649.51953
1611.50000,41618.91797
1612.00000,41590.79688
1612.50000,41578.67188
1613.00000,41584.54688
1613.50000,41591.74219
1614.00000,41586.75781
1614.50000,41566.38672
1615.00000,41543.85156
1615.50000,41533.39844
1616.00000,41537.53906
1616.50000,41548.16406
1617.00000,41552.41797
1617.50000,41545.91016
1618.00000,41534.13281
1618.50000,41528.54688
1619.00000,41533.05078
1619.50000,41542.88672
1620.00000,41546.01563
1620.50000,41534.80078
1621.00000,41508.96094
1621.50000,41483.10938
1622.00000,41470.12109
1622.50000,41475.81641
1623.00000,41494.19922
1623.50000,41515.46484
1624.00000,41528.94922
1624.50000,41530.05469
1625.00000,41518.01172
1625.50000,41497.25000
1626.00000,41469.93359
1626.50000,41440.83594
1627.00000,41416.43359
1627.50000,41406.76953
1628.00000,41411.49609
1628.50000,41425.12500
1629.00000,41437.21094
1629.50000,41440.53125
1630.00000,41434.67188
1630.50000,41427.68359
1631.00000,41427.23828
1631.50000,41436.73047
1632.00000,41452.24609
1632.50000,41472.10547
1633.00000,41498.03125
1633.50000,41530.14453
1634.00000,41562.05859
1634.50000,41578.94141
1635.00000,41569.89844
1635.50000,41528.40625
1636.00000,41473.32031
1636.50000,41424.83203
1637.00000,41401.66016
1637.50000,41399.23047
1638.00000,41406.91406
1638.50000,41412.73828
1639.00000,41414.83594
1639.50000,41420.46484
1640.00000,41436.90625
1640.50000,41464.98438
1641.00000,41497.53125
1641.50000,41525.46484
1642.00000,41541.05469
1642.50000,41542.20703
1643.00000,41529.14063
1643.50000,41502.43750
1644.00000,41471.20313
1644.50000,41444.36328
1645.00000,41431.18750
1645.50000,41432.61328
1646.00000,41444.68359
1646.50000,41456.19531
1647.00000,41460.83203
1647.50000,41457.92969
1648.00000,41452.79688
1648.50000,41447.40234
1649.00000,41439.22266
1649.50000,41425.16406
1650.00000,41407.71875
1650.50000,41397.42578
1651.00000,41404.43750
1651.50000,41434.05469
1652.00000,41472.35547
1652.50000,41499.10547
1653.00000,41498.80859
1653.50000,41473.95703
1654.00000,41435.54688
1654.50000,41402.37500
1655.00000,41384.56641
1655.50000,41384.30078
1656.00000,41390.66406
1656.50000,41397.66797
1657.00000,41404.30078
1657.50000,41413.38281
1658.00000,41427.96094
1658.50000,41445.05078
1659.00000,41458.83594
1659.50000,41463.87500
1660.00000,41461.67578
1660.50000,41456.30859
1661.00000,41452.67578
1661.50000,41450.76563
1662.00000,41444.35547
1662.50000,41428.71875
1663.00000,41403.75391
1663.50000,41376.50000
1664.00000,41356.72266
1664.50000,41352.29688
1665.00000,41359.31250
1665.50000,41370.02734
1666.00000,41378.05078
1666.50000,41382.36328
1667.00000,41384.25391
1667.50000,41383.60938
1668.00000,41377.85938
1668.50000,41362.99219
1669.00000,41340.77734
1669.50000,41317.42969
1670.00000,41302.89453
1670.50000,41301.58984
1671.00000,41313.53516
1671.50000,41334.69531
1672.00000,41359.47656
1672.50000,41384.21875
1673.00000,41405.48828
1673.50000,41420.38672
1674.00000,41426.46875
1674.50000,41427.08594
1675.00000,41426.51563
1675.50000,41430.10938
1676.00000,41439.63281
1676.50000,41452.91406
1677.00000,41463.05859
1677.50000,41464.44141
1678.00000,41452.24219
1678.50000,41430.41406
1679.00000,41404.80078
1679.50000,41385.35938
1680.00000,41378.21094
1680.50000,41388.07422
1681.00000,41410.00391
1681.50000,41437.49219
1682.00000,41462.30469
1682.50000,41479.66016
1683.00000,41488.89453
1683.50000,41494.26563
1684.00000,41501.61719
1684.50000,41516.20703
1685.00000,41536.33203
1685.50000,41554.83203
1686.00000,41560.54297
1686.50000,41549.29688
1687.00000,41521.10547
1687.50000,41486.56641
1688.00000,41459.45313
1688.50000,41453.17578
1689.00000,41466.94141
1689.50000,41495.78906
1690.00000,41528.76953
1690.50000,41553.11328
1691.00000,41558.91406
1691.50000,41548.16016
1692.00000,41529.87891
1692.50000,41516.37891
1693.00000,41515.48828
1693.50000,41529.90625
1694.00000,41555.69531
1694.50000,41586.18359
1695.00000,41618.50781
1695.50000,41649.12500
1696.00000,41672.90625
1696.50000,41678.30078
1697.00000,41667.52344
1697.50000,41648.41797
1698.00000,41637.97656
1698.50000,41647.81250
1699.00000,41680.61719
1699.50000,41718.07422
1700.00000,41739.98047
1700.50000,41729.69922
1701.00000,41696.12500
1701.50000,41653.39844
1702.00000,41622.58594
1702.50000,41614.28516
1703.00000,41631.98438
1703.50000,41665.43359
1704.00000,41703.75781
1704.50000,41736.37500
1705.00000,41758.54297
1705.50000,41769.50781
1706.00000,41771.91016
1706.50000,41770.64844
1707.00000,41771.23047
1707.50000,41779.36719
1708.00000,41797.24609
1708.50000,41821.37891
1709.00000,41842.16406
1709.50000,41851.43750
1710.00000,41849.77734
1710.50000,41848.73438
1711.00000,41863.27734
1711.50000,41893.36719
1712.00000,41926.96094
1712.50000,41942.38281
1713.00000,41929.50781
1713.50000,41893.79688
1714.00000,41858.08203
1714.50000,41839.86719
1715.00000,41848.11328
1715.50000,41870.01953
1716.00000,41891.68359
1716.50000,41905.07422
1717.00000,41914.95313
1717.50000,41929.72656
1718.00000,41953.75391
1718.50000,41982.97266
1719.00000,42007.93359
1719.50000,42024.65234
1720.00000,42035.94922
1720.50000,42049.68359
1721.00000,42070.25000
1721.50000,42094.51953
1722.00000,42113.23047
1722.50000,42121.85938
1723.00000,42121.14453
1723.50000,42119.37500
1724.00000,42120.64453
1724.50000,42122.64063
1725.00000,42121.73047
1725.50000,42119.04688
1726.00000,42121.14844
1726.50000,42132.78516
1727.00000,42152.17578
1727.50000,42169.22656
1728.00000,42178.86719
1728.50000,42183.61719
1729.00000,42190.30469
1729.50000,42201.47656
1730.00000,42210.92578
1730.50000,42213.43750
1731.00000,42210.05859
1731.50000,42210.80859
1732.00000,42225.97656
1732.50000,42256.80469
1733.00000,42295.73828
1733.50000,42336.65625
1734.00000,42375.18359
1734.50000,42408.48438
1735.00000,42431.57422
1735.50000,42445.03516
1736.00000,42451.69531
1736.50000,42458.22266
1737.00000,42467.66406
1737.50000,42475.37891
1738.00000,42475.34766
1738.50000,42468.09375
1739.00000,42461.78906
1739.50000,42464.20313
1740.00000,42476.28516
