280.00000,6077.11670
280.50000,6075.61572
281.00000,6069.91602
281.50000,6067.91504
282.00000,6073.85010
282.50000,6087.89307
283.00000,6101.90479
283.50000,6108.40088
284.00000,6103.93115
284.50000,6092.76318
285.00000,6080.03027
285.50000,6071.57715
286.00000,6069.95801
286.50000,6074.29492
287.00000,6080.75146
287.50000,6087.24658
288.00000,6092.64111
288.50000,6097.04590
289.00000,6100.45508
289.50000,6102.79004
290.00000,6104.02246
290.50000,6104.42383
291.00000,6105.09082
291.50000,6107.14209
292.00000,6111.43604
292.50000,6116.90186
293.00000,6122.24121
293.50000,6126.46094
294.00000,6129.47412
294.50000,6131.80615
295.00000,6134.49951
295.50000,6137.66016
296.00000,6140.30322
296.50000,6141.31348
297.00000,6139.56494
297.50000,6135.33203
298.00000,6129.81543
298.50000,6124.94482
299.00000,6121.69141
299.50000,6120.38037
300.00000,6120.69434
300.50000,6121.89795
301.00000,6123.91943
301.50000,6127.12402
302.00000,6132.13916
302.50000,6139.94531
303.00000,6150.03467
303.50000,6161.64551
304.00000,6172.59570
304.50000,6180.24561
305.00000,6181.80225
305.50000,6177.11914
306.00000,6167.23047
306.50000,6154.34424
307.00000,6142.72607
307.50000,6136.27588
308.00000,6136.38672
308.50000,6141.76904
309.00000,6151.08984
309.50000,6161.58545
310.00000,6171.56299
310.50000,6179.88232
311.00000,6186.52197
311.50000,6190.50586
312.00000,6190.57129
312.50000,6186.05078
313.00000,6176.04980
313.50000,6163.48828
314.00000,6152.72607
314.50000,6148.62207
315.00000,6152.51416
315.50000,6164.91064
316.00000,6182.43848
316.50000,6199.97705
317.00000,6212.44873
317.50000,6219.11865
318.00000,6220.60498
318.50000,6218.86523
319.00000,6216.68262
319.50000,6215.75293
320.00000,6216.09912
320.50000,6216.77734
321.00000,6216.84180
321.50000,6216.02197
322.00000,6214.52734
322.50000,6213.11426
323.00000,6212.55664
323.50000,6213.19434
324.00000,6214.68018
324.50000,6216.43457
325.00000,6217.78076
325.50000,6218.42285
326.00000,6218.48291
326.50000,6218.69873
327.00000,6219.69824
327.50000,6221.92969
328.00000,6225.04102
328.50000,6228.24902
329.00000,6230.08154
329.50000,6229.89014
330.00000,6227.43701
330.50000,6223.13330
331.00000,6217.95703
331.50000,6212.80469
332.00000,6208.66846
332.50000,6206.44043
333.00000,6207.41211
333.50000,6211.78809
334.00000,6220.11865
334.50000,6231.81738
335.00000,6245.01123
335.50000,6256.81299
336.00000,6265.12988
336.50000,6269.27588
337.00000,6269.50195
337.50000,6268.21289
338.00000,6267.46680
338.50000,6268.88916
339.00000,6272.07324
339.50000,6275.58740
340.00000,6277.87158
340.50000,6278.14111
341.00000,6276.43311
341.50000,6274.23193
342.00000,6273.19287
342.50000,6274.05225
343.00000,6276.35791
343.50000,6279.16357
344.00000,6281.17578
344.50000,6281.56445
345.00000,6280.09375
345.50000,6278.08252
346.00000,6276.88086
346.50000,6277.55469
347.00000,6280.37012
347.50000,6285.34668
348.00000,6291.13086
348.50000,6296.48096
349.00000,6300.63965
349.50000,6304.01611
350.00000,6307.65576
350.50000,6312.98730
351.00000,6320.94092
351.50000,6332.48682
352.00000,6345.51953
352.50000,6358.20068
353.00000,6368.51904
353.50000,6375.76855
354.00000,6379.66260
354.50000,6381.67480
355.00000,6383.65771
355.50000,6387.15283
356.00000,6392.11572
356.50000,6397.91650
357.00000,6403.14014
357.50000,6406.47949
358.00000,6406.22656
358.50000,6402.85352
359.00000,6397.34766
359.50000,6391.02734
360.00000,6385.59766
360.50000,6382.48584
361.00000,6382.64600
361.50000,6385.63965
362.00000,6390.57324
362.50000,6395.98779
363.00000,6400.90381
363.50000,6404.56494
364.00000,6407.04590
364.50000,6408.26709
365.00000,6408.16260
365.50000,6406.49561
366.00000,6402.48389
366.50000,6396.44434
367.00000,6389.25049
367.50000,6383.01660
368.00000,6380.31006
368.50000,6383.13574
369.00000,6391.18311
369.50000,6402.16455
370.00000,6412.94629
370.50000,6420.32715
371.00000,6422.09229
371.50000,6417.96826
372.00000,6411.39746
372.50000,6405.15771
373.00000,6401.63281
373.50000,6401.52783
374.00000,6404.95801
374.50000,6409.89404
375.00000,6414.64258
375.50000,6417.92871
376.00000,6419.41211
376.50000,6418.58984
377.00000,6415.43945
377.50000,6410.11963
378.00000,6402.41309
378.50000,6393.77295
379.00000,6385.30273
379.50000,6378.31787
380.00000,6373.48877
380.50000,6371.61963
381.00000,6372.72314
381.50000,6376.60156
382.00000,6383.31055
382.50000,6391.68994
383.00000,6400.61133
383.50000,6408.14844
384.00000,6412.68652
384.50000,6412.37207
385.00000,6408.36426
385.50000,6403.46191
386.00000,6401.31641
386.50000,6403.94385
387.00000,6412.34375
387.50000,6424.93018
388.00000,6437.68896
388.50000,6446.01904
389.00000,6448.28027
389.50000,6444.87402
390.00000,6437.41113
390.50000,6429.54932
391.00000,6424.11035
391.50000,6422.98535
392.00000,6425.27783
392.50000,6429.57129
393.00000,6433.68408
393.50000,6436.14502
394.00000,6435.88818
394.50000,6433.57324
395.00000,6430.29053
395.50000,6427.87500
396.00000,6427.35254
396.50000,6429.48535
397.00000,6433.47510
397.50000,6438.36426
398.00000,6442.96924
398.50000,6446.60107
399.00000,6449.29980
399.50000,6451.62598
400.00000,6454.02734
400.50000,6456.65527
401.00000,6459.27930
401.50000,6461.61084
402.00000,6463.51367
402.50000,6465.30029
403.00000,6467.14404
403.50000,6468.87939
404.00000,6470.06592
404.50000,6469.98584
405.00000,6468.82959
405.50000,6467.65137
406.00000,6468.52441
406.50000,6472.59961
407.00000,6480.53320
407.50000,6490.71191
408.00000,6500.62207
408.50000,6506.54736
409.00000,6506.93311
409.50000,6502.00049
410.00000,6493.74805
410.50000,6485.24512
411.00000,6479.34277
411.50000,6477.75488
412.00000,6481.09766
412.50000,6490.72363
413.00000,6504.40381
413.50000,6521.03613
414.00000,6538.37207
414.50000,6553.71631
415.00000,6563.58936
415.50000,6566.28564
416.00000,6561.41699
416.50000,6550.65771
417.00000,6538.36426
417.50000,6527.70947
418.00000,6521.10205
418.50000,6518.73828
419.00000,6520.45117
419.50000,6524.43018
420.00000,6529.62646
420.50000,6536.21094
421.00000,6544.52344
421.50000,6555.27686
422.00000,6568.46484
422.50000,6583.18555
423.00000,6598.08887
423.50000,6611.43018
424.00000,6621.86182
424.50000,6627.65088
425.00000,6628.63721
425.50000,6624.00439
426.00000,6614.56836
426.50000,6602.59033
427.00000,6591.82227
427.50000,6585.50488
428.00000,6585.61133
428.50000,6592.68018
429.00000,6603.64014
429.50000,6615.32471
430.00000,6624.20459
430.50000,6628.92334
431.00000,6630.00391
431.50000,6630.09033
432.00000,6630.83887
432.50000,6632.92236
433.00000,6635.40869
433.50000,6636.64063
434.00000,6635.32568
434.50000,6631.91357
435.00000,6627.48926
435.50000,6623.49561
436.00000,6620.54004
436.50000,6618.46973
437.00000,6616.60693
437.50000,6614.85693
438.00000,6614.21631
438.50000,6615.96582
439.00000,6621.65625
439.50000,6630.20752
440.00000,6639.97754
440.50000,6648.15918
441.00000,6652.62256
441.50000,6652.11328
442.00000,6648.74951
442.50000,6644.78467
443.00000,6642.35449
443.50000,6641.94678
444.00000,6643.11523
444.50000,6644.38379
445.00000,6644.40527
445.50000,6642.77832
446.00000,6640.55420
446.50000,6638.95410
447.00000,6639.30762
447.50000,6641.68115
448.00000,6645.78125
448.50000,6650.42041
449.00000,6654.26611
449.50000,6656.26660
450.00000,6656.47852
450.50000,6655.28564
451.00000,6653.35059
451.50000,6651.57324
452.00000,6650.60547
452.50000,6650.74316
453.00000,6651.65381
453.50000,6652.94482
454.00000,6654.02588
454.50000,6654.40674
455.00000,6653.59033
455.50000,6651.64209
456.00000,6648.76660
456.50000,6645.96094
457.00000,6644.28516
457.50000,6644.95264
458.00000,6647.72119
458.50000,6651.80615
459.00000,6655.45703
459.50000,6656.95898
460.00000,6654.68945
460.50000,6649.69580
461.00000,6643.91406
461.50000,6639.61914
462.00000,6637.82910
462.50000,6638.66016
463.00000,6641.20313
463.50000,6644.11328
464.00000,6647.20654
464.50000,6651.39063
465.00000,6657.50488
465.50000,6665.83252
466.00000,6674.32324
466.50000,6680.13330
467.00000,6680.07031
467.50000,6673.50586
468.00000,6662.17480
468.50000,6650.94385
469.00000,6643.67676
469.50000,6643.93750
470.00000,6650.27588
470.50000,6660.61475
471.00000,6671.10791
471.50000,6678.45654
472.00000,6680.82031
472.50000,6679.28369
473.00000,6675.31982
473.50000,6670.37695
474.00000,6665.78613
474.50000,6662.15771
475.00000,6659.57520
475.50000,6657.62109
476.00000,6655.87598
476.50000,6654.12598
477.00000,6652.59521
477.50000,6652.08936
478.00000,6653.27686
478.50000,6656.91309
479.00000,6662.83398
479.50000,6669.71191
480.00000,6675.81104
480.50000,6680.13721
481.00000,6682.47559
481.50000,6683.20068
482.00000,6683.27783
482.50000,6682.94580
483.00000,6681.75586
483.50000,6679.16211
484.00000,6675.23145
484.50000,6671.55371
485.00000,6670.05469
485.50000,6672.53467
486.00000,6678.20654
486.50000,6684.87402
487.00000,6688.41504
487.50000,6686.24365
488.00000,6677.61719
488.50000,6666.58398
489.00000,6657.35547
489.50000,6654.28174
490.00000,6657.96094
490.50000,6667.49609
491.00000,6678.47754
491.50000,6686.86523
492.00000,6689.75293
492.50000,6688.34961
493.00000,6684.02246
493.50000,6678.72852
494.00000,6673.89209
494.50000,6670.05859
495.00000,6667.07520
495.50000,6664.81592
496.00000,6663.71240
496.50000,6663.92236
497.00000,6665.68652
497.50000,6668.87402
498.00000,6672.99707
498.50000,6678.01172
499.00000,6684.07324
499.50000,6691.45605
500.00000,6700.06982
500.50000,6708.57813
501.00000,6714.95850
501.50000,6716.88574
502.00000,6713.56396
502.50000,6704.46875
503.00000,6692.38086
503.50000,6680.75684
504.00000,6673.19482
504.50000,6670.41943
505.00000,6672.49512
505.50000,6677.85352
506.00000,6684.64063
506.50000,6692.20215
507.00000,6700.77490
507.50000,6711.13721
508.00000,6723.23535
508.50000,6735.11377
509.00000,6743.72412
509.50000,6746.19092
510.00000,6741.83740
510.50000,6730.69287
511.00000,6717.00928
511.50000,6705.11475
512.00000,6698.81445
512.50000,6698.18311
513.00000,6702.83105
513.50000,6710.63184
514.00000,6719.62500
514.50000,6728.53955
515.00000,6736.54932
515.50000,6742.67627
516.00000,6745.74121
516.50000,6745.68262
517.00000,6742.62646
517.50000,6738.25781
518.00000,6734.37207
518.50000,6732.44531
519.00000,6731.83105
519.50000,6730.76367
520.00000,6726.91064
520.50000,6720.50781
521.00000,6713.67480
521.50000,6710.03711
522.00000,6712.04248
522.50000,6721.18652
523.00000,6733.39209
523.50000,6743.75439
524.00000,6746.33008
524.50000,6740.75684
525.00000,6728.79639
525.50000,6715.92627
526.00000,6706.55566
526.50000,6704.16162
527.00000,6706.96973
527.50000,6712.35400
528.00000,6716.43066
528.50000,6717.24951
529.00000,6714.86230
529.50000,6711.33838
530.00000,6708.32275
530.50000,6706.77002
531.00000,6706.07568
531.50000,6705.30273
532.00000,6703.70166
532.50000,6701.64160
533.00000,6700.57959
533.50000,6701.68896
534.00000,6705.33887
534.50000,6710.89551
535.00000,6716.24561
535.50000,6719.10205
536.00000,6717.80811
536.50000,6712.37549
537.00000,6703.68994
537.50000,6694.55029
538.00000,6686.85400
538.50000,6682.04199
539.00000,6679.76904
539.50000,6679.54395
540.00000,6680.31104
540.50000,6681.37354
541.00000,6682.73682
541.50000,6684.66650
542.00000,6687.28125
542.50000,6690.20605
543.00000,6692.59229
543.50000,6693.35986
544.00000,6691.93799
544.50000,6688.49414
545.00000,6683.40527
545.50000,6678.00098
546.00000,6673.24561
546.50000,6669.88623
547.00000,6668.13428
547.50000,6668.63428
548.00000,6671.71680
548.50000,6677.54004
549.00000,6686.55518
549.50000,6697.24414
550.00000,6707.56494
550.50000,6714.64063
551.00000,6717.04199
551.50000,6713.68604
552.00000,6706.45801
552.50000,6698.08203
553.00000,6691.90918
553.50000,6689.53320
554.00000,6691.29688
554.50000,6695.26465
555.00000,6698.64404
555.50000,6699.81689
556.00000,6699.29785
556.50000,6698.63721
557.00000,6699.80566
557.50000,6703.02881
558.00000,6707.07910
558.50000,6708.93701
559.00000,6706.22607
559.50000,6698.02637
560.00000,6687.23047
560.50000,6677.39209
561.00000,6672.69189
561.50000,6674.04785
562.00000,6681.24316
562.50000,6691.35840
563.00000,6700.80811
563.50000,6706.24854
564.00000,6707.56592
564.50000,6705.61621
565.00000,6701.96045
565.50000,6698.62500
566.00000,6697.09814
566.50000,6698.08398
567.00000,6701.23389
567.50000,6705.68506
568.00000,6709.32178
568.50000,6710.31445
569.00000,6707.45313
569.50000,6701.93359
570.00000,6695.76807
570.50000,6691.84912
571.00000,6691.88867
571.50000,6696.78076
572.00000,6703.66016
572.50000,6708.92432
573.00000,6709.08936
573.50000,6704.23779
574.00000,6695.88037
574.50000,6687.84326
575.00000,6683.29980
575.50000,6685.30176
576.00000,6692.47266
576.50000,6703.00195
577.00000,6713.67969
577.50000,6721.79102
578.00000,6725.44238
578.50000,6724.51270
579.00000,6719.48438
579.50000,6710.42871
580.00000,6699.29248
580.50000,6687.85303
581.00000,6678.87744
581.50000,6674.72510
582.00000,6678.29004
582.50000,6688.28027
583.00000,6702.07715
583.50000,6715.69092
584.00000,6725.20508
584.50000,6727.66943
585.00000,6722.55127
585.50000,6712.52246
586.00000,6700.71973
586.50000,6691.04736
587.00000,6685.43896
587.50000,6684.44141
588.00000,6686.06104
588.50000,6688.91602
589.00000,6691.86914
589.50000,6694.69043
590.00000,6697.84717
590.50000,6701.76904
591.00000,6706.43018
591.50000,6711.04395
592.00000,6714.56738
592.50000,6716.09277
593.00000,6715.41602
593.50000,6713.02100
594.00000,6709.27393
594.50000,6704.96289
595.00000,6700.54932
595.50000,6696.50439
596.00000,6693.26221
596.50000,6691.45166
597.00000,6691.34424
597.50000,6692.80811
598.00000,6695.77832
598.50000,6699.54834
599.00000,6703.71094
599.50000,6707.92285
600.00000,6711.90283
600.50000,6715.20068
601.00000,6717.21094
601.50000,6717.53613
602.00000,6715.70947
602.50000,6712.50879
603.00000,6708.65723
603.50000,6704.99316
604.00000,6701.86621
604.50000,6699.12744
605.00000,6696.22656
605.50000,6692.85693
606.00000,6689.31445
606.50000,6686.56689
607.00000,6685.52148
607.50000,6686.55420
608.00000,6688.96826
608.50000,6691.98682
609.00000,6694.84961
609.50000,6697.48828
610.00000,6700.48340
610.50000,6704.38184
611.00000,6709.23828
611.50000,6713.97607
612.00000,6717.27832
612.50000,6717.69141
613.00000,6715.14355
613.50000,6710.03223
614.00000,6702.58447
614.50000,6693.45605
615.00000,6682.37500
615.50000,6669.26465
616.00000,6655.02344
616.50000,6641.81494
617.00000,6632.04248
617.50000,6627.44482
618.00000,6629.10059
618.50000,6634.65625
619.00000,6641.87158
619.50000,6648.17090
620.00000,6652.50977
620.50000,6655.19141
621.00000,6658.25684
621.50000,6663.33350
622.00000,6670.89990
622.50000,6679.32275
623.00000,6686.35010
623.50000,6689.89697
624.00000,6689.44336
624.50000,6685.06055
625.00000,6679.17334
625.50000,6673.75049
626.00000,6670.37451
626.50000,6668.75781
627.00000,6667.80615
627.50000,6666.23193
628.00000,6663.60449
628.50000,6660.33301
629.00000,6657.69287
629.50000,6656.79834
630.00000,6658.22559
630.50000,6661.17285
631.00000,6664.62988
631.50000,6667.49268
632.00000,6669.47168
632.50000,6670.54248
633.00000,6670.90479
633.50000,6670.11816
634.00000,6667.45361
634.50000,6662.94336
635.00000,6657.27637
635.50000,6652.50293
636.00000,6650.61377
636.50000,6653.61523
637.00000,6659.65039
637.50000,6665.88379
638.00000,6669.01563
638.50000,6667.86768
639.00000,6662.58496
639.50000,6655.98486
640.00000,6650.61035
640.50000,6648.39600
641.00000,6648.59473
641.50000,6650.06592
642.00000,6651.76953
642.50000,6654.05518
643.00000,6658.63477
643.50000,6666.19336
644.00000,6675.95850
644.50000,6685.20020
645.00000,6690.66602
645.50000,6689.46387
646.00000,6681.34521
646.50000,6669.05273
647.00000,6656.19434
647.50000,6646.66699
648.00000,6642.36182
648.50000,6644.10547
649.00000,6650.05762
649.50000,6659.06006
650.00000,6669.09326
650.50000,6678.10010
651.00000,6683.34668
651.50000,6683.68848
652.00000,6678.71924
652.50000,6669.65088
653.00000,6660.25732
653.50000,6654.14063
654.00000,6652.92822
654.50000,6655.68604
655.00000,6660.44189
655.50000,6664.36523
656.00000,6666.23389
656.50000,6666.51221
657.00000,6667.12012
657.50000,6669.80566
658.00000,6674.65088
658.50000,6680.09229
659.00000,6683.70068
659.50000,6684.87500
660.00000,6684.41699
660.50000,6684.66504
661.00000,6687.63770
661.50000,6694.57568
662.00000,6704.10986
662.50000,6713.86084
663.00000,6720.78711
663.50000,6723.84082
664.00000,6722.68945
664.50000,6718.65088
665.00000,6713.53027
665.50000,6708.24658
666.00000,6703.23145
666.50000,6698.52051
667.00000,6694.14404
667.50000,6690.06494
668.00000,6686.31641
668.50000,6682.83643
669.00000,6679.54150
669.50000,6676.69336
670.00000,6674.90967
670.50000,6674.94043
671.00000,6677.74854
671.50000,6682.80371
672.00000,6689.37012
672.50000,6695.90723
673.00000,6701.04590
673.50000,6703.49121
674.00000,6703.39160
674.50000,6701.20996
675.00000,6697.49365
675.50000,6693.02930
676.00000,6687.98779
676.50000,6682.47412
677.00000,6676.79199
677.50000,6671.78076
678.00000,6668.50293
678.50000,6668.10889
679.00000,6671.65479
679.50000,6678.24609
680.00000,6686.67871
680.50000,6694.66650
681.00000,6700.38184
681.50000,6702.06934
682.00000,6700.96094
682.50000,6698.34912
683.00000,6695.67090
683.50000,6693.58252
684.00000,6691.80713
684.50000,6689.46387
685.00000,6685.96582
685.50000,6681.08594
686.00000,6675.71387
686.50000,6670.69971
687.00000,6666.79590
687.50000,6664.13330
688.00000,6663.01318
688.50000,6663.69287
689.00000,6666.42773
689.50000,6671.52783
690.00000,6677.55078
690.50000,6682.71338
691.00000,6684.93457
691.50000,6683.81738
692.00000,6680.04883
692.50000,6676.37695
693.00000,6675.29492
693.50000,6679.08789
694.00000,6686.09033
694.50000,6694.54639
695.00000,6702.54932
695.50000,6709.43408
696.00000,6715.35547
696.50000,6720.80615
697.00000,6725.41211
697.50000,6727.27881
698.00000,6725.05322
698.50000,6717.45459
699.00000,6705.36475
699.50000,6691.80029
700.00000,6680.50488
700.50000,6673.71143
701.00000,6672.07031
701.50000,6675.34766
702.00000,6681.03809
702.50000,6687.28809
703.00000,6692.21973
703.50000,6694.86475
704.00000,6694.47607
704.50000,6692.10791
705.00000,6689.17139
705.50000,6687.64209
706.00000,6688.53711
706.50000,6691.80957
707.00000,6695.94873
707.50000,6699.39941
708.00000,6701.18555
708.50000,6702.06006
709.00000,6703.20264
709.50000,6705.54883
710.00000,6708.42627
710.50000,6709.85840
711.00000,6707.76074
711.50000,6701.80273
712.00000,6693.48389
712.50000,6687.10645
713.00000,6686.00732
713.50000,6691.30225
714.00000,6699.64404
714.50000,6706.34570
715.00000,6707.17773
715.50000,6701.26855
716.00000,6690.21582
716.50000,6680.02148
717.00000,6675.86230
717.50000,6681.06836
718.00000,6693.35303
718.50000,6708.47168
719.00000,6720.02051
719.50000,6724.65918
720.00000,6720.91064
720.50000,6713.19971
721.00000,6705.64063
721.50000,6702.20264
722.00000,6703.67627
722.50000,6709.18115
723.00000,6715.17822
723.50000,6718.71680
724.00000,6717.49414
724.50000,6712.84082
725.00000,6706.85840
725.50000,6702.65283
726.00000,6701.66553
726.50000,6704.16650
727.00000,6708.06592
727.50000,6711.25439
728.00000,6711.78955
728.50000,6709.82715
729.00000,6706.28418
729.50000,6703.06641
730.00000,6701.64014
730.50000,6703.03613
731.00000,6706.41016
731.50000,6710.51611
732.00000,6713.67432
732.50000,6714.87646
733.00000,6713.47656
733.50000,6709.64355
734.00000,6704.13037
734.50000,6697.71680
735.00000,6691.70898
735.50000,6687.27002
736.00000,6685.57422
736.50000,6686.47461
737.00000,6689.70605
737.50000,6694.11963
738.00000,6698.69434
738.50000,6703.01270
739.00000,6707.51416
739.50000,6712.97412
740.00000,6719.88965
740.50000,6727.59424
741.00000,6734.71729
741.50000,6739.56494
742.00000,6741.12402
742.50000,6738.23730
743.00000,6732.17480
743.50000,6723.91309
744.00000,6714.92432
744.50000,6706.71680
745.00000,6700.85742
745.50000,6698.29492
746.00000,6699.46289
746.50000,6704.66943
747.00000,6711.94824
747.50000,6719.64404
748.00000,6725.81592
748.50000,6729.58252
749.00000,6730.59326
749.50000,6730.03906
750.00000,6729.22656
750.50000,6729.26953
751.00000,6730.15967
751.50000,6731.17871
752.00000,6731.10791
752.50000,6729.38672
753.00000,6726.27588
753.50000,6723.68115
754.00000,6723.55078
754.50000,6727.45313
755.00000,6733.80322
755.50000,6739.76807
756.00000,6741.43457
756.50000,6736.95605
757.00000,6725.97607
757.50000,6712.97803
758.00000,6703.00000
758.50000,6701.32959
759.00000,6707.60498
759.50000,6719.31348
760.00000,6730.57129
760.50000,6736.62402
761.00000,6734.89893
761.50000,6729.06396
762.00000,6723.20313
762.50000,6720.98682
763.00000,6722.29834
763.50000,6725.04150
764.00000,6725.89404
764.50000,6723.31055
765.00000,6717.42627
765.50000,6711.16309
766.00000,6706.91895
766.50000,6706.05957
767.00000,6707.48926
767.50000,6710.08105
768.00000,6713.30859
768.50000,6718.08301
769.00000,6726.56641
769.50000,6738.48389
770.00000,6752.11133
770.50000,6763.57617
771.00000,6769.73633
771.50000,6768.22754
772.00000,6760.74658
772.50000,6750.58789
773.00000,6741.14355
773.50000,6733.99219
774.00000,6728.86523
774.50000,6724.23730
775.00000,6719.05811
775.50000,6714.01270
776.00000,6711.35547
776.50000,6712.98926
777.00000,6720.23389
777.50000,6730.54883
778.00000,6741.27051
778.50000,6749.45166
779.00000,6754.01514
779.50000,6754.62939
780.00000,6752.84668
780.50000,6749.93164
781.00000,6746.68750
781.50000,6743.68604
782.00000,6741.60303
782.50000,6741.51611
783.00000,6744.18018
783.50000,6750.38770
784.00000,6758.66846
784.50000,6766.66016
785.00000,6771.26709
785.50000,6771.51660
786.00000,6767.50928
786.50000,6761.77734
787.00000,6757.59229
787.50000,6758.48877
788.00000,6765.04443
788.50000,6776.44287
789.00000,6790.37891
789.50000,6803.34863
790.00000,6812.35547
790.50000,6815.81396
791.00000,6814.10791
791.50000,6807.68506
792.00000,6799.26416
792.50000,6791.14844
793.00000,6785.87305
793.50000,6784.56152
794.00000,6788.33252
794.50000,6796.46484
795.00000,6807.14502
795.50000,6818.09570
796.00000,6826.80029
796.50000,6831.31104
797.00000,6830.36035
797.50000,6825.16943
798.00000,6817.18506
798.50000,6809.38330
799.00000,6804.44531
799.50000,6805.69727
800.00000,6812.79492
800.50000,6824.63867
801.00000,6837.45947
801.50000,6846.70020
802.00000,6848.03320
802.50000,6841.08691
803.00000,6828.37646
803.50000,6814.16504
804.00000,6803.33301
804.50000,6798.65234
805.00000,6799.81543
805.50000,6803.19678
806.00000,6804.89844
806.50000,6802.70264
807.00000,6797.15234
807.50000,6791.13525
808.00000,6788.48145
808.50000,6792.14941
809.00000,6802.60791
809.50000,6817.11816
810.00000,6832.15820
810.50000,6844.35693
811.00000,6852.15527
811.50000,6855.00928
812.00000,6855.13037
812.50000,6854.20264
813.00000,6853.73486
813.50000,6854.08838
814.00000,6854.81982
814.50000,6855.15869
815.00000,6855.02734
815.50000,6855.56738
816.00000,6858.48486
816.50000,6865.70264
817.00000,6877.29541
817.50000,6891.03271
818.00000,6903.08545
818.50000,6909.95703
819.00000,6909.91211
819.50000,6903.73340
820.00000,6895.62842
820.50000,6889.39063
821.00000,6887.50537
821.50000,6889.84473
822.00000,6895.37305
822.50000,6901.53662
823.00000,6906.99219
823.50000,6911.16553
824.00000,6914.23926
824.50000,6915.66309
825.00000,6914.35059
825.50000,6909.19775
826.00000,6898.62500
826.50000,6884.51953
827.00000,6869.39941
827.50000,6857.10889
828.00000,6850.05713
828.50000,6849.70313
829.00000,6853.93311
829.50000,6860.05566
830.00000,6865.94922
830.50000,6871.09863
831.00000,6876.49365
831.50000,6883.88623
832.00000,6893.89307
832.50000,6906.06592
833.00000,6917.94189
833.50000,6926.90576
834.00000,6929.79834
834.50000,6926.92920
835.00000,6918.90674
835.50000,6908.15625
836.00000,6897.84131
836.50000,6891.27441
837.00000,6890.25049
837.50000,6895.36816
838.00000,6906.53271
838.50000,6919.98633
839.00000,6931.84326
839.50000,6938.13281
840.00000,6937.57959
840.50000,6930.12158
841.00000,6920.20410
841.50000,6912.55908
842.00000,6912.41016
842.50000,6920.35986
843.00000,6935.69678
843.50000,6954.36328
844.00000,6971.93359
844.50000,6984.69678
845.00000,6992.56250
845.50000,6996.94141
846.00000,7000.36426
846.50000,7005.18408
847.00000,7012.50732
847.50000,7021.70850
848.00000,7031.22900
848.50000,7039.13086
849.00000,7044.55322
849.50000,7047.36670
850.00000,7048.25977
850.50000,7048.91992
851.00000,7051.03711
851.50000,7055.73145
852.00000,7062.90527
852.50000,7071.56787
853.00000,7079.19873
853.50000,7083.27197
854.00000,7081.57275
854.50000,7074.75000
855.00000,7064.18848
855.50000,7053.53467
856.00000,7046.15771
856.50000,7046.06592
857.00000,7052.85693
857.50000,7065.60498
858.00000,7081.13818
858.50000,7095.32129
859.00000,7104.34521
859.50000,7107.12695
860.00000,7105.12207
860.50000,7101.26660
861.00000,7099.44141
861.50000,7102.18164
862.00000,7110.05273
862.50000,7121.00732
863.00000,7132.82080
863.50000,7143.37402
864.00000,7151.91748
864.50000,7158.43896
865.00000,7164.08203
865.50000,7169.59619
866.00000,7175.62256
866.50000,7182.46143
867.00000,7190.32129
867.50000,7198.59912
868.00000,7206.16064
868.50000,7211.12451
869.00000,7213.02979
869.50000,7212.52002
870.00000,7212.57178
870.50000,7216.46045
871.00000,7227.33008
871.50000,7243.26318
872.00000,7260.23096
872.50000,7272.78809
873.00000,7278.77148
873.50000,7278.38428
874.00000,7275.70117
874.50000,7275.03467
875.00000,7279.52832
875.50000,7287.73291
876.00000,7296.64941
876.50000,7302.14453
877.00000,7302.26611
877.50000,7295.95117
878.00000,7284.79150
878.50000,7271.31543
879.00000,7258.18115
879.50000,7247.80957
880.00000,7242.10547
880.50000,7242.25684
881.00000,7246.66357
881.50000,7253.31738
882.00000,7258.99463
882.50000,7261.50928
883.00000,7259.10059
883.50000,7253.27539
884.00000,7245.53955
884.50000,7237.75781
885.00000,7231.10986
885.50000,7226.24121
886.00000,7222.78320
886.50000,7219.89697
887.00000,7216.28613
887.50000,7211.06836
888.00000,7203.96289
888.50000,7195.96826
889.00000,7188.91406
889.50000,7184.70117
890.00000,7183.39551
890.50000,7183.72510
891.00000,7183.73828
891.50000,7182.40771
892.00000,7180.32080
892.50000,7179.43115
893.00000,7180.90576
893.50000,7184.15771
894.00000,7185.84619
894.50000,7182.48535
895.00000,7171.20605
895.50000,7154.99854
896.00000,7138.57373
896.50000,7128.14111
897.00000,7126.78369
897.50000,7135.81982
898.00000,7150.30615
898.50000,7165.39111
899.00000,7176.04443
899.50000,7180.49023
900.00000,7178.01172
900.50000,7170.66602
901.00000,7161.80469
901.50000,7154.96924
902.00000,7152.18262
902.50000,7153.76465
903.00000,7158.11133
903.50000,7161.88770
904.00000,7162.45654
904.50000,7159.47217
905.00000,7154.97168
905.50000,7152.20801
906.00000,7153.03711
906.50000,7157.34961
907.00000,7162.86963
907.50000,7166.70361
908.00000,7167.27686
908.50000,7165.85742
909.00000,7165.12061
909.50000,7168.30566
910.00000,7175.60547
910.50000,7185.93457
911.00000,7196.90576
911.50000,7206.64404
912.00000,7214.66309
912.50000,7222.09131
913.00000,7229.97314
913.50000,7238.57031
914.00000,7246.85986
914.50000,7253.62256
915.00000,7258.17578
915.50000,7261.28418
916.00000,7264.05029
916.50000,7267.35840
917.00000,7270.93213
917.50000,7273.13379
918.00000,7272.56641
918.50000,7268.38379
919.00000,7261.63525
919.50000,7255.03223
920.00000,7251.82910
920.50000,7253.45801
921.00000,7259.44873
921.50000,7267.85449
922.00000,7275.37598
922.50000,7279.87842
923.00000,7281.14648
923.50000,7281.04199
924.00000,7281.94189
924.50000,7285.21338
925.00000,7290.59668
925.50000,7296.46973
926.00000,7300.94824
926.50000,7303.24805
927.00000,7304.43408
927.50000,7306.42480
928.00000,7310.99414
928.50000,7317.65771
929.00000,7324.88086
929.50000,7330.95703
930.00000,7336.05762
930.50000,7342.20898
931.00000,7352.17871
931.50000,7366.82373
932.00000,7385.05908
932.50000,7402.37207
933.00000,7414.82813
933.50000,7420.20313
934.00000,7421.41309
934.50000,7422.63623
935.00000,7427.86963
935.50000,7437.65039
936.00000,7449.78467
936.50000,7459.88232
937.00000,7465.42090
937.50000,7466.87012
938.00000,7468.16162
938.50000,7473.55615
939.00000,7484.69434
939.50000,7499.95068
940.00000,7515.94727
940.50000,7529.28711
941.00000,7538.86572
941.50000,7546.32080
942.00000,7555.11279
942.50000,7569.03809
943.00000,7589.68213
943.50000,7616.76807
944.00000,7649.84521
944.50000,7685.58887
945.00000,7721.60596
945.50000,7755.33203
946.00000,7785.58203
946.50000,7811.67334
947.00000,7835.14893
947.50000,7857.75195
948.00000,7880.79980
948.50000,7904.10303
949.00000,7926.18604
949.50000,7945.13477
950.00000,7960.46875
950.50000,7972.44727
951.00000,7983.32959
951.50000,7994.89258
952.00000,8007.98828
952.50000,8021.43701
953.00000,8033.16455
953.50000,8041.20410
954.00000,8045.46973
954.50000,8047.06201
955.00000,8049.30518
955.50000,8055.23193
956.00000,8067.49512
956.50000,8084.82178
957.00000,8105.02002
957.50000,8124.24463
958.00000,8139.82471
958.50000,8150.00391
959.00000,8156.50488
959.50000,8160.79492
960.00000,8163.13232
960.50000,8162.34863
961.00000,8155.24658
961.50000,8140.35303
962.00000,8119.49414
962.50000,8096.77979
963.00000,8077.83105
963.50000,8065.65381
964.00000,8059.26074
964.50000,8052.83643
965.00000,8039.83008
965.50000,8017.08105
966.00000,7986.34229
966.50000,7951.83643
967.00000,7919.83350
967.50000,7894.03564
968.00000,7875.85303
968.50000,7863.40576
969.00000,7856.21973
969.50000,7853.26514
970.00000,7853.70166
970.50000,7856.33203
971.00000,7858.21680
971.50000,7856.87305
972.00000,7851.16504
972.50000,7842.78516
973.00000,7834.07129
973.50000,7826.91504
974.00000,7821.38721
974.50000,7816.41357
975.00000,7810.89551
975.50000,7805.14893
976.00000,7800.86768
976.50000,7799.52881
977.00000,7802.43115
977.50000,7808.79199
978.00000,7817.85254
978.50000,7829.74072
979.00000,7844.07178
979.50000,7860.49268
980.00000,7876.92041
980.50000,7890.56641
981.00000,7898.36865
981.50000,7901.18018
982.00000,7901.98145
982.50000,7905.72461
983.00000,7915.34668
983.50000,7931.79346
984.00000,7952.30225
984.50000,7973.02490
985.00000,7991.25391
985.50000,8007.54199
986.00000,8024.29736
986.50000,8045.20166
987.00000,8071.72559
987.50000,8104.49805
988.00000,8141.32813
988.50000,8179.06250
989.00000,8214.54785
989.50000,8246.70703
990.00000,8276.34082
990.50000,8306.79395
991.00000,8342.16504
991.50000,8386.88867
992.00000,8441.62012
992.50000,8503.60059
993.00000,8569.11133
993.50000,8633.39551
994.00000,8694.54590
994.50000,8753.24707
995.00000,8812.22070
995.50000,8873.97949
996.00000,8939.16797
996.50000,9006.94238
997.00000,9076.61230
997.50000,9147.54980
998.00000,9220.49707
998.50000,9296.39746
999.00000,9374.71777
999.50000,9453.81152
1000.00000,9530.45313
1000.50000,9601.48633
1001.00000,9662.08887
1001.50000,9711.92383
1002.00000,9749.34961
1002.50000,9774.51465
1003.00000,9790.37109
1003.50000,9797.61328
1004.00000,9798.35547
1004.50000,9792.80469
1005.00000,9778.49121
1005.50000,9755.47559
1006.00000,9722.50781
1006.50000,9680.31348
1007.00000,9631.32715
1007.50000,9575.50586
1008.00000,9513.45410
1008.50000,9444.67676
1009.00000,9368.73438
1009.50000,9289.26953
1010.00000,9210.29688
1010.50000,9135.80078
1011.00000,9066.39453
1011.50000,9000.43359
1012.00000,8933.95508
1012.50000,8865.18164
1013.00000,8795.82324
1013.50000,8730.48633
1014.00000,8674.47559
1014.50000,8629.20703
1015.00000,8591.22266
1015.50000,8555.76563
1016.00000,8518.24316
1016.50000,8478.17871
1017.00000,8439.03320
1017.50000,8405.18457
1018.00000,8380.17480
1018.50000,8362.82715
1019.00000,8349.01074
1019.50000,8334.05859
1020.00000,8315.23340
1020.50000,8292.14063
1021.00000,8266.38867
1021.50000,8240.78027
1022.00000,8217.72949
1022.50000,8198.54785
1023.00000,8183.28418
1023.50000,8171.69824
1024.00000,8161.15625
1024.50000,8149.25293
1025.00000,8133.95752
1025.50000,8115.85840
1026.00000,8097.29395
1026.50000,8081.77051
1027.00000,8071.14014
1027.50000,8065.55957
1028.00000,8061.04932
1028.50000,8054.22900
1029.00000,8043.46240
1029.50000,8030.74268
1030.00000,8019.68359
1030.50000,8012.92383
1031.00000,8010.30762
1031.50000,8009.36377
1032.00000,8006.47559
1032.50000,7999.80371
1033.00000,7990.13818
1033.50000,7980.01172
1034.00000,7971.40137
1034.50000,7964.21484
1035.00000,7957.15820
1035.50000,7948.97949
1036.00000,7940.39795
1036.50000,7933.79541
1037.00000,7931.99316
1037.50000,7935.57861
1038.00000,7943.76074
1038.50000,7952.49951
1039.00000,7958.23340
1039.50000,7958.05469
1040.00000,7953.14355
1040.50000,7945.69824
1041.00000,7939.36035
1041.50000,7936.48877
1042.00000,7938.28125
1042.50000,7942.39014
1043.00000,7946.07910
1043.50000,7946.75244
1044.00000,7944.71436
1044.50000,7942.20410
1045.00000,7942.85498
1045.50000,7948.60449
1046.00000,7959.73975
1046.50000,7972.07617
1047.00000,7981.47900
1047.50000,7984.64258
1048.00000,7982.71338
1048.50000,7978.26123
1049.00000,7975.02051
1049.50000,7974.74121
1050.00000,7977.62646
1050.50000,7981.50488
1051.00000,7985.05713
1051.50000,7987.89795
1052.00000,7990.49609
1052.50000,7992.83447
1053.00000,7993.93506
1053.50000,7992.51270
1054.00000,7987.14014
1054.50000,7979.34717
1055.00000,7971.14893
1055.50000,7964.94971
1056.00000,7961.40479
1056.50000,7960.04736
1057.00000,7959.21436
1057.50000,7958.15527
1058.00000,7957.68018
1058.50000,7959.32129
1059.00000,7964.44971
1059.50000,7972.73096
1060.00000,7981.80225
1060.50000,7988.60156
1061.00000,7991.27637
1061.50000,7989.69922
1062.00000,7984.95996
1062.50000,7979.94385
1063.00000,7976.86719
1063.50000,7977.07422
1064.00000,7980.17236
1064.50000,7985.19629
1065.00000,7989.96191
1065.50000,7992.72412
1066.00000,7992.22656
1066.50000,7989.68408
1067.00000,7987.21338
1067.50000,7987.60889
1068.00000,7992.10645
1068.50000,8000.80713
1069.00000,8010.78467
1069.50000,8019.36865
1070.00000,8024.66797
1070.50000,8027.70508
1071.00000,8030.45215
1071.50000,8035.05371
1072.00000,8041.96777
1072.50000,8050.36182
1073.00000,8058.10596
1073.50000,8063.61133
1074.00000,8065.75684
1074.50000,8064.92139
1075.00000,8061.07813
1075.50000,8055.16406
1076.00000,8048.80420
1076.50000,8044.86572
1077.00000,8045.43799
1077.50000,8051.71338
1078.00000,8062.66943
1078.50000,8074.68750
1079.00000,8084.61377
1079.50000,8091.43408
1080.00000,8096.52002
1080.50000,8102.19775
1081.00000,8109.33984
1081.50000,8116.68555
1082.00000,8121.41943
1082.50000,8122.26807
1083.00000,8119.77490
1083.50000,8117.36670
1084.00000,8118.00977
1084.50000,8123.65918
1085.00000,8132.13525
1085.50000,8141.10840
1086.00000,8148.56201
1086.50000,8154.32715
1087.00000,8158.79346
1087.50000,8162.29834
1088.00000,8164.25586
1088.50000,8163.48438
1089.00000,8160.81445
1089.50000,8158.27295
1090.00000,8158.96875
1090.50000,8164.36377
1091.00000,8174.72607
1091.50000,8187.10693
1092.00000,8198.83008
1092.50000,8208.02051
1093.00000,8215.31445
1093.50000,8221.86523
1094.00000,8228.69727
1094.50000,8235.63672
1095.00000,8241.33203
1095.50000,8244.64746
1096.00000,8245.07422
1096.50000,8242.81934
1097.00000,8239.48926
1097.50000,8236.51660
1098.00000,8235.34082
1098.50000,8236.83984
1099.00000,8242.48926
1099.50000,8252.17871
1100.00000,8265.87207
1100.50000,8282.94434
1101.00000,8301.20508
1101.50000,8318.37207
1102.00000,8332.34668
1102.50000,8342.56641
1103.00000,8349.47461
1103.50000,8356.11426
1104.00000,8365.12793
1104.50000,8377.92969
1105.00000,8392.38477
1105.50000,8404.34180
1106.00000,8409.95020
1106.50000,8408.90527
1107.00000,8404.53027
1107.50000,8404.34473
1108.00000,8414.62500
1108.50000,8437.68262
1109.00000,8467.58496
1109.50000,8496.20508
1110.00000,8516.33887
1110.50000,8526.66309
1111.00000,8529.89063
1111.50000,8533.49219
1112.00000,8541.33594
1112.50000,8552.72656
1113.00000,8563.23926
1113.50000,8569.06348
1114.00000,8571.77344
1114.50000,8576.80371
1115.00000,8592.20801
1115.50000,8618.52344
1116.00000,8652.17480
1116.50000,8684.17188
1117.00000,8707.60938
1117.50000,8719.48438
1118.00000,8725.90918
1118.50000,8734.06738
1119.00000,8749.63086
1119.50000,8770.70313
1120.00000,8792.86621
1120.50000,8811.33008
1121.00000,8825.71582
1121.50000,8839.41016
1122.00000,8857.40918
1122.50000,8882.15430
1123.00000,8912.94824
1123.50000,8944.89355
1124.00000,8974.26953
1124.50000,9000.08008
1125.00000,9024.52051
1125.50000,9051.01074
1126.00000,9081.11328
1126.50000,9114.07520
1127.00000,9147.01270
1127.50000,9177.13379
1128.00000,9203.27246
1128.50000,9227.57031
1129.00000,9253.76172
1129.50000,9286.58008
1130.00000,9326.42871
1130.50000,9371.52051
1131.00000,9417.09863
1131.50000,9458.21973
1132.00000,9491.46777
1132.50000,9518.19531
1133.00000,9542.63672
1133.50000,9570.25684
1134.00000,9603.83301
1134.50000,9643.82422
1135.00000,9688.03711
1135.50000,9732.71680
1136.00000,9775.40039
1136.50000,9815.86523
1137.00000,9855.76660
1137.50000,9898.58594
1138.00000,9947.01465
1138.50000,10003.84570
1139.00000,10070.47852
1139.50000,10144.65332
1140.00000,10224.40625
1140.50000,10306.12695
1141.00000,10388.06738
1141.50000,10471.34473
1142.00000,10559.16699
1142.50000,10656.63281
1143.00000,10768.57813
1143.50000,10895.54102
1144.00000,11040.01660
1144.50000,11198.91504
1145.00000,11369.84961
1145.50000,11552.61426
1146.00000,11744.20215
1146.50000,11945.68457
1147.00000,12158.87500
1147.50000,12384.65137
1148.00000,12627.14746
1148.50000,12884.39941
1149.00000,13153.61816
1149.50000,13430.70313
1150.00000,13708.55371
1150.50000,13981.49414
1151.00000,14244.60156
1151.50000,14495.14551
1152.00000,14726.16992
1152.50000,14935.60547
1153.00000,15118.91602
1153.50000,15268.19336
1154.00000,15385.21289
1154.50000,15462.82324
1155.00000,15497.41309
1155.50000,15488.03027
1156.00000,15419.94727
1156.50000,15298.07813
1157.00000,15121.93262
1157.50000,14893.32715
1158.00000,14630.64941
1158.50000,14344.07324
1159.00000,14047.18262
1159.50000,13748.42285
1160.00000,13451.46680
1160.50000,13156.43945
1161.00000,12863.39160
1161.50000,12574.39453
1162.00000,12292.60547
1162.50000,12024.32422
1163.00000,11773.18164
1163.50000,11540.09082
1164.00000,11329.24023
1164.50000,11135.83398
1165.00000,10959.67090
1165.50000,10800.29102
1166.00000,10654.40625
1166.50000,10523.09668
1167.00000,10405.04492
1167.50000,10299.55859
1168.00000,10208.63672
1168.50000,10127.96191
1169.00000,10054.80566
1169.50000,9985.01465
1170.00000,9915.68066
1170.50000,9847.78027
1171.00000,9785.07422
1171.50000,9731.55176
1172.00000,9690.99609
1172.50000,9658.84473
1173.00000,9629.95313
1173.50000,9598.32813
1174.00000,9562.15625
1174.50000,9523.63184
1175.00000,9488.25586
1175.50000,9460.09375
1176.00000,9441.38379
1176.50000,9428.38477
1177.00000,9418.23047
1177.50000,9409.21289
1178.00000,9402.25195
1178.50000,9400.90430
1179.00000,9406.72363
1179.50000,9419.83691
1180.00000,9438.98828
1180.50000,9460.47168
1181.00000,9481.83203
1181.50000,9501.01270
1182.00000,9516.83496
1182.50000,9527.32129
1183.00000,9532.85449
1183.50000,9534.76270
1184.00000,9536.93750
1184.50000,9544.34961
1185.00000,9562.00586
1185.50000,9590.18262
1186.00000,9624.19434
1186.50000,9656.18066
1187.00000,9679.16797
1187.50000,9690.05176
1188.00000,9691.40723
1188.50000,9692.10938
1189.00000,9700.85742
1189.50000,9721.25293
1190.00000,9749.98047
1190.50000,9778.97070
1191.00000,9798.86328
1191.50000,9803.54297
1192.00000,9792.08008
1192.50000,9770.94727
1193.00000,9745.59473
1193.50000,9721.37012
1194.00000,9700.32520
1194.50000,9682.91309
1195.00000,9666.94629
1195.50000,9650.30176
1196.00000,9630.16992
1196.50000,9604.71973
1197.00000,9571.76367
1197.50000,9532.60547
1198.00000,9490.00293
1198.50000,9447.50195
1199.00000,9407.62402
1199.50000,9371.01563
1200.00000,9336.81348
1200.50000,9304.39258
1201.00000,9276.24414
1201.50000,9255.69434
1202.00000,9245.21875
1202.50000,9245.08301
1203.00000,9247.82227
1203.50000,9245.32617
1204.00000,9231.39746
1204.50000,9207.70410
1205.00000,9180.93164
1205.50000,9160.47852
1206.00000,9151.37207
1206.50000,9153.83984
1207.00000,9159.95410
1207.50000,9162.66211
1208.00000,9157.82031
1208.50000,9146.74414
1209.00000,9132.58008
1209.50000,9119.40137
1210.00000,9108.93262
1210.50000,9101.75000
1211.00000,9097.25000
1211.50000,9095.83398
1212.00000,9096.84180
1212.50000,9097.90332
1213.00000,9094.08887
1213.50000,9082.13867
1214.00000,9060.91895
1214.50000,9033.24512
1215.00000,9005.78125
1215.50000,8983.84277
1216.00000,8968.16895
1216.50000,8955.06250
1217.00000,8938.96973
1217.50000,8917.63184
1218.00000,8891.98242
1218.50000,8865.57617
1219.00000,8841.25000
1219.50000,8819.17285
1220.00000,8796.81543
1220.50000,8772.22559
1221.00000,8745.64453
1221.50000,8720.86719
1222.00000,8702.24512
1222.50000,8692.66699
1223.00000,8689.96484
1223.50000,8690.72168
1224.00000,8690.00293
1224.50000,8685.02539
1225.00000,8674.12500
1225.50000,8659.48242
1226.00000,8643.15918
1226.50000,8628.41797
1227.00000,8618.45508
1227.50000,8618.18750
1228.00000,8629.04980
1228.50000,8650.01855
1229.00000,8677.65137
1229.50000,8703.73535
1230.00000,8720.24609
1230.50000,8721.24707
1231.00000,8707.69922
1231.50000,8682.51563
1232.00000,8655.25684
1232.50000,8634.05566
1233.00000,8626.26367
1233.50000,8630.37988
1234.00000,8643.00000
1234.50000,8656.82617
1235.00000,8666.03027
1235.50000,8666.97168
1236.00000,8662.25391
1236.50000,8655.83496
1237.00000,8652.38184
1237.50000,8653.90723
1238.00000,8661.18457
1238.50000,8672.70313
1239.00000,8686.32031
1239.50000,8700.21387
1240.00000,8712.35449
1240.50000,8720.90723
1241.00000,8724.34180
1241.50000,8724.00000
1242.00000,8722.13477
1242.50000,8722.23633
1243.00000,8726.32813
1243.50000,8735.15625
1244.00000,8745.72656
1244.50000,8755.06348
1245.00000,8760.52441
1245.50000,8762.15039
1246.00000,8760.68164
1246.50000,8758.11816
1247.00000,8756.02441
1247.50000,8755.93359
1248.00000,8758.35840
1248.50000,8763.70508
1249.00000,8771.36426
1249.50000,8779.42773
1250.00000,8785.80078
1250.50000,8789.67285
1251.00000,8792.18750
1251.50000,8796.52441
1252.00000,8805.32324
1252.50000,8819.99707
1253.00000,8839.16797
1253.50000,8859.20996
1254.00000,8876.90723
1254.50000,8891.24414
1255.00000,8903.08008
1255.50000,8913.71777
1256.00000,8924.00098
1256.50000,8933.13477
1257.00000,8939.77148
1257.50000,8943.83789
1258.00000,8946.62109
1258.50000,8950.92285
1259.00000,8958.90234
1259.50000,8972.20996
1260.00000,8989.36133
1260.50000,9008.96484
1261.00000,9028.84180
1261.50000,9047.02832
1262.00000,9060.89551
1262.50000,9069.10645
1263.00000,9070.67188
1263.50000,9065.15527
1264.00000,9055.60059
1264.50000,9044.75098
1265.00000,9035.58008
1265.50000,9029.30859
1266.00000,9026.12402
1266.50000,9024.24902
1267.00000,9022.37402
1267.50000,9019.92871
1268.00000,9017.47656
1268.50000,9016.20117
1269.00000,9017.24316
1269.50000,9021.01074
1270.00000,9027.82910
1270.50000,9036.18945
1271.00000,9044.49902
1271.50000,9050.85742
1272.00000,9054.74219
1272.50000,9056.69531
1273.00000,9058.99512
1273.50000,9063.74316
1274.00000,9072.47852
1274.50000,9083.13867
1275.00000,9092.69727
1275.50000,9097.60449
1276.00000,9097.68945
1276.50000,9094.79297
1277.00000,9092.97266
1277.50000,9094.86719
1278.00000,9101.38574
1278.50000,9109.06543
1279.00000,9114.32520
1279.50000,9114.49023
1280.00000,9110.56934
1280.50000,9105.11523
1281.00000,9101.46680
1281.50000,9100.80176
1282.00000,9101.95605
1282.50000,9101.41406
1283.00000,9096.08398
1283.50000,9084.99902
1284.00000,9070.84082
1284.50000,9057.73535
1285.00000,9049.16309
1285.50000,9046.14063
1286.00000,9047.72266
1286.50000,9049.89355
1287.00000,9049.37598
1287.50000,9044.27930
1288.00000,9035.35938
1288.50000,9024.01367
1289.00000,9012.58887
1289.50000,9002.40332
1290.00000,8994.16113
1290.50000,8987.35742
1291.00000,8981.57813
1291.50000,8976.07520
1292.00000,8970.02148
1292.50000,8962.35449
1293.00000,8952.79102
1293.50000,8941.39648
1294.00000,8928.54590
1294.50000,8914.95703
1295.00000,8900.62402
1295.50000,8885.29492
1296.00000,8869.01367
1296.50000,8852.64355
1297.00000,8838.11523
1297.50000,8827.74512
1298.00000,8823.89746
1298.50000,8825.95410
1299.00000,8833.14746
1299.50000,8842.61523
1300.00000,8851.40039
1300.50000,8856.33203
1301.00000,8856.48926
1301.50000,8851.45996
1302.00000,8842.11914
1302.50000,8831.10254
1303.00000,8820.71777
1303.50000,8812.63770
1304.00000,8807.18848
1304.50000,8804.49219
1305.00000,8803.55762
1305.50000,8804.36523
1306.00000,8807.01367
1306.50000,8810.77637
1307.00000,8813.98438
1307.50000,8814.12891
1308.00000,8809.65723
1308.50000,8799.81348
1309.00000,8787.82227
1309.50000,8777.21875
1310.00000,8771.75488
1310.50000,8772.45801
1311.00000,8779.65820
1311.50000,8790.70313
1312.00000,8803.24902
1312.50000,8815.43750
1313.00000,8826.20508
1313.50000,8834.42676
1314.00000,8838.58105
1314.50000,8837.54883
1315.00000,8829.44141
1315.50000,8816.28809
1316.00000,8801.40820
1316.50000,8789.99023
1317.00000,8785.39258
1317.50000,8789.55957
1318.00000,8800.47070
1318.50000,8813.57910
1319.00000,8824.25488
1319.50000,8829.94238
1320.00000,8830.04980
1320.50000,8825.08887
1321.00000,8817.63281
1321.50000,8809.51367
1322.00000,8802.81836
1322.50000,8798.80469
1323.00000,8798.40430
1323.50000,8800.04980
1324.00000,8801.66016
1324.50000,8800.89258
1325.00000,8797.58984
1325.50000,8793.33691
1326.00000,8791.30469
1326.50000,8793.56152
1327.00000,8801.09277
1327.50000,8810.82422
1328.00000,8819.55566
1328.50000,8824.23730
1329.00000,8824.71191
1329.50000,8822.03516
1330.00000,8818.59668
1330.50000,8815.95117
1331.00000,8814.68164
1331.50000,8813.71875
1332.00000,8811.70020
1332.50000,8807.41602
1333.00000,8801.21387
1333.50000,8794.34766
1334.00000,8788.88965
1334.50000,8786.10840
1335.00000,8786.67773
1335.50000,8789.04199
1336.00000,8792.40527
1336.50000,8797.04980
1337.00000,8803.94043
1337.50000,8814.07031
1338.00000,8825.65723
1338.50000,8835.27930
1339.00000,8837.91211
1339.50000,8833.07227
1340.00000,8822.43848
1340.50000,8811.40918
1341.00000,8805.17480
1341.50000,8807.66406
1342.00000,8817.34473
1342.50000,8831.07422
1343.00000,8845.49121
1343.50000,8858.63281
1344.00000,8870.01074
1344.50000,8879.73047
1345.00000,8887.78809
1345.50000,8893.09082
1346.00000,8895.28125
1346.50000,8894.45898
1347.00000,8891.74316
1347.50000,8889.78418
1348.00000,8891.47949
1348.50000,8898.64746
1349.00000,8910.37695
1349.50000,8923.87500
1350.00000,8934.98828
1350.50000,8941.23633
1351.00000,8942.34766
1351.50000,8941.72266
1352.00000,8942.53418
1352.50000,8946.18945
1353.00000,8951.33301
1353.50000,8955.18848
1354.00000,8956.24316
1354.50000,8954.92578
1355.00000,8953.29199
1355.50000,8952.96484
1356.00000,8953.71191
1356.50000,8953.86719
1357.00000,8952.31738
1357.50000,8948.84863
1358.00000,8944.70215
1358.50000,8940.34570
1359.00000,8935.31738
1359.50000,8929.21973
1360.00000,8922.81543
1360.50000,8918.50781
1361.00000,8918.24805
1361.50000,8922.74023
1362.00000,8927.59082
1362.50000,8928.53223
1363.00000,8923.06348
1363.50000,8913.66309
1364.00000,8904.74414
1364.50000,8900.15820
1365.00000,8900.19727
1365.50000,8902.56934
1366.00000,8903.80859
1366.50000,8903.16211
1367.00000,8902.72363
1367.50000,8904.94922
1368.00000,8910.15527
1368.50000,8915.10449
1369.00000,8916.74414
1369.50000,8913.94727
1370.00000,8910.48438
1370.50000,8910.94922
1371.00000,8917.93457
1371.50000,8928.99121
1372.00000,8938.94336
1372.50000,8943.24121
1373.00000,8941.16797
1373.50000,8935.82422
1374.00000,8932.77832
1374.50000,8935.16895
1375.00000,8942.60742
1375.50000,8952.42188
1376.00000,8962.60254
1376.50000,8972.23535
1377.00000,8981.09375
1377.50000,8988.06641
1378.00000,8991.76855
1378.50000,8990.52832
1379.00000,8985.24902
1379.50000,8979.17383
1380.00000,8976.33105
1380.50000,8977.84375
1381.00000,8982.74805
1381.50000,8988.60449
1382.00000,8993.50098
1382.50000,8997.49121
1383.00000,9002.28223
1383.50000,9009.39355
1384.00000,9019.98828
1384.50000,9032.79785
1385.00000,9046.32617
1385.50000,9058.42676
1386.00000,9067.73633
1386.50000,9073.38379
1387.00000,9077.02930
1387.50000,9081.80566
1388.00000,9092.19727
1388.50000,9108.28613
1389.00000,9126.97852
1389.50000,9140.73730
1390.00000,9143.61719
1390.50000,9131.64160
1391.00000,9110.38574
1391.50000,9088.04492
1392.00000,9071.85352
1392.50000,9062.13281
1393.00000,9056.37891
1393.50000,9050.83008
1394.00000,9044.44434
1394.50000,9039.69043
1395.00000,9039.69922
1395.50000,9045.38770
1396.00000,9054.99707
1396.50000,9063.25977
1397.00000,9066.02051
1397.50000,9061.65723
1398.00000,9052.34473
1398.50000,9041.31348
1399.00000,9032.79004
1399.50000,9029.28809
1400.00000,9031.60059
1400.50000,9035.91406
1401.00000,9037.56348
1401.50000,9032.50098
1402.00000,9021.47852
1402.50000,9009.23926
1403.00000,9002.44434
1403.50000,9005.04395
1404.00000,9017.43457
1404.50000,9033.27344
1405.00000,9046.52441
1405.50000,9053.14453
1406.00000,9053.54297
1406.50000,9049.40625
1407.00000,9044.05176
1407.50000,9038.91699
1408.00000,9034.78418
1408.50000,9032.35449
1409.00000,9033.16016
1409.50000,9037.68359
1410.00000,9044.45215
1410.50000,9050.22656
1411.00000,9051.96875
1411.50000,9048.51855
1412.00000,9041.62500
1412.50000,9035.59277
1413.00000,9033.80176
1413.50000,9036.28711
1414.00000,9040.67969
1414.50000,9043.93359
1415.00000,9044.64844
1415.50000,9042.94043
1416.00000,9039.82910
1416.50000,9036.18848
1417.00000,9031.95703
1417.50000,9027.35938
1418.00000,9023.50586
1418.50000,9022.62109
1419.00000,9024.96777
1419.50000,9029.66797
1420.00000,9034.48730
1420.50000,9038.19336
1421.00000,9041.96387
1421.50000,9048.64063
1422.00000,9059.83496
1422.50000,9074.67090
1423.00000,9088.19043
1423.50000,9096.58594
1424.00000,9099.74512
1424.50000,9101.75000
1425.00000,9107.35645
1425.50000,9117.84277
1426.00000,9130.98145
1426.50000,9142.58203
1427.00000,9150.46875
1427.50000,9154.92969
1428.00000,9158.27246
1428.50000,9161.85547
1429.00000,9165.02637
1429.50000,9166.98438
1430.00000,9168.32520
1430.50000,9171.36426
1431.00000,9177.55371
1431.50000,9186.78809
1432.00000,9196.72266
1432.50000,9205.31836
1433.00000,9212.37402
1433.50000,9219.76465
1434.00000,9228.45801
1434.50000,9237.63184
1435.00000,9245.49609
1435.50000,9251.42969
1436.00000,9257.37012
1436.50000,9265.91113
1437.00000,9278.96680
1437.50000,9294.40039
1438.00000,9309.61133
1438.50000,9323.49316
1439.00000,9337.76660
1439.50000,9354.71973
1440.00000,9373.94531
1440.50000,9392.02344
1441.00000,9403.00098
1441.50000,9405.32324
1442.00000,9399.80371
1442.50000,9390.19531
1443.00000,9380.91504
1443.50000,9374.04688
1444.00000,9370.13770
1444.50000,9369.68164
1445.00000,9374.71973
1445.50000,9384.26758
1446.00000,9396.05957
1446.50000,9405.08496
1447.00000,9407.41504
1447.50000,9400.80273
1448.00000,9389.63184
1448.50000,9379.39258
1449.00000,9376.16406
1449.50000,9380.79492
1450.00000,9392.29883
1450.50000,9406.31445
1451.00000,9417.45801
1451.50000,9420.32715
1452.00000,9413.88477
1452.50000,9400.90723
1453.00000,9387.08789
1453.50000,9378.20703
1454.00000,9377.52832
1454.50000,9383.92676
1455.00000,9392.75586
1455.50000,9399.32129
1456.00000,9401.08398
1456.50000,9397.58105
1457.00000,9389.10352
1457.50000,9378.28613
1458.00000,9367.58398
1458.50000,9360.64355
1459.00000,9359.93164
1459.50000,9366.87695
1460.00000,9376.98730
1460.50000,9384.58496
1461.00000,9384.07324
1461.50000,9376.96484
1462.00000,9369.06250
1462.50000,9367.61719
1463.00000,9374.91309
1463.50000,9389.04883
1464.00000,9402.46387
1464.50000,9409.76172
1465.00000,9409.06641
1465.50000,9404.90137
1466.00000,9402.79395
1466.50000,9406.25879
1467.00000,9414.74219
1467.50000,9426.01270
1468.00000,9436.28223
1468.50000,9442.98047
1469.00000,9444.26367
1469.50000,9440.84277
1470.00000,9433.82227
1470.50000,9426.68555
1471.00000,9423.01563
1471.50000,9426.64355
1472.00000,9436.35449
1472.50000,9449.73730
1473.00000,9462.40527
1473.50000,9471.21484
1474.00000,9474.97168
1474.50000,9476.28027
1475.00000,9478.73145
1475.50000,9485.81543
1476.00000,9497.16992
1476.50000,9511.68848
1477.00000,9527.40625
1477.50000,9542.87402
1478.00000,9557.41602
1478.50000,9570.62793
1479.00000,9581.70898
1479.50000,9588.91699
1480.00000,9593.15723
1480.50000,9596.43945
1481.00000,9602.69531
1481.50000,9614.87402
1482.00000,9635.48535
1482.50000,9662.41699
1483.00000,9692.58789
1483.50000,9722.22168
1484.00000,9748.21875
1484.50000,9768.22656
1485.00000,9781.36133
1485.50000,9789.36035
1486.00000,9795.65820
1486.50000,9806.20703
1487.00000,9826.15820
1487.50000,9859.53613
1488.00000,9902.39063
1488.50000,9949.37012
1489.00000,9994.04688
1489.50000,10033.31152
1490.00000,10065.49707
1490.50000,10092.85059
1491.00000,10117.47559
1491.50000,10142.58984
1492.00000,10172.04297
1492.50000,10210.45605
1493.00000,10258.15332
1493.50000,10311.15527
1494.00000,10363.19824
1494.50000,10409.59961
1495.00000,10450.66016
1495.50000,10492.93262
1496.00000,10544.75781
1496.50000,10614.59766
1497.00000,10701.43457
1497.50000,10799.08203
1498.00000,10902.14648
1498.50000,11005.14355
1499.00000,11106.43457
1499.50000,11206.46973
1500.00000,11307.41016
1500.50000,11413.49609
1501.00000,11529.79297
1501.50000,11659.47559
1502.00000,11807.42578
1502.50000,11968.41504
1503.00000,12138.39551
1503.50000,12311.74414
1504.00000,12484.45313
1504.50000,12655.53516
1505.00000,12826.33789
1505.50000,12998.32910
1506.00000,13172.37793
1506.50000,13347.54492
1507.00000,13522.46289
1507.50000,13695.25391
1508.00000,13864.78320
1508.50000,14029.67871
1509.00000,14190.05176
1509.50000,14345.64355
1510.00000,14493.47754
1510.50000,14631.30371
1511.00000,14753.79199
1511.50000,14857.02930
1512.00000,14941.69043
1512.50000,15005.11523
1513.00000,15050.45020
1513.50000,15079.07031
1514.00000,15089.83008
1514.50000,15086.14063
1515.00000,15067.05762
1515.50000,15032.76465
1516.00000,14984.52148
1516.50000,14920.01172
1517.00000,14842.68652
1517.50000,14755.56152
1518.00000,14660.64063
1518.50000,14559.06445
1519.00000,14447.07910
1519.50000,14321.42871
1520.00000,14182.34375
1520.50000,14030.24512
1521.00000,13871.38281
1521.50000,13709.10547
1522.00000,13544.56641
1522.50000,13378.38477
1523.00000,13211.98926
1523.50000,13048.46777
1524.00000,12889.99121
1524.50000,12737.46973
1525.00000,12587.07031
1525.50000,12435.52832
1526.00000,12281.56348
1526.50000,12126.71289
1527.00000,11972.54102
1527.50000,11819.10059
1528.00000,11665.45605
1528.50000,11512.07129
1529.00000,11362.58496
1529.50000,11222.59570
1530.00000,11096.30957
1530.50000,10981.24609
1531.00000,10874.32324
1531.50000,10770.62500
1532.00000,10668.78223
1532.50000,10571.80957
1533.00000,10482.29980
1533.50000,10401.90137
1534.00000,10329.68359
1534.50000,10262.75000
1535.00000,10200.62012
1535.50000,10142.95410
1536.00000,10090.09570
1536.50000,10042.68457
1537.00000,9998.43066
1537.50000,9955.23047
1538.00000,9911.20117
1538.50000,9865.89844
1539.00000,9820.57617
1539.50000,9778.14844
1540.00000,9741.77539
1540.50000,9715.07910
1541.00000,9695.63086
1541.50000,9680.35352
1542.00000,9665.43652
1542.50000,9649.49121
1543.00000,9634.11035
1543.50000,9621.67676
1544.00000,9612.58594
1544.50000,9603.54492
1545.00000,9589.91211
1545.50000,9569.32129
1546.00000,9544.93848
1546.50000,9522.91602
1547.00000,9509.99121
1547.50000,9505.79492
1548.00000,9506.32520
1548.50000,9504.85840
1549.00000,9498.50000
1549.50000,9488.38477
1550.00000,9478.88379
1550.50000,9472.78906
1551.00000,9470.13086
1551.50000,9467.01758
1552.00000,9460.19824
1552.50000,9449.37793
1553.00000,9437.81250
1553.50000,9428.69727
1554.00000,9422.76563
1554.50000,9418.11426
1555.00000,9411.90527
1555.50000,9403.66504
1556.00000,9395.61719
1556.50000,9391.28516
1557.00000,9391.44434
1557.50000,9394.64648
1558.00000,9396.96484
1558.50000,9395.83594
1559.00000,9390.48926
1559.50000,9384.08984
1560.00000,9379.20313
1560.50000,9376.66309
1561.00000,9375.06836
1561.50000,9372.70410
1562.00000,9369.15234
1562.50000,9365.73145
1563.00000,9365.66504
1563.50000,9369.95996
1564.00000,9378.06836
1564.50000,9386.32715
1565.00000,9390.15918
1565.50000,9384.90723
1566.00000,9371.84180
1566.50000,9356.36621
1567.00000,9348.33691
1567.50000,9352.89941
1568.00000,9371.46387
1568.50000,9397.65137
1569.00000,9421.85352
1569.50000,9435.16113
1570.00000,9436.49805
1570.50000,9429.74023
1571.00000,9420.94336
1571.50000,9414.70117
1572.00000,9412.73438
1572.50000,9414.35254
1573.00000,9417.88379
1573.50000,9421.94238
1574.00000,9425.09277
1574.50000,9426.83887
1575.00000,9428.22559
1575.50000,9431.90234
1576.00000,9441.14063
1576.50000,9456.44434
1577.00000,9474.36719
1577.50000,9487.89844
1578.00000,9492.67578
1578.50000,9487.86035
1579.00000,9476.70898
1579.50000,9465.22070
1580.00000,9456.69922
1580.50000,9450.42188
1581.00000,9443.42383
1581.50000,9433.63477
1582.00000,9423.22461
1582.50000,9416.01855
1583.00000,9415.61523
1583.50000,9420.75586
1584.00000,9427.51660
1584.50000,9430.06250
1585.00000,9426.16211
1585.50000,9415.90527
1586.00000,9403.95313
1586.50000,9393.42871
1587.00000,9385.85840
1587.50000,9380.37891
1588.00000,9376.30176
1588.50000,9373.75195
1589.00000,9373.71289
1589.50000,9377.42773
1590.00000,9383.34473
1590.50000,9389.14746
1591.00000,9391.57813
1591.50000,9389.12305
1592.00000,9381.06152
1592.50000,9369.29492
1593.00000,9356.08691
1593.50000,9344.26270
1594.00000,9335.67676
1594.50000,9331.43359
1595.00000,9330.22363
1595.50000,9329.79297
1596.00000,9329.14941
1596.50000,9329.31055
1597.00000,9332.52344
1597.50000,9341.18750
1598.00000,9353.39258
1598.50000,9364.90918
1599.00000,9370.88965
1599.50000,9369.88965
1600.00000,9362.57422
1600.50000,9353.82910
1601.00000,9347.54492
1601.50000,9346.23926
1602.00000,9347.82910
1602.50000,9349.54883
1603.00000,9348.32813
1603.50000,9343.00293
1604.00000,9333.70898
1604.50000,9323.87109
1605.00000,9316.87891
1605.50000,9314.84277
1606.00000,9315.86230
1606.50000,9316.66797
1607.00000,9314.03125
1607.50000,9307.65918
1608.00000,9299.78516
1608.50000,9294.00098
1609.00000,9291.37305
1609.50000,9290.44043
1610.00000,9288.69238
1610.50000,9285.13672
1611.00000,9281.15820
1611.50000,9278.38477
1612.00000,9276.57129
1612.50000,9273.13086
1613.00000,9265.74609
1613.50000,9254.37988
1614.00000,9242.43652
1614.50000,9234.64063
1615.00000,9233.35352
1615.50000,9237.97363
1616.00000,9247.71387
1616.50000,9259.90137
1617.00000,9272.94336
1617.50000,9284.04590
1618.00000,9289.95605
1618.50000,9287.19727
1619.00000,9277.15137
1619.50000,9264.00684
1620.00000,9254.40527
1620.50000,9252.51172
1621.00000,9260.14648
1621.50000,9273.81836
1622.00000,9287.92969
1622.50000,9297.74414
1623.00000,9301.34473
1623.50000,9298.65039
1624.00000,9290.31543
1624.50000,9279.68066
1625.00000,9269.35156
1625.50000,9261.09277
1626.00000,9254.93262
1626.50000,9250.35547
1627.00000,9246.62207
1627.50000,9244.53613
1628.00000,9246.22656
1628.50000,9252.00586
1629.00000,9261.02051
1629.50000,9270.03027
1630.00000,9276.04883
1630.50000,9276.84277
1631.00000,9274.18262
1631.50000,9270.41895
1632.00000,9267.35254
1632.50000,9265.42871
1633.00000,9264.78418
1633.50000,9265.77051
1634.00000,9268.99609
1634.50000,9274.86426
1635.00000,9281.62402
1635.50000,9287.17188
1636.00000,9289.54199
1636.50000,9289.13770
1637.00000,9287.30957
1637.50000,9285.95996
1638.00000,9285.46289
1638.50000,9285.13477
1639.00000,9284.33301
1639.50000,9283.51953
1640.00000,9284.18750
1640.50000,9286.82227
1641.00000,9290.17773
1641.50000,9291.67871
1642.00000,9289.80859
1642.50000,9284.58008
1643.00000,9279.21875
1643.50000,9276.18359
1644.00000,9275.22949
1644.50000,9273.43555
1645.00000,9267.69141
1645.50000,9258.68066
1646.00000,9250.56250
1646.50000,9251.29004
1647.00000,9261.92773
1647.50000,9279.94824
1648.00000,9297.26660
1648.50000,9306.33203
1649.00000,9301.64551
1649.50000,9286.98828
1650.00000,9269.96191
1650.50000,9258.59961
1651.00000,9255.35449
1651.50000,9259.33496
1652.00000,9265.31836
1652.50000,9267.59180
1653.00000,9262.74121
1653.50000,9253.58789
1654.00000,9244.85449
1654.50000,9242.01465
1655.00000,9245.35156
1655.50000,9251.48145
1656.00000,9253.79102
1656.50000,9249.75879
1657.00000,9241.56152
1657.50000,9236.40527
1658.00000,9239.30762
1658.50000,9249.93164
1659.00000,9259.08789
1659.50000,9257.73340
1660.00000,9243.71582
1660.50000,9223.17480
1661.00000,9206.30273
1661.50000,9200.44922
1662.00000,9206.09473
1662.50000,9218.17383
1663.00000,9230.15723
1663.50000,9239.07324
1664.00000,9245.52539
1664.50000,9251.57715
1665.00000,9258.73145
1665.50000,9266.50684
1666.00000,9273.25781
1666.50000,9275.87207
1667.00000,9271.97949
1667.50000,9258.47363
1668.00000,9238.08789
1668.50000,9216.54297
1669.00000,9201.76855
1669.50000,9196.85449
1670.00000,9201.74414
1670.50000,9211.69043
1671.00000,9220.26953
1671.50000,9223.87012
1672.00000,9222.53027
1672.50000,9217.44824
1673.00000,9209.20898
1673.50000,9199.70117
1674.00000,9191.45117
1674.50000,9188.09473
1675.00000,9191.42578
1675.50000,9202.31836
1676.00000,9216.99316
1676.50000,9230.66504
1677.00000,9238.22168
1677.50000,9238.98926
1678.00000,9233.54785
1678.50000,9225.23145
1679.00000,9217.96582
1679.50000,9214.42285
1680.00000,9213.00391
1680.50000,9210.82227
1681.00000,9205.39844
1681.50000,9198.46582
1682.00000,9194.77051
1682.50000,9199.20313
1683.00000,9210.77734
1683.50000,9225.33301
1684.00000,9236.62891
1684.50000,9241.84570
1685.00000,9241.82715
1685.50000,9241.23926
1686.00000,9242.35156
1686.50000,9244.43945
1687.00000,9245.46191
1687.50000,9243.61816
1688.00000,9239.58105
1688.50000,9234.74609
1689.00000,9230.45898
1689.50000,9227.29688
1690.00000,9225.45215
1690.50000,9224.16504
1691.00000,9222.10352
1691.50000,9218.21582
1692.00000,9214.06934
1692.50000,9212.98340
1693.00000,9219.04297
1693.50000,9232.03809
1694.00000,9248.54004
1694.50000,9262.71484
1695.00000,9271.87695
1695.50000,9275.41992
1696.00000,9276.04102
1696.50000,9273.79883
1697.00000,9267.63379
1697.50000,9258.66602
1698.00000,9250.93555
1698.50000,9249.68555
1699.00000,9256.44043
1699.50000,9267.35840
1700.00000,9273.84570
1700.50000,9271.96387
1701.00000,9264.62598
1701.50000,9259.43066
1702.00000,9263.10352
1702.50000,9274.02832
1703.00000,9286.75781
1703.50000,9296.67773
1704.00000,9303.65430
1704.50000,9308.78125
1705.00000,9311.37402
1705.50000,9308.85352
1706.00000,9298.29004
1706.50000,9283.22656
1707.00000,9270.14551
1707.50000,9266.72363
1708.00000,9271.73730
1708.50000,9279.15625
1709.00000,9282.25977
1709.50000,9279.96680
1710.00000,9276.07520
1710.50000,9276.22852
1711.00000,9280.95801
1711.50000,9285.76758
1712.00000,9286.03320
1712.50000,9281.12500
1713.00000,9276.45020
1713.50000,9278.07813
1714.00000,9288.71973
1714.50000,9303.24512
1715.00000,9316.04590
1715.50000,9322.97656
1716.00000,9325.61816
1716.50000,9327.06543
1717.00000,9329.02930
1717.50000,9330.41797
1718.00000,9328.77539
1718.50000,9324.58105
1719.00000,9321.11230
1719.50000,9322.97852
1720.00000,9330.66309
1720.50000,9341.61621
1721.00000,9350.09668
1721.50000,9352.57617
1722.00000,9349.98535
1722.50000,9348.43848
1723.00000,9352.17090
1723.50000,9360.87598
1724.00000,9368.04395
1724.50000,9366.68262
1725.00000,9357.59082
1725.50000,9347.69727
1726.00000,9347.35840
1726.50000,9358.15527
1727.00000,9374.24023
1727.50000,9384.06641
1728.00000,9383.11719
1728.50000,9374.23633
1729.00000,9367.84570
1729.50000,9371.36328
1730.00000,9384.88086
1730.50000,9399.67090
1731.00000,9409.80176
1731.50000,9414.26855
1732.00000,9417.69043
1732.50000,9425.29395
1733.00000,9437.60742
1733.50000,9451.82129
1734.00000,9462.96973
1734.50000,9467.54297
1735.00000,9463.09766
1735.50000,9451.26367
1736.00000,9436.20605
1736.50000,9422.28711
1737.00000,9412.69336
1737.50000,9408.79297
1738.00000,9411.16211
1738.50000,9418.98047
1739.00000,9432.91309
1739.50000,9450.98730
1740.00000,9468.04395
