280.00000,3973.06250
280.50000,3970.22241
281.00000,3964.25244
281.50000,3959.81860
282.00000,3959.75684
282.50000,3964.84058
283.00000,3971.31348
283.50000,3975.85181
284.00000,3977.53320
284.50000,3978.27856
285.00000,3980.23145
285.50000,3984.42407
286.00000,3989.27661
286.50000,3991.11133
287.00000,3988.47632
287.50000,3981.85352
288.00000,3974.09668
288.50000,3969.29321
289.00000,3972.12524
289.50000,3982.23462
290.00000,3996.66797
290.50000,4011.79785
291.00000,4023.77783
291.50000,4029.90698
292.00000,4028.31787
292.50000,4021.60059
293.00000,4011.86719
293.50000,4002.02466
294.00000,3994.19629
294.50000,3990.53101
295.00000,3990.60986
295.50000,3993.20361
296.00000,3996.50928
296.50000,3999.24902
297.00000,4000.94653
297.50000,4002.17798
298.00000,4003.99976
298.50000,4007.35156
299.00000,4011.77319
299.50000,4016.58301
300.00000,4020.82593
300.50000,4023.95996
301.00000,4025.55981
301.50000,4025.97729
302.00000,4025.42041
302.50000,4023.69775
303.00000,4021.05957
303.50000,4017.82837
304.00000,4015.00513
304.50000,4013.71509
305.00000,4014.83521
305.50000,4017.92627
306.00000,4022.18481
306.50000,4026.61694
307.00000,4030.49854
307.50000,4033.88965
308.00000,4037.33594
308.50000,4041.00049
309.00000,4044.38721
309.50000,4046.61621
310.00000,4046.89014
310.50000,4045.22485
311.00000,4043.71997
311.50000,4044.51733
312.00000,4048.91992
312.50000,4056.30371
313.00000,4064.50903
313.50000,4069.51855
314.00000,4068.83105
314.50000,4061.93335
315.00000,4052.05688
315.50000,4042.98364
316.00000,4038.73022
316.50000,4041.24390
317.00000,4049.84326
317.50000,4060.15552
318.00000,4068.89697
318.50000,4073.30957
319.00000,4073.47729
319.50000,4070.34570
320.00000,4066.85767
320.50000,4064.83862
321.00000,4065.44775
321.50000,4068.05444
322.00000,4072.06641
322.50000,4076.71362
323.00000,4081.31616
323.50000,4085.38672
324.00000,4088.48340
324.50000,4090.22998
325.00000,4090.02515
325.50000,4088.41455
326.00000,4086.33276
326.50000,4085.36694
327.00000,4086.35425
327.50000,4089.75195
328.00000,4094.57813
328.50000,4099.41797
329.00000,4102.18848
329.50000,4102.43359
330.00000,4100.40869
330.50000,4097.22314
331.00000,4094.23120
331.50000,4092.53857
332.00000,4092.36523
332.50000,4093.19849
333.00000,4094.26196
333.50000,4095.10181
334.00000,4095.81519
334.50000,4097.02881
335.00000,4099.50049
335.50000,4104.33936
336.00000,4110.97559
336.50000,4118.45459
337.00000,4125.17383
337.50000,4129.74023
338.00000,4130.82715
338.50000,4128.24219
339.00000,4123.63916
339.50000,4119.08252
340.00000,4116.43311
340.50000,4116.80664
341.00000,4120.68311
341.50000,4126.63428
342.00000,4132.89697
342.50000,4137.68799
343.00000,4140.35400
343.50000,4140.57324
344.00000,4139.53125
344.50000,4138.45850
345.00000,4139.05420
345.50000,4141.84082
346.00000,4146.81396
346.50000,4152.78516
347.00000,4158.17529
347.50000,4160.76758
348.00000,4159.55176
348.50000,4154.37793
349.00000,4146.88623
349.50000,4139.63525
350.00000,4135.18311
350.50000,4134.99951
351.00000,4139.08154
351.50000,4147.02881
352.00000,4155.67822
352.50000,4163.24023
353.00000,4168.48145
353.50000,4171.57520
354.00000,4173.01563
354.50000,4174.15576
355.00000,4176.13965
355.50000,4179.83691
356.00000,4185.03174
356.50000,4191.49951
357.00000,4198.59082
357.50000,4205.44238
358.00000,4210.76611
358.50000,4213.82959
359.00000,4214.18848
359.50000,4211.14258
360.00000,4205.49170
360.50000,4197.75977
361.00000,4189.24170
361.50000,4181.60352
362.00000,4176.47705
362.50000,4174.16309
363.00000,4174.30078
363.50000,4175.88525
364.00000,4177.10352
364.50000,4176.35059
365.00000,4173.47607
365.50000,4169.82764
366.00000,4167.33643
366.50000,4167.40283
367.00000,4170.51465
367.50000,4176.05078
368.00000,4181.58447
368.50000,4185.07715
369.00000,4185.97217
369.50000,4185.20605
370.00000,4184.34912
370.50000,4184.97656
371.00000,4187.75928
371.50000,4191.79443
372.00000,4195.02441
372.50000,4195.72070
373.00000,4193.35449
373.50000,4188.72363
374.00000,4183.30566
374.50000,4179.40771
375.00000,4178.61377
375.50000,4181.54199
376.00000,4187.10693
376.50000,4194.20068
377.00000,4201.04883
377.50000,4206.31934
378.00000,4208.49707
378.50000,4208.67480
379.00000,4207.91455
379.50000,4207.73926
380.00000,4209.13770
380.50000,4212.62549
381.00000,4217.36670
381.50000,4221.95850
382.00000,4224.96484
382.50000,4226.30420
383.00000,4226.15674
383.50000,4225.01611
384.00000,4223.24414
384.50000,4220.27490
385.00000,4215.48145
385.50000,4208.98193
386.00000,4201.83643
386.50000,4196.21191
387.00000,4194.52588
387.50000,4198.38623
388.00000,4206.92920
388.50000,4217.34766
389.00000,4225.79053
389.50000,4229.97949
390.00000,4228.66797
390.50000,4224.25732
391.00000,4219.50635
391.50000,4217.80078
392.00000,4219.93018
392.50000,4225.03467
393.00000,4230.22266
393.50000,4232.99170
394.00000,4231.13867
394.50000,4225.37744
395.00000,4217.36084
395.50000,4210.53809
396.00000,4207.18994
396.50000,4209.49365
397.00000,4216.59180
397.50000,4227.15234
398.00000,4238.84277
398.50000,4248.74609
399.00000,4254.75781
399.50000,4256.56494
400.00000,4255.24512
400.50000,4252.10352
401.00000,4249.19873
401.50000,4247.73633
402.00000,4248.06201
402.50000,4248.78613
403.00000,4248.60547
403.50000,4246.81885
404.00000,4243.75977
404.50000,4240.56543
405.00000,4238.81396
405.50000,4239.58203
406.00000,4242.34570
406.50000,4245.32129
407.00000,4246.68359
407.50000,4245.58154
408.00000,4242.55713
408.50000,4239.49316
409.00000,4239.13428
409.50000,4243.14111
410.00000,4251.40381
410.50000,4261.60889
411.00000,4270.96777
411.50000,4276.93994
412.00000,4278.45703
412.50000,4275.30859
413.00000,4271.03857
413.50000,4268.17871
414.00000,4268.75635
414.50000,4272.79102
415.00000,4279.55371
415.50000,4286.57324
416.00000,4291.47461
416.50000,4292.59619
417.00000,4290.99512
417.50000,4288.08008
418.00000,4286.03369
418.50000,4286.36084
419.00000,4290.15869
419.50000,4296.31201
420.00000,4302.89258
420.50000,4307.77051
421.00000,4310.00244
421.50000,4308.96924
422.00000,4305.14893
422.50000,4299.72412
423.00000,4293.88770
423.50000,4289.04297
424.00000,4286.14551
424.50000,4286.17627
425.00000,4288.85449
425.50000,4293.95703
426.00000,4300.31250
426.50000,4306.48486
427.00000,4311.13330
427.50000,4314.36719
428.00000,4316.81152
428.50000,4319.51514
429.00000,4323.16016
429.50000,4327.81445
430.00000,4332.43750
430.50000,4335.51953
431.00000,4335.33398
431.50000,4332.03076
432.00000,4325.94922
432.50000,4318.10059
433.00000,4310.05859
433.50000,4303.28760
434.00000,4299.02344
434.50000,4297.57520
435.00000,4299.48145
435.50000,4303.57373
436.00000,4308.94580
436.50000,4314.27881
437.00000,4318.54590
437.50000,4321.01270
438.00000,4322.23340
438.50000,4323.04150
439.00000,4324.14307
439.50000,4325.76563
440.00000,4327.85156
440.50000,4330.18945
441.00000,4332.70703
441.50000,4335.70068
442.00000,4339.27246
442.50000,4343.16748
443.00000,4346.64160
443.50000,4348.98975
444.00000,4349.70166
444.50000,4349.06152
445.00000,4348.23242
445.50000,4348.50391
446.00000,4350.15234
446.50000,4352.69141
447.00000,4355.06396
447.50000,4356.34961
448.00000,4356.09277
448.50000,4354.74023
449.00000,4353.28857
449.50000,4352.43115
450.00000,4352.11572
450.50000,4352.03076
451.00000,4351.92578
451.50000,4351.95410
452.00000,4352.78418
452.50000,4355.20850
453.00000,4359.11230
453.50000,4363.92285
454.00000,4368.37451
454.50000,4371.39990
455.00000,4372.06689
455.50000,4370.58887
456.00000,4367.02490
456.50000,4362.09668
457.00000,4356.60547
457.50000,4351.36621
458.00000,4347.26270
458.50000,4345.21729
459.00000,4346.06738
459.50000,4349.38525
460.00000,4354.57129
460.50000,4359.87549
461.00000,4364.10254
461.50000,4366.14160
462.00000,4366.17432
462.50000,4364.26563
463.00000,4360.60791
463.50000,4355.68457
464.00000,4349.88232
464.50000,4344.28711
465.00000,4340.07715
465.50000,4339.07861
466.00000,4341.47412
466.50000,4347.28955
467.00000,4355.35547
467.50000,4363.48779
468.00000,4369.50098
468.50000,4372.49561
469.00000,4372.46631
469.50000,4369.56396
470.00000,4365.29883
470.50000,4360.81934
471.00000,4357.54102
471.50000,4356.54053
472.00000,4358.68945
472.50000,4363.22217
473.00000,4368.83496
473.50000,4373.44336
474.00000,4375.32715
474.50000,4373.05371
475.00000,4366.61426
475.50000,4357.83057
476.00000,4349.02197
476.50000,4342.09131
477.00000,4338.01563
477.50000,4337.38477
478.00000,4339.24121
478.50000,4343.14453
479.00000,4348.42480
479.50000,4354.38965
480.00000,4360.30957
480.50000,4365.33887
481.00000,4368.63330
481.50000,4369.30615
482.00000,4367.69678
482.50000,4364.29199
483.00000,4360.61328
483.50000,4358.32617
484.00000,4359.14209
484.50000,4363.03857
485.00000,4369.60449
485.50000,4377.56299
486.00000,4384.91260
486.50000,4389.54541
487.00000,4390.00000
487.50000,4386.35986
488.00000,4379.04590
488.50000,4370.16602
489.00000,4361.23779
489.50000,4353.79248
490.00000,4348.52197
490.50000,4346.20068
491.00000,4346.80078
491.50000,4349.72900
492.00000,4354.29541
492.50000,4358.87354
493.00000,4361.96973
493.50000,4362.21045
494.00000,4359.68457
494.50000,4355.11475
495.00000,4350.81104
495.50000,4348.71875
496.00000,4349.90332
496.50000,4352.74707
497.00000,4355.25732
497.50000,4355.31299
498.00000,4352.59229
498.50000,4348.19141
499.00000,4345.25684
499.50000,4346.30371
500.00000,4352.45459
500.50000,4361.14355
501.00000,4369.47705
501.50000,4374.41797
502.00000,4375.08252
502.50000,4371.67822
503.00000,4366.98730
503.50000,4363.38525
504.00000,4362.21143
504.50000,4362.79688
505.00000,4364.45801
505.50000,4366.61865
506.00000,4369.31836
506.50000,4373.24951
507.00000,4378.49805
507.50000,4384.29053
508.00000,4388.84863
508.50000,4391.02588
509.00000,4390.20947
509.50000,4387.35107
510.00000,4384.17139
510.50000,4382.54199
511.00000,4383.17627
511.50000,4385.95654
512.00000,4389.92969
512.50000,4394.03760
513.00000,4397.69775
513.50000,4400.53662
514.00000,4402.25195
514.50000,4401.96924
515.00000,4399.52734
515.50000,4394.81738
516.00000,4388.92383
516.50000,4383.49707
517.00000,4379.89551
517.50000,4378.33057
518.00000,4377.98096
518.50000,4377.48584
519.00000,4375.78809
519.50000,4372.80420
520.00000,4369.97412
520.50000,4369.02197
521.00000,4371.40820
521.50000,4376.76025
522.00000,4383.68311
522.50000,4390.11230
523.00000,4394.34180
523.50000,4395.25732
524.00000,4392.74951
524.50000,4388.40039
525.00000,4383.39014
525.50000,4378.93848
526.00000,4375.75732
526.50000,4374.50098
527.00000,4374.80371
527.50000,4376.35840
528.00000,4378.40918
528.50000,4380.11377
529.00000,4380.88770
529.50000,4380.85400
530.00000,4380.48438
530.50000,4380.56055
531.00000,4381.60791
531.50000,4383.87646
532.00000,4386.90576
532.50000,4389.65967
533.00000,4390.83105
533.50000,4390.00586
534.00000,4387.32568
534.50000,4383.55957
535.00000,4380.15479
535.50000,4378.42969
536.00000,4379.03711
536.50000,4381.54834
537.00000,4384.88672
537.50000,4387.55273
538.00000,4388.78516
538.50000,4388.40430
539.00000,4387.19775
539.50000,4385.82568
540.00000,4384.70752
540.50000,4383.73047
541.00000,4382.42480
541.50000,4380.69482
542.00000,4378.96533
542.50000,4378.05859
543.00000,4378.37109
543.50000,4379.90430
544.00000,4381.77490
544.50000,4382.99609
545.00000,4382.69531
545.50000,4381.45313
546.00000,4380.44385
546.50000,4380.90332
547.00000,4382.94531
547.50000,4386.00830
548.00000,4388.69287
548.50000,4389.93994
549.00000,4389.01807
549.50000,4386.96094
550.00000,4385.14844
550.50000,4385.03174
551.00000,4386.93945
551.50000,4390.86133
552.00000,4395.73584
552.50000,4400.41797
553.00000,4403.42578
553.50000,4404.06250
554.00000,4401.66260
554.50000,4396.67480
555.00000,4391.15186
555.50000,4387.65332
556.00000,4388.03809
556.50000,4392.78613
557.00000,4400.87109
557.50000,4408.48779
558.00000,4411.50586
558.50000,4406.65186
559.00000,4394.80322
559.50000,4379.61230
560.00000,4367.03955
560.50000,4361.54102
561.00000,4366.34424
561.50000,4378.28369
562.00000,4393.32373
562.50000,4405.65430
563.00000,4411.62402
563.50000,4409.42725
564.00000,4403.56689
564.50000,4398.25928
565.00000,4397.54395
565.50000,4401.81396
566.00000,4409.81787
566.50000,4417.91309
567.00000,4422.89258
567.50000,4421.92480
568.00000,4416.18408
568.50000,4407.93408
569.00000,4399.59229
569.50000,4392.64014
570.00000,4387.68604
570.50000,4384.43359
571.00000,4382.50928
571.50000,4382.27930
572.00000,4383.74609
572.50000,4386.98779
573.00000,4391.14746
573.50000,4394.94922
574.00000,4397.46631
574.50000,4398.82617
575.00000,4399.90381
575.50000,4401.90039
576.00000,4404.99023
576.50000,4408.30957
577.00000,4409.69580
577.50000,4407.78516
578.00000,4402.41943
578.50000,4395.88770
579.00000,4390.81250
579.50000,4389.82715
580.00000,4392.21924
580.50000,4395.96826
581.00000,4397.46973
581.50000,4394.34082
582.00000,4385.81006
582.50000,4375.56641
583.00000,4367.48535
583.50000,4365.67822
584.00000,4370.06299
584.50000,4379.60352
585.00000,4391.20313
585.50000,4401.83447
586.00000,4409.43896
586.50000,4414.15381
587.00000,4416.84717
587.50000,4417.82764
588.00000,4417.11670
588.50000,4413.90479
589.00000,4407.95410
589.50000,4400.19775
590.00000,4392.23340
590.50000,4386.03711
591.00000,4382.91260
591.50000,4383.45361
592.00000,4385.99902
592.50000,4389.58057
593.00000,4393.47266
593.50000,4397.55225
594.00000,4401.99951
594.50000,4406.59766
595.00000,4410.66748
595.50000,4413.00781
596.00000,4413.06641
596.50000,4410.84717
597.00000,4407.63525
597.50000,4404.74365
598.00000,4403.28760
598.50000,4403.20215
599.00000,4404.10986
599.50000,4405.47559
600.00000,4407.00781
600.50000,4408.99072
601.00000,4411.83301
601.50000,4415.43457
602.00000,4418.96436
602.50000,4421.10449
603.00000,4420.44580
603.50000,4415.92725
604.00000,4408.21777
604.50000,4398.36523
605.00000,4388.81885
605.50000,4381.89941
606.00000,4380.86377
606.50000,4384.91162
607.00000,4392.74268
607.50000,4401.11719
608.00000,4406.59717
608.50000,4406.01855
609.00000,4399.58984
609.50000,4389.54834
610.00000,4379.72461
610.50000,4373.77246
611.00000,4373.93359
611.50000,4378.75928
612.00000,4384.69141
612.50000,4388.30225
613.00000,4388.11133
613.50000,4384.62207
614.00000,4379.69971
614.50000,4375.88525
615.00000,4374.65381
615.50000,4375.84717
616.00000,4377.86523
616.50000,4378.97314
617.00000,4378.55127
617.50000,4376.89453
618.00000,4374.87207
618.50000,4373.44238
619.00000,4373.19043
619.50000,4374.13135
620.00000,4375.88135
620.50000,4378.18604
621.00000,4380.72168
621.50000,4383.33105
622.00000,4385.82959
622.50000,4388.01953
623.00000,4389.60498
623.50000,4390.37256
624.00000,4390.24756
624.50000,4388.95996
625.00000,4386.69727
625.50000,4383.60547
626.00000,4380.12842
626.50000,4377.10938
627.00000,4375.58545
627.50000,4376.17041
628.00000,4378.76416
628.50000,4382.87549
629.00000,4386.85840
629.50000,4389.13916
630.00000,4388.26709
630.50000,4384.38330
631.00000,4378.07666
631.50000,4371.44238
632.00000,4366.46289
632.50000,4365.21484
633.00000,4367.51611
633.50000,4373.06592
634.00000,4380.56348
634.50000,4388.04297
635.00000,4393.39404
635.50000,4395.13818
636.00000,4392.63330
636.50000,4385.35986
637.00000,4375.85791
637.50000,4366.78516
638.00000,4361.06982
638.50000,4359.96826
639.00000,4364.22900
639.50000,4371.77148
640.00000,4380.22998
640.50000,4387.10742
641.00000,4391.35400
641.50000,4392.54639
642.00000,4391.03271
642.50000,4387.53564
643.00000,4381.88965
643.50000,4374.63916
644.00000,4366.78174
644.50000,4360.40918
645.00000,4357.37109
645.50000,4359.34521
646.00000,4365.97607
646.50000,4374.91113
647.00000,4383.13037
647.50000,4388.16846
648.00000,4389.52686
648.50000,4388.11621
649.00000,4386.12891
649.50000,4384.98096
650.00000,4385.15967
650.50000,4386.22900
651.00000,4387.62061
651.50000,4388.88770
652.00000,4389.98828
652.50000,4390.92578
653.00000,4391.43945
653.50000,4390.80127
654.00000,4388.46484
654.50000,4384.44434
655.00000,4378.98828
655.50000,4373.25537
656.00000,4368.27588
656.50000,4365.17139
657.00000,4364.35400
657.50000,4366.49023
658.00000,4371.32178
658.50000,4378.03516
659.00000,4385.27295
659.50000,4391.35010
660.00000,4394.97754
660.50000,4395.46191
661.00000,4393.51514
661.50000,4389.75391
662.00000,4385.27979
662.50000,4380.80225
663.00000,4376.97803
663.50000,4374.29443
664.00000,4373.65625
664.50000,4375.55127
665.00000,4379.10352
665.50000,4382.60107
666.00000,4383.77734
666.50000,4381.30859
667.00000,4374.93115
667.50000,4367.49268
668.00000,4362.11963
668.50000,4361.40283
669.00000,4364.97754
669.50000,4370.71924
670.00000,4374.63281
670.50000,4374.75049
671.00000,4371.45361
671.50000,4368.37939
672.00000,4369.27832
672.50000,4376.17773
673.00000,4387.47070
673.50000,4399.52002
674.00000,4407.59229
674.50000,4408.75684
675.00000,4402.05811
675.50000,4391.54639
676.00000,4381.52295
676.50000,4375.37158
677.00000,4373.53809
677.50000,4375.25488
678.00000,4377.80029
678.50000,4379.55078
679.00000,4379.99365
679.50000,4380.11719
680.00000,4381.17871
680.50000,4383.79395
681.00000,4387.42139
681.50000,4390.64063
682.00000,4392.28809
682.50000,4392.03320
683.00000,4390.41357
683.50000,4388.65820
684.00000,4387.70898
684.50000,4387.90088
685.00000,4389.02832
685.50000,4390.89893
686.00000,4393.13867
686.50000,4395.57373
687.00000,4397.76709
687.50000,4398.97754
688.00000,4398.13574
688.50000,4395.00977
689.00000,4390.17725
689.50000,4384.74463
690.00000,4380.13037
690.50000,4377.14502
691.00000,4375.86914
691.50000,4375.67773
692.00000,4376.52100
692.50000,4378.78613
693.00000,4383.22412
693.50000,4390.71973
694.00000,4399.48877
694.50000,4407.05371
695.00000,4410.54736
695.50000,4409.23535
696.00000,4403.55273
696.50000,4396.76465
697.00000,4391.74072
697.50000,4390.57275
698.00000,4392.01416
698.50000,4393.98047
699.00000,4394.16162
699.50000,4392.22559
700.00000,4389.94727
700.50000,4389.90332
701.00000,4393.24463
701.50000,4399.21973
702.00000,4404.63184
702.50000,4406.27344
703.00000,4402.65625
703.50000,4395.23291
704.00000,4386.85693
704.50000,4381.00977
705.00000,4379.49023
705.50000,4382.27686
706.00000,4386.44922
706.50000,4389.39844
707.00000,4389.87354
707.50000,4388.45264
708.00000,4386.43896
708.50000,4385.24121
709.00000,4385.28809
709.50000,4386.09277
710.00000,4386.60986
710.50000,4386.10791
711.00000,4384.71875
711.50000,4383.18018
712.00000,4382.51855
712.50000,4383.07666
713.00000,4384.70215
713.50000,4386.93994
714.00000,4389.29248
714.50000,4391.56055
715.00000,4393.67969
715.50000,4395.55713
716.00000,4396.84375
716.50000,4397.42383
717.00000,4397.33496
717.50000,4397.11133
718.00000,4397.50146
718.50000,4399.14453
719.00000,4401.61377
719.50000,4403.74902
720.00000,4403.89844
720.50000,4401.77539
721.00000,4397.88672
721.50000,4394.05664
722.00000,4392.12402
722.50000,4393.42920
723.00000,4396.92285
723.50000,4400.43896
724.00000,4400.83838
724.50000,4396.96582
725.00000,4388.84229
725.50000,4378.97266
726.00000,4370.68848
726.50000,4366.86328
727.00000,4367.61328
727.50000,4371.85156
728.00000,4377.85742
728.50000,4383.63525
729.00000,4388.29834
729.50000,4391.94434
730.00000,4395.29590
730.50000,4399.08301
731.00000,4403.49854
731.50000,4408.15381
732.00000,4411.81445
732.50000,4413.12598
733.00000,4410.47461
733.50000,4403.47900
734.00000,4393.49219
734.50000,4383.10156
735.00000,4375.85596
735.50000,4374.50684
736.00000,4380.35059
736.50000,4390.28076
737.00000,4400.27783
737.50000,4405.93945
738.00000,4405.67139
738.50000,4399.83008
739.00000,4393.11670
739.50000,4389.29834
740.00000,4390.11572
740.50000,4393.41992
741.00000,4395.95068
741.50000,4394.87842
742.00000,4389.86572
742.50000,4382.25391
743.00000,4375.35400
743.50000,4371.35449
744.00000,4370.98486
744.50000,4372.75928
745.00000,4375.24805
745.50000,4377.45947
746.00000,4379.57031
746.50000,4382.50244
747.00000,4386.54688
747.50000,4391.48584
748.00000,4396.53760
748.50000,4400.97949
749.00000,4404.23242
749.50000,4406.18115
750.00000,4406.70557
750.50000,4405.31836
751.00000,4402.35742
751.50000,4398.23242
752.00000,4393.98096
752.50000,4390.54639
753.00000,4388.39551
753.50000,4386.76758
754.00000,4384.71387
754.50000,4381.85059
755.00000,4379.19287
755.50000,4378.55762
756.00000,4381.49756
756.50000,4387.72314
757.00000,4395.82324
757.50000,4402.88623
758.00000,4406.80908
758.50000,4406.48828
759.00000,4403.70947
759.50000,4400.39990
760.00000,4398.30371
760.50000,4397.61670
761.00000,4397.35498
761.50000,4396.23389
762.00000,4393.94873
762.50000,4391.33740
763.00000,4389.87695
763.50000,4390.92578
764.00000,4394.58252
764.50000,4399.77539
765.00000,4404.97949
765.50000,4408.80615
766.00000,4410.60547
766.50000,4410.48096
767.00000,4409.54346
767.50000,4408.77393
768.00000,4408.88574
768.50000,4409.90625
769.00000,4411.41895
769.50000,4412.62988
770.00000,4412.93799
770.50000,4412.01221
771.00000,4410.19336
771.50000,4407.92725
772.00000,4405.86621
772.50000,4404.43945
773.00000,4404.08496
773.50000,4404.69873
774.00000,4406.37158
774.50000,4409.19189
775.00000,4413.02539
775.50000,4417.87842
776.00000,4423.29932
776.50000,4428.69385
777.00000,4433.25195
777.50000,4436.55811
778.00000,4438.21826
778.50000,4438.22803
779.00000,4437.12158
779.50000,4435.38086
780.00000,4433.68311
780.50000,4432.40723
781.00000,4431.67334
781.50000,4431.08643
782.00000,4430.13965
782.50000,4428.37158
783.00000,4425.74658
783.50000,4422.37354
784.00000,4418.74609
784.50000,4415.24951
785.00000,4412.35205
785.50000,4410.54932
786.00000,4411.02783
786.50000,4415.12939
787.00000,4423.35010
787.50000,4435.99854
788.00000,4450.42578
788.50000,4463.36279
789.00000,4470.59277
789.50000,4470.93945
790.00000,4464.33398
790.50000,4454.24072
791.00000,4444.97510
791.50000,4440.74609
792.00000,4441.98242
792.50000,4447.22461
793.00000,4453.28271
793.50000,4457.37402
794.00000,4457.96045
794.50000,4455.48193
795.00000,4451.25098
795.50000,4446.36816
796.00000,4441.82129
796.50000,4438.25098
797.00000,4436.50830
797.50000,4437.07715
798.00000,4440.71533
798.50000,4446.78809
799.00000,4453.73096
799.50000,4458.95264
800.00000,4460.59521
800.50000,4457.37744
801.00000,4449.70410
801.50000,4440.38867
802.00000,4432.54688
802.50000,4428.95752
803.00000,4430.92236
803.50000,4439.25439
804.00000,4450.72705
804.50000,4462.00879
805.00000,4469.02686
805.50000,4469.99512
806.00000,4464.29443
806.50000,4455.48730
807.00000,4447.74609
807.50000,4445.61865
808.00000,4449.42090
808.50000,4457.71387
809.00000,4466.47705
809.50000,4472.10156
810.00000,4472.66016
810.50000,4470.18115
811.00000,4467.36279
811.50000,4466.78369
812.00000,4468.63623
812.50000,4471.94678
813.00000,4474.90234
813.50000,4476.49609
814.00000,4476.50732
814.50000,4475.73828
815.00000,4474.51367
815.50000,4472.32764
816.00000,4468.58252
816.50000,4462.91309
817.00000,4456.46289
817.50000,4451.29932
818.00000,4450.18701
818.50000,4453.38965
819.00000,4459.53467
819.50000,4465.31982
820.00000,4467.77930
820.50000,4465.10352
821.00000,4458.59961
821.50000,4451.38672
822.00000,4447.46826
822.50000,4448.55127
823.00000,4454.62988
823.50000,4463.45947
824.00000,4471.41943
824.50000,4475.61328
825.00000,4475.61133
825.50000,4473.14941
826.00000,4471.05078
826.50000,4471.59473
827.00000,4475.52344
827.50000,4481.70068
828.00000,4487.72754
828.50000,4491.72070
829.00000,4493.58496
829.50000,4494.27197
830.00000,4494.68213
830.50000,4494.96143
831.00000,4494.24902
831.50000,4491.51563
832.00000,4487.06006
832.50000,4482.33447
833.00000,4479.67969
833.50000,4480.58691
834.00000,4485.66211
834.50000,4492.48486
835.00000,4498.73340
835.50000,4502.51660
836.00000,4503.85400
836.50000,4503.40186
837.00000,4502.29736
837.50000,4500.58398
838.00000,4497.11523
838.50000,4491.43994
839.00000,4484.07568
839.50000,4477.22217
840.00000,4473.13574
840.50000,4473.76270
841.00000,4477.91504
841.50000,4483.53027
842.00000,4488.21533
842.50000,4491.09717
843.00000,4492.67822
843.50000,4494.51660
844.00000,4497.55176
844.50000,4501.61719
845.00000,4505.18359
845.50000,4506.92285
846.00000,4506.32080
846.50000,4504.79590
847.00000,4504.17383
847.50000,4505.85742
848.00000,4509.78271
848.50000,4515.15967
849.00000,4520.42285
849.50000,4524.90332
850.00000,4528.64404
850.50000,4532.18848
851.00000,4535.72021
851.50000,4538.95557
852.00000,4541.47803
852.50000,4542.95264
853.00000,4543.97021
853.50000,4545.31201
854.00000,4547.76660
854.50000,4551.30127
855.00000,4555.45020
855.50000,4559.31055
856.00000,4562.31982
856.50000,4564.15137
857.00000,4565.26709
857.50000,4565.85938
858.00000,4565.80176
858.50000,4564.75781
859.00000,4562.06006
859.50000,4557.76611
860.00000,4552.52979
860.50000,4547.46240
861.00000,4543.52393
861.50000,4541.21387
862.00000,4540.27100
862.50000,4539.85986
863.00000,4539.48828
863.50000,4539.36133
864.00000,4540.42627
864.50000,4544.47900
865.00000,4551.87744
865.50000,4562.47510
866.00000,4574.37793
866.50000,4584.97119
867.00000,4591.31641
867.50000,4592.67529
868.00000,4589.53271
868.50000,4583.30371
869.00000,4576.76514
869.50000,4572.02393
870.00000,4570.46973
870.50000,4572.13135
871.00000,4576.90771
871.50000,4583.02734
872.00000,4588.79102
872.50000,4592.37598
873.00000,4593.39795
873.50000,4592.20459
874.00000,4590.59766
874.50000,4590.45215
875.00000,4593.47266
875.50000,4599.10449
876.00000,4606.18701
876.50000,4613.12109
877.00000,4618.98340
877.50000,4623.59961
878.00000,4627.38281
878.50000,4630.40771
879.00000,4631.54883
879.50000,4629.87891
880.00000,4624.58740
880.50000,4616.00781
881.00000,4606.32568
881.50000,4597.83301
882.00000,4592.11084
882.50000,4589.28662
883.00000,4589.15479
883.50000,4590.39600
884.00000,4592.71484
884.50000,4596.21240
885.00000,4600.72266
885.50000,4605.82764
886.00000,4610.60840
886.50000,4614.46143
887.00000,4617.19482
887.50000,4619.54199
888.00000,4621.94580
888.50000,4624.13428
889.00000,4625.06787
889.50000,4622.91016
890.00000,4617.04785
890.50000,4608.03369
891.00000,4597.49414
891.50000,4588.22852
892.00000,4582.77100
892.50000,4582.82080
893.00000,4588.00293
893.50000,4597.97363
894.00000,4610.23047
894.50000,4622.41602
895.00000,4631.77637
895.50000,4637.13770
896.00000,4637.66016
896.50000,4634.06543
897.00000,4628.06738
897.50000,4620.80908
898.00000,4613.25439
898.50000,4605.69727
899.00000,4598.54492
899.50000,4592.50537
900.00000,4588.91797
900.50000,4588.75781
901.00000,4591.85742
901.50000,4597.86475
902.00000,4605.11816
902.50000,4612.71094
903.00000,4620.30615
903.50000,4627.88379
904.00000,4634.91357
904.50000,4639.93506
905.00000,4641.31592
905.50000,4636.80713
906.00000,4627.80029
906.50000,4616.67236
907.00000,4607.33691
907.50000,4602.41309
908.00000,4603.19434
908.50000,4607.76807
909.00000,4613.42578
909.50000,4618.17383
910.00000,4622.09668
910.50000,4626.47266
911.00000,4632.60254
911.50000,4639.83398
912.00000,4645.59912
912.50000,4646.94824
913.00000,4642.83887
913.50000,4633.85840
914.00000,4624.55957
914.50000,4619.09229
915.00000,4620.54736
915.50000,4628.09619
916.00000,4639.98291
916.50000,4652.60205
917.00000,4663.66553
917.50000,4671.86768
918.00000,4678.05420
918.50000,4682.81494
919.00000,4686.51709
919.50000,4689.10840
920.00000,4689.85010
920.50000,4688.50879
921.00000,4685.00293
921.50000,4679.07178
922.00000,4671.39209
922.50000,4662.56641
923.00000,4654.18555
923.50000,4648.29688
924.00000,4648.01172
924.50000,4654.03027
925.00000,4665.61670
925.50000,4680.20068
926.00000,4693.44531
926.50000,4701.94678
927.00000,4704.74707
927.50000,4703.78320
928.00000,4701.54980
928.50000,4700.31982
929.00000,4700.31885
929.50000,4700.35449
930.00000,4699.42627
930.50000,4697.99902
931.00000,4698.16895
931.50000,4701.73340
932.00000,4709.73486
932.50000,4719.52100
933.00000,4727.89844
933.50000,4731.79736
934.00000,4731.56006
934.50000,4729.05762
935.00000,4727.54492
935.50000,4728.76172
936.00000,4732.98779
936.50000,4737.98242
937.00000,4741.99707
937.50000,4744.10449
938.00000,4744.88916
938.50000,4744.89404
939.00000,4744.38916
939.50000,4743.24170
940.00000,4741.52979
940.50000,4740.45557
941.00000,4741.77686
941.50000,4746.97607
942.00000,4755.32666
942.50000,4765.28760
943.00000,4774.58984
943.50000,4782.32861
944.00000,4788.94141
944.50000,4795.92383
945.00000,4803.78955
945.50000,4811.43408
946.00000,4817.05273
946.50000,4819.13965
947.00000,4819.10547
947.50000,4819.84082
948.00000,4825.34082
948.50000,4836.15283
949.00000,4851.09131
949.50000,4866.39990
950.00000,4878.48730
950.50000,4884.33545
951.00000,4884.56689
951.50000,4880.90723
952.00000,4875.81055
952.50000,4872.06982
953.00000,4871.81592
953.50000,4875.93896
954.00000,4883.49121
954.50000,4892.93604
955.00000,4901.69043
955.50000,4908.17920
956.00000,4911.99902
956.50000,4914.88867
957.00000,4918.68115
957.50000,4924.34570
958.00000,4931.06250
958.50000,4936.61816
959.00000,4939.07617
959.50000,4937.56885
960.00000,4932.69434
960.50000,4927.00977
961.00000,4922.97656
961.50000,4922.37061
962.00000,4925.50391
962.50000,4932.34863
963.00000,4940.53613
963.50000,4947.48291
964.00000,4949.70361
964.50000,4945.59619
965.00000,4933.94385
965.50000,4917.24609
966.00000,4899.41650
966.50000,4885.14453
967.00000,4876.27539
967.50000,4872.85449
968.00000,4872.54443
968.50000,4871.99854
969.00000,4869.08398
969.50000,4863.95557
970.00000,4858.11572
970.50000,4853.51758
971.00000,4850.77539
971.50000,4849.52979
972.00000,4848.48340
972.50000,4846.50635
973.00000,4843.08057
973.50000,4838.81836
974.00000,4834.62793
974.50000,4831.68262
975.00000,4830.57910
975.50000,4832.11230
976.00000,4836.83252
976.50000,4844.45752
977.00000,4854.75098
977.50000,4865.98535
978.00000,4876.27051
978.50000,4883.26074
979.00000,4886.47461
979.50000,4885.93115
980.00000,4883.25195
980.50000,4880.58447
981.00000,4879.78174
981.50000,4881.18311
982.00000,4884.19824
982.50000,4887.61914
983.00000,4890.37158
983.50000,4892.32764
984.00000,4894.60352
984.50000,4898.74219
985.00000,4906.60693
985.50000,4917.63135
986.00000,4930.03467
986.50000,4940.41895
987.00000,4946.25488
987.50000,4946.05811
988.00000,4941.88184
988.50000,4937.66406
989.00000,4938.21436
989.50000,4944.96777
990.00000,4957.24951
990.50000,4972.08350
991.00000,4985.90918
991.50000,4997.07861
992.00000,5006.69336
992.50000,5016.97607
993.00000,5030.10352
993.50000,5045.50684
994.00000,5061.61523
994.50000,5076.41455
995.00000,5089.44531
995.50000,5101.55273
996.00000,5114.49023
996.50000,5129.20947
997.00000,5146.02197
997.50000,5163.96289
998.00000,5183.00879
998.50000,5204.07959
999.00000,5227.98389
999.50000,5255.33984
1000.00000,5284.45020
1000.50000,5312.92383
1001.00000,5338.07764
1001.50000,5359.89648
1002.00000,5379.28564
1002.50000,5397.92578
1003.00000,5416.44043
1003.50000,5433.12451
1004.00000,5445.22217
1004.50000,5450.26758
1005.00000,5445.73096
1005.50000,5434.05615
1006.00000,5417.10986
1006.50000,5397.91748
1007.00000,5378.99805
1007.50000,5362.07031
1008.00000,5347.46240
1008.50000,5334.81787
1009.00000,5323.04639
1009.50000,5310.30615
1010.00000,5294.75684
1010.50000,5275.54248
1011.00000,5253.58789
1011.50000,5230.59033
1012.00000,5208.85303
1012.50000,5189.56494
1013.00000,5172.62207
1013.50000,5156.08252
1014.00000,5138.03125
1014.50000,5117.60059
1015.00000,5095.74072
1015.50000,5074.90918
1016.00000,5057.72266
1016.50000,5046.12988
1017.00000,5040.91455
1017.50000,5039.56885
1018.00000,5039.40234
1018.50000,5037.19971
1019.00000,5031.30518
1019.50000,5020.83789
1020.00000,5008.02197
1020.50000,4994.98682
1021.00000,4983.95459
1021.50000,4975.66699
1022.00000,4970.50488
1022.50000,4967.86035
1023.00000,4967.26318
1023.50000,4969.06445
1024.00000,4972.64648
1024.50000,4977.34521
1025.00000,4981.69971
1025.50000,4984.38721
1026.00000,4984.48242
1026.50000,4982.71924
1027.00000,4980.46582
1027.50000,4979.22949
1028.00000,4979.34961
1028.50000,4980.35645
1029.00000,4980.99023
1029.50000,4980.15674
1030.00000,4976.81152
1030.50000,4970.98535
1031.00000,4963.07861
1031.50000,4953.80762
1032.00000,4944.87646
1032.50000,4938.19873
1033.00000,4935.48633
1033.50000,4936.76758
1034.00000,4941.59863
1034.50000,4947.73877
1035.00000,4953.57959
1035.50000,4958.29834
1036.00000,4962.36377
1036.50000,4966.20654
1037.00000,4969.62500
1037.50000,4971.75000
1038.00000,4971.13281
1038.50000,4967.87158
1039.00000,4962.84131
1039.50000,4957.56836
1040.00000,4953.37109
1040.50000,4951.05908
1041.00000,4950.93457
1041.50000,4953.05713
1042.00000,4957.83252
1042.50000,4963.76709
1043.00000,4968.19727
1043.50000,4966.86523
1044.00000,4958.34229
1044.50000,4943.25586
1045.00000,4927.26514
1045.50000,4916.76270
1046.00000,4918.25488
1046.50000,4929.65820
1047.00000,4946.56543
1047.50000,4962.39111
1048.00000,4973.34082
1048.50000,4979.03076
1049.00000,4982.79150
1049.50000,4987.35400
1050.00000,4993.01367
1050.50000,4997.16797
1051.00000,4996.94287
1051.50000,4991.04346
1052.00000,4981.86084
1052.50000,4972.46826
1053.00000,4965.55518
1053.50000,4961.70068
1054.00000,4960.63965
1054.50000,4960.97070
1055.00000,4962.73486
1055.50000,4966.70557
1056.00000,4973.11133
1056.50000,4981.76709
1057.00000,4990.92529
1057.50000,4998.78516
1058.00000,5003.39404
1058.50000,5004.75830
1059.00000,5002.96777
1059.50000,4998.93164
1060.00000,4994.08643
1060.50000,4989.92285
1061.00000,4987.83594
1061.50000,4988.81836
1062.00000,4993.77539
1062.50000,5001.40039
1063.00000,5010.08789
1063.50000,5017.12305
1064.00000,5020.23877
1064.50000,5016.88721
1065.00000,5007.96826
1065.50000,4995.75732
1066.00000,4984.49072
1066.50000,4978.23779
1067.00000,4980.21777
1067.50000,4990.04639
1068.00000,5004.02637
1068.50000,5017.56104
1069.00000,5026.85645
1069.50000,5030.52051
1070.00000,5029.21094
1070.50000,5026.10596
1071.00000,5023.30127
1071.50000,5021.63135
1072.00000,5020.48389
1072.50000,5018.77002
1073.00000,5016.18066
1073.50000,5013.35840
1074.00000,5011.76660
1074.50000,5012.27441
1075.00000,5015.14063
1075.50000,5019.13867
1076.00000,5022.79834
1076.50000,5025.06299
1077.00000,5026.65771
1077.50000,5029.14893
1078.00000,5034.35205
1078.50000,5042.09766
1079.00000,5050.60938
1079.50000,5056.60693
1080.00000,5057.97998
1080.50000,5053.97998
1081.00000,5048.54053
1081.50000,5045.62549
1082.00000,5048.13379
1082.50000,5054.55615
1083.00000,5060.94531
1083.50000,5062.73438
1084.00000,5058.48145
1084.50000,5049.97266
1085.00000,5043.06689
1085.50000,5042.47070
1086.00000,5049.60449
1086.50000,5060.78027
1087.00000,5070.99072
1087.50000,5076.53271
1088.00000,5077.25781
1088.50000,5075.59912
1089.00000,5075.28174
1089.50000,5077.85938
1090.00000,5082.08789
1090.50000,5085.29150
1091.00000,5085.13672
1091.50000,5082.15283
1092.00000,5078.22559
1092.50000,5075.80713
1093.00000,5075.80518
1093.50000,5078.17920
1094.00000,5081.96875
1094.50000,5086.34570
1095.00000,5091.02881
1095.50000,5095.60059
1096.00000,5099.36182
1096.50000,5101.41992
1097.00000,5102.22461
1097.50000,5103.39795
1098.00000,5107.44775
1098.50000,5115.56641
1099.00000,5127.52393
1099.50000,5139.65820
1100.00000,5148.36914
1100.50000,5150.90967
1101.00000,5148.78613
1101.50000,5144.54346
1102.00000,5141.46826
1102.50000,5140.84131
1103.00000,5142.34131
1103.50000,5143.92041
1104.00000,5144.33887
1104.50000,5143.34912
1105.00000,5141.77734
1105.50000,5140.20410
1106.00000,5138.74365
1106.50000,5137.29150
1107.00000,5136.26074
1107.50000,5136.53320
1108.00000,5139.16699
1108.50000,5144.42236
1109.00000,5150.77637
1109.50000,5155.98779
1110.00000,5158.24170
1110.50000,5157.37256
1111.00000,5154.66553
1111.50000,5153.15332
1112.00000,5155.34766
1112.50000,5162.28369
1113.00000,5172.09570
1113.50000,5181.81348
1114.00000,5188.30713
1114.50000,5190.40771
1115.00000,5188.86523
1115.50000,5187.49268
1116.00000,5189.58887
1116.50000,5196.44873
1117.00000,5205.78516
1117.50000,5213.61670
1118.00000,5216.91504
1118.50000,5215.81885
1119.00000,5213.72803
1119.50000,5215.54541
1120.00000,5224.71924
1120.50000,5240.56689
1121.00000,5258.69385
1121.50000,5273.94580
1122.00000,5283.72998
1122.50000,5288.35889
1123.00000,5290.19580
1123.50000,5292.55908
1124.00000,5297.11377
1124.50000,5303.78809
1125.00000,5311.58496
1125.50000,5319.86914
1126.00000,5328.15381
1126.50000,5335.83203
1127.00000,5341.37891
1127.50000,5343.64258
1128.00000,5341.81885
1128.50000,5337.92822
1129.00000,5335.80908
1129.50000,5341.11377
1130.00000,5355.17285
1130.50000,5376.77832
1131.00000,5400.67969
1131.50000,5420.11865
1132.00000,5429.74170
1132.50000,5430.17871
1133.00000,5426.60547
1133.50000,5426.85498
1134.00000,5435.91943
1134.50000,5455.17041
1135.00000,5480.84473
1135.50000,5505.53418
1136.00000,5522.59082
1136.50000,5530.26904
1137.00000,5531.35107
1137.50000,5530.96924
1138.00000,5534.61230
1138.50000,5545.00977
1139.00000,5561.60010
1139.50000,5580.76660
1140.00000,5599.55615
1140.50000,5616.62549
1141.00000,5632.66162
1141.50000,5649.54102
1142.00000,5668.56689
1142.50000,5690.39111
1143.00000,5715.08252
1143.50000,5742.52686
1144.00000,5774.15527
1144.50000,5810.54980
1145.00000,5851.72119
1145.50000,5897.07031
1146.00000,5944.05811
1146.50000,5991.55127
1147.00000,6039.92432
1147.50000,6090.83496
1148.00000,6147.21045
1148.50000,6209.45996
1149.00000,6276.76904
1149.50000,6347.48535
1150.00000,6419.01318
1150.50000,6490.08057
1151.00000,6559.99902
1151.50000,6628.36328
1152.00000,6693.79590
1152.50000,6755.46729
1153.00000,6812.27881
1153.50000,6862.43994
1154.00000,6905.42725
1154.50000,6937.59668
1155.00000,6955.61865
1155.50000,6958.14648
1156.00000,6941.68555
1156.50000,6911.38721
1157.00000,6870.87549
1157.50000,6823.35742
1158.00000,6771.37549
1158.50000,6713.42090
1159.00000,6647.97852
1159.50000,6575.12842
1160.00000,6495.68506
1160.50000,6414.72559
1161.00000,6336.73779
1161.50000,6265.99316
1162.00000,6203.22607
1162.50000,6149.20947
1163.00000,6101.70215
1163.50000,6058.09277
1164.00000,6016.55420
1164.50000,5975.31787
1165.00000,5934.11084
1165.50000,5893.43164
1166.00000,5853.82471
1166.50000,5815.78857
1167.00000,5779.21240
1167.50000,5744.12842
1168.00000,5711.65381
1168.50000,5682.45947
1169.00000,5657.68408
1169.50000,5637.40137
1170.00000,5619.93164
1170.50000,5603.74854
1171.00000,5587.42725
1171.50000,5570.84521
1172.00000,5555.11377
1172.50000,5541.46875
1173.00000,5531.11523
1173.50000,5524.30078
1174.00000,5519.99463
1174.50000,5517.19336
1175.00000,5514.45850
1175.50000,5511.14307
1176.00000,5507.58350
1176.50000,5505.19775
1177.00000,5506.00293
1177.50000,5511.03760
1178.00000,5519.16357
1178.50000,5527.83936
1179.00000,5533.60010
1179.50000,5534.19678
1180.00000,5528.89600
1180.50000,5520.72070
1181.00000,5512.83936
1181.50000,5508.20801
1182.00000,5507.73877
1182.50000,5511.92236
1183.00000,5519.26025
1183.50000,5529.26465
1184.00000,5542.06836
1184.50000,5557.03809
1185.00000,5573.14551
1185.50000,5587.84229
1186.00000,5598.53662
1186.50000,5602.01416
1187.00000,5599.44824
1187.50000,5593.00537
1188.00000,5586.57715
1188.50000,5583.36426
1189.00000,5585.10400
1189.50000,5590.50146
1190.00000,5597.17676
1190.50000,5602.82568
1191.00000,5606.50781
1191.50000,5607.98389
1192.00000,5607.32422
1192.50000,5604.98730
1193.00000,5601.34375
1193.50000,5597.79639
1194.00000,5595.90234
1194.50000,5597.20117
1195.00000,5600.48096
1195.50000,5603.59717
1196.00000,5603.83838
1196.50000,5600.53809
1197.00000,5594.27197
1197.50000,5587.06152
1198.00000,5579.55420
1198.50000,5570.12012
1199.00000,5557.04980
1199.50000,5539.69336
1200.00000,5520.83203
1200.50000,5505.11230
1201.00000,5497.23096
1201.50000,5496.33691
1202.00000,5498.30518
1202.50000,5496.84375
1203.00000,5488.96973
1203.50000,5475.33057
1204.00000,5461.37744
1204.50000,5453.01660
1205.00000,5455.18457
1205.50000,5465.99365
1206.00000,5481.45654
1206.50000,5495.78174
1207.00000,5504.47656
1207.50000,5504.63232
1208.00000,5497.11035
1208.50000,5485.72266
1209.00000,5475.13086
1209.50000,5469.20068
1210.00000,5469.45996
1210.50000,5474.95557
1211.00000,5481.51611
1211.50000,5485.48389
1212.00000,5485.04736
1212.50000,5481.16504
1213.00000,5475.88184
1213.50000,5471.61914
1214.00000,5469.13525
1214.50000,5467.66211
1215.00000,5465.58350
1215.50000,5461.80371
1216.00000,5456.68359
1216.50000,5451.46582
1217.00000,5447.42676
1217.50000,5444.26367
1218.00000,5440.50684
1218.50000,5433.76758
1219.00000,5423.14063
1219.50000,5408.82861
1220.00000,5393.75146
1220.50000,5381.07861
1221.00000,5374.17627
1221.50000,5372.14551
1222.00000,5373.19189
1222.50000,5374.20752
1223.00000,5373.16699
1223.50000,5369.70752
1224.00000,5365.68945
1224.50000,5363.11279
1225.00000,5363.72900
1225.50000,5366.79297
1226.00000,5371.14453
1226.50000,5375.17383
1227.00000,5378.05029
1227.50000,5379.65088
1228.00000,5380.80469
1228.50000,5382.19580
1229.00000,5384.18896
1229.50000,5386.51318
1230.00000,5388.89551
1230.50000,5391.33447
1231.00000,5394.20020
1231.50000,5398.02246
1232.00000,5402.39209
1232.50000,5405.95947
1233.00000,5406.14014
1233.50000,5401.87109
1234.00000,5393.04053
1234.50000,5382.38379
1235.00000,5373.64111
1235.50000,5370.65039
1236.00000,5373.31445
1236.50000,5379.77393
1237.00000,5386.98535
1237.50000,5392.77686
1238.00000,5397.23926
1238.50000,5402.46338
1239.00000,5410.08545
1239.50000,5420.41162
1240.00000,5430.78174
1240.50000,5438.07275
1241.00000,5439.35693
1241.50000,5435.33643
1242.00000,5427.68262
1242.50000,5419.82617
1243.00000,5414.20215
1243.50000,5412.34082
1244.00000,5412.89600
1244.50000,5414.41260
1245.00000,5415.50781
1245.50000,5415.94922
1246.00000,5416.56152
1246.50000,5418.67529
1247.00000,5423.04688
1247.50000,5429.97656
1248.00000,5437.65430
1248.50000,5443.94385
1249.00000,5446.56689
1249.50000,5445.25879
1250.00000,5440.85645
1250.50000,5436.60107
1251.00000,5435.59375
1251.50000,5440.76953
1252.00000,5450.35840
1252.50000,5461.52686
1253.00000,5470.36719
1253.50000,5475.35791
1254.00000,5477.32031
1254.50000,5479.82568
1255.00000,5485.51074
1255.50000,5495.28223
1256.00000,5506.30273
1256.50000,5515.90283
1257.00000,5522.92627
1257.50000,5528.78125
1258.00000,5535.29590
1258.50000,5542.25781
1259.00000,5547.23877
1259.50000,5546.47119
1260.00000,5540.24756
1260.50000,5531.19775
1261.00000,5524.36133
1261.50000,5522.43701
1262.00000,5524.91602
1262.50000,5526.79639
1263.00000,5524.02930
1263.50000,5515.43213
1264.00000,5505.68945
1264.50000,5500.75928
1265.00000,5504.36670
1265.50000,5514.75049
1266.00000,5527.02783
1266.50000,5534.90723
1267.00000,5535.38330
1267.50000,5529.35693
1268.00000,5521.84717
1268.50000,5517.07813
1269.00000,5517.01807
1269.50000,5520.64893
1270.00000,5525.99023
1270.50000,5530.66113
1271.00000,5533.88379
1271.50000,5536.11182
1272.00000,5538.43555
1272.50000,5541.28906
1273.00000,5544.01221
1273.50000,5545.47754
1274.00000,5544.32813
1274.50000,5541.18018
1275.00000,5537.26904
1275.50000,5534.59961
1276.00000,5534.22363
1276.50000,5536.36035
1277.00000,5539.57813
1277.50000,5542.12402
1278.00000,5541.76563
1278.50000,5537.95020
1279.00000,5530.50879
1279.50000,5520.75830
1280.00000,5511.28027
1280.50000,5505.07031
1281.00000,5503.57031
1281.50000,5506.31641
1282.00000,5511.36133
1282.50000,5515.27686
1283.00000,5515.83789
1283.50000,5512.78174
1284.00000,5508.11328
1284.50000,5504.06836
1285.00000,5501.77539
1285.50000,5500.94531
1286.00000,5500.52734
1286.50000,5499.48047
1287.00000,5497.48242
1287.50000,5494.95898
1288.00000,5492.68311
1288.50000,5491.64746
1289.00000,5492.38232
1289.50000,5495.05811
1290.00000,5499.16992
1290.50000,5502.93262
1291.00000,5504.25732
1291.50000,5501.89795
1292.00000,5496.71289
1292.50000,5491.09375
1293.00000,5487.85840
1293.50000,5488.23828
1294.00000,5491.46045
1294.50000,5494.44629
1295.00000,5494.23926
1295.50000,5489.63574
1296.00000,5481.88770
1296.50000,5473.50195
1297.00000,5467.51270
1297.50000,5465.77197
1298.00000,5468.60645
1298.50000,5473.44141
1299.00000,5477.17725
1299.50000,5477.10059
1300.00000,5472.96484
1300.50000,5466.72461
1301.00000,5462.20557
1301.50000,5461.72803
1302.00000,5465.00439
1302.50000,5468.68506
1303.00000,5469.60986
1303.50000,5467.64746
1304.00000,5465.70068
1304.50000,5468.58887
1305.00000,5476.85547
1305.50000,5487.70459
1306.00000,5494.87646
1306.50000,5494.65869
1307.00000,5487.22363
1307.50000,5479.54248
1308.00000,5478.16309
1308.50000,5486.77051
1309.00000,5499.54248
1309.50000,5509.09717
1310.00000,5508.93555
1310.50000,5499.74023
1311.00000,5485.91504
1311.50000,5474.89209
1312.00000,5470.74609
1312.50000,5474.57959
1313.00000,5481.81885
1313.50000,5488.80566
1314.00000,5493.02686
1314.50000,5494.44873
1315.00000,5493.59668
1315.50000,5491.74512
1316.00000,5489.64453
1316.50000,5488.27979
1317.00000,5488.52100
1317.50000,5491.09326
1318.00000,5495.30469
1318.50000,5499.06689
1319.00000,5499.13672
1319.50000,5494.13379
1320.00000,5484.57666
1320.50000,5473.68750
1321.00000,5466.35156
1321.50000,5467.06250
1322.00000,5476.56006
1322.50000,5490.80859
1323.00000,5503.96826
1323.50000,5511.26270
1324.00000,5511.08838
1324.50000,5505.23779
1325.00000,5498.69922
1325.50000,5495.11426
1326.00000,5495.29297
1326.50000,5497.47754
1327.00000,5499.53076
1327.50000,5500.77051
1328.00000,5502.37109
1328.50000,5506.29980
1329.00000,5512.55957
1329.50000,5519.06445
1330.00000,5522.58057
1330.50000,5521.58105
1331.00000,5516.16602
1331.50000,5510.08398
1332.00000,5506.33936
1332.50000,5506.42188
1333.00000,5508.70850
1333.50000,5510.84668
1334.00000,5511.17236
1334.50000,5509.98975
1335.00000,5508.79395
1335.50000,5508.61230
1336.00000,5508.74609
1336.50000,5507.33643
1337.00000,5503.94238
1337.50000,5500.52490
1338.00000,5501.00342
1338.50000,5508.05615
1339.00000,5522.06348
1339.50000,5537.21826
1340.00000,5547.24707
1340.50000,5547.87402
1341.00000,5541.18652
1341.50000,5532.36230
1342.00000,5527.97559
1342.50000,5530.65039
1343.00000,5538.63379
1343.50000,5546.26367
1344.00000,5549.64648
1344.50000,5548.14795
1345.00000,5544.40674
1345.50000,5541.44922
1346.00000,5540.74902
1346.50000,5541.88721
1347.00000,5543.54297
1347.50000,5544.76855
1348.00000,5545.85498
1348.50000,5547.91602
1349.00000,5551.67773
1349.50000,5557.17188
1350.00000,5562.91602
1350.50000,5567.20410
1351.00000,5568.06055
1351.50000,5565.29590
1352.00000,5559.33984
1352.50000,5552.65137
1353.00000,5548.13574
1353.50000,5549.31104
1354.00000,5556.20996
1354.50000,5567.49414
1355.00000,5579.49902
1355.50000,5587.99561
1356.00000,5589.77246
1356.50000,5585.21826
1357.00000,5577.32080
1357.50000,5570.52051
1358.00000,5568.44678
1358.50000,5572.80420
1359.00000,5582.40479
1359.50000,5592.91846
1360.00000,5599.67773
1360.50000,5599.82910
1361.00000,5593.35352
1361.50000,5581.29004
1362.00000,5568.22119
1362.50000,5557.28027
1363.00000,5551.13721
1363.50000,5550.26416
1364.00000,5555.17529
1364.50000,5563.93311
1365.00000,5574.14404
1365.50000,5582.77246
1366.00000,5587.77637
1366.50000,5587.81641
1367.00000,5583.27588
1367.50000,5576.42578
1368.00000,5569.80322
1368.50000,5565.58740
1369.00000,5564.77246
1369.50000,5567.71143
1370.00000,5572.56738
1370.50000,5577.75098
1371.00000,5581.73145
1371.50000,5584.04199
1372.00000,5584.61523
1372.50000,5584.12158
1373.00000,5582.84180
1373.50000,5580.77441
1374.00000,5578.44189
1374.50000,5576.83936
1375.00000,5577.19922
1375.50000,5579.88086
1376.00000,5584.65576
1376.50000,5589.99365
1377.00000,5595.04102
1377.50000,5600.07080
1378.00000,5606.24023
1378.50000,5614.63135
1379.00000,5624.66992
1379.50000,5634.35156
1380.00000,5641.13721
1380.50000,5644.74414
1381.00000,5646.06006
1381.50000,5646.75537
1382.00000,5647.91797
1382.50000,5649.24414
1383.00000,5649.65234
1383.50000,5648.65723
1384.00000,5646.75830
1384.50000,5645.62061
1385.00000,5646.59082
1385.50000,5649.79248
1386.00000,5653.70947
1386.50000,5656.80713
1387.00000,5658.44238
1387.50000,5659.23584
1388.00000,5660.57568
1388.50000,5663.21924
1389.00000,5666.71289
1389.50000,5669.12158
1390.00000,5668.67139
1390.50000,5664.29541
1391.00000,5658.07275
1391.50000,5653.17969
1392.00000,5653.13867
1392.50000,5657.61377
1393.00000,5664.64111
1393.50000,5670.21240
1394.00000,5671.40527
1394.50000,5666.58252
1395.00000,5658.07959
1395.50000,5649.23389
1396.00000,5644.12646
1396.50000,5644.23291
1397.00000,5649.46240
1397.50000,5657.55811
1398.00000,5665.41357
1398.50000,5670.37158
1399.00000,5672.08740
1399.50000,5671.69336
1400.00000,5671.06006
1400.50000,5671.32422
1401.00000,5671.95947
1401.50000,5671.22168
1402.00000,5668.27441
1402.50000,5664.03662
1403.00000,5661.10889
1403.50000,5661.25977
1404.00000,5664.45752
1404.50000,5667.86963
1405.00000,5668.74121
1405.50000,5666.23242
1406.00000,5662.02246
1406.50000,5658.59766
1407.00000,5657.09766
1407.50000,5656.71729
1408.00000,5655.92578
1408.50000,5654.62744
1409.00000,5654.52100
1409.50000,5657.51172
1410.00000,5663.44971
1410.50000,5669.91455
1411.00000,5673.28076
1411.50000,5671.58350
1412.00000,5665.90674
1412.50000,5660.75000
1413.00000,5660.50732
1413.50000,5666.38330
1414.00000,5676.56055
1414.50000,5688.10547
1415.00000,5697.73291
1415.50000,5703.49023
1416.00000,5704.34131
1416.50000,5701.16504
1417.00000,5694.82666
1417.50000,5688.06250
1418.00000,5683.76221
1418.50000,5684.99658
1419.00000,5690.83740
1419.50000,5699.29590
1420.00000,5706.78418
1420.50000,5710.81299
1421.00000,5709.94971
1421.50000,5705.37988
1422.00000,5698.54297
1422.50000,5690.57275
1423.00000,5683.13672
1423.50000,5678.41406
1424.00000,5678.92041
1424.50000,5685.04883
1425.00000,5695.76660
1425.50000,5706.48682
1426.00000,5713.11963
1426.50000,5712.75977
1427.00000,5708.05566
1427.50000,5702.71680
1428.00000,5700.77344
1428.50000,5702.94189
1429.00000,5708.59766
1429.50000,5715.52393
1430.00000,5722.48291
1430.50000,5728.40723
1431.00000,5732.21289
1431.50000,5731.96436
1432.00000,5726.87891
1432.50000,5718.82373
1433.00000,5712.29639
1433.50000,5711.65527
1434.00000,5718.75488
1434.50000,5732.22998
1435.00000,5746.58350
1435.50000,5756.88623
1436.00000,5760.70313
1436.50000,5759.25830
1437.00000,5755.16602
1437.50000,5752.39014
1438.00000,5753.08740
1438.50000,5757.44629
1439.00000,5763.26660
1439.50000,5768.44873
1440.00000,5771.96875
1440.50000,5774.68311
1441.00000,5778.67725
1441.50000,5784.69238
1442.00000,5791.16797
1442.50000,5793.73389
1443.00000,5789.86084
1443.50000,5780.00488
1444.00000,5769.85400
1444.50000,5764.97949
1445.00000,5769.37207
1445.50000,5778.36377
1446.00000,5786.06348
1446.50000,5787.43848
1447.00000,5783.82373
1447.50000,5780.51855
1448.00000,5782.34912
1448.50000,5788.85059
1449.00000,5795.01563
1449.50000,5795.63135
1450.00000,5789.23291
1450.50000,5779.90527
1451.00000,5773.70313
1451.50000,5774.73340
1452.00000,5780.48584
1452.50000,5785.80078
1453.00000,5786.06445
1453.50000,5782.33105
1454.00000,5777.91699
1454.50000,5776.66553
1455.00000,5779.05762
1455.50000,5782.83545
1456.00000,5784.17725
1456.50000,5781.12305
1457.00000,5774.11133
1457.50000,5766.63037
1458.00000,5760.90723
1458.50000,5757.28662
1459.00000,5754.44092
1459.50000,5751.33350
1460.00000,5748.73242
1460.50000,5749.18555
1461.00000,5756.49512
1461.50000,5770.58398
1462.00000,5788.71729
1462.50000,5804.89600
1463.00000,5814.40283
1463.50000,5813.67676
1464.00000,5806.26758
1464.50000,5796.55176
1465.00000,5789.26563
1465.50000,5785.97705
1466.00000,5786.36182
1466.50000,5788.31104
1467.00000,5790.95557
1467.50000,5794.89844
1468.00000,5800.14307
1468.50000,5805.54980
1469.00000,5808.51416
1469.50000,5807.64209
1470.00000,5803.19727
1470.50000,5798.68750
1471.00000,5797.34619
1471.50000,5800.73975
1472.00000,5805.67285
1472.50000,5808.52393
1473.00000,5806.58643
1473.50000,5801.13330
1474.00000,5795.29736
1474.50000,5792.69434
1475.00000,5794.72949
1475.50000,5801.06348
1476.00000,5809.08154
1476.50000,5817.62305
1477.00000,5826.19482
1477.50000,5834.60254
1478.00000,5842.08789
1478.50000,5847.58838
1479.00000,5850.21826
1479.50000,5849.09570
1480.00000,5845.74561
1480.50000,5841.45264
1481.00000,5838.05957
1481.50000,5837.00928
1482.00000,5839.85645
1482.50000,5846.17285
1483.00000,5854.72559
1483.50000,5863.62207
1484.00000,5871.38379
1484.50000,5878.12939
1485.00000,5885.28857
1485.50000,5894.03125
1486.00000,5904.46680
1486.50000,5914.59033
1487.00000,5921.99268
1487.50000,5924.28320
1488.00000,5922.22461
1488.50000,5917.87207
1489.00000,5914.94092
1489.50000,5916.39648
1490.00000,5925.24512
1490.50000,5939.97900
1491.00000,5957.68066
1491.50000,5973.46729
1492.00000,5983.87646
1492.50000,5987.85889
1493.00000,5989.36475
1493.50000,5992.80859
1494.00000,6001.20410
1494.50000,6012.34961
1495.00000,6022.82568
1495.50000,6030.13672
1496.00000,6036.35010
1496.50000,6047.07324
1497.00000,6066.40234
1497.50000,6092.99609
1498.00000,6121.75391
1498.50000,6146.00586
1499.00000,6163.03320
1499.50000,6175.50781
1500.00000,6190.02930
1500.50000,6212.86670
1501.00000,6244.69678
1501.50000,6281.44434
1502.00000,6318.36035
1502.50000,6352.41064
1503.00000,6383.59863
1503.50000,6414.61328
1504.00000,6448.71045
1504.50000,6489.20605
1505.00000,6536.43994
1505.50000,6588.43555
1506.00000,6642.37109
1506.50000,6694.79395
1507.00000,6743.83154
1507.50000,6789.73096
1508.00000,6834.69531
1508.50000,6880.99951
1509.00000,6929.47314
1509.50000,6979.22949
1510.00000,7028.48291
1510.50000,7075.83789
1511.00000,7120.03906
1511.50000,7160.09424
1512.00000,7195.73389
1512.50000,7226.18555
1513.00000,7253.33057
1513.50000,7279.40820
1514.00000,7305.70557
1514.50000,7330.77246
1515.00000,7350.20654
1515.50000,7359.40332
1516.00000,7357.56934
1516.50000,7345.24121
1517.00000,7328.56445
1517.50000,7311.58154
1518.00000,7295.27295
1518.50000,7277.57422
1519.00000,7255.48828
1519.50000,7227.84619
1520.00000,7195.84766
1520.50000,7160.66602
1521.00000,7123.81592
1521.50000,7085.06201
1522.00000,7043.51318
1522.50000,6999.53369
1523.00000,6954.08496
1523.50000,6909.23877
1524.00000,6866.61719
1524.50000,6827.56836
1525.00000,6790.81494
1525.50000,6754.30908
1526.00000,6715.17871
1526.50000,6671.83887
1527.00000,6623.00879
1527.50000,6569.86133
1528.00000,6514.54590
1528.50000,6459.95117
1529.00000,6409.01709
1529.50000,6364.22070
1530.00000,6326.71680
1530.50000,6294.58887
1531.00000,6265.84473
1531.50000,6237.87256
1532.00000,6210.34082
1532.50000,6186.16992
1533.00000,6168.04199
1533.50000,6156.43311
1534.00000,6146.96191
1534.50000,6133.14502
1535.00000,6109.41943
1535.50000,6078.06836
1536.00000,6045.84424
1536.50000,6022.52588
1537.00000,6010.86719
1537.50000,6007.82422
1538.00000,6005.88184
1538.50000,5999.40381
1539.00000,5986.65576
1539.50000,5971.60498
1540.00000,5958.20264
1540.50000,5949.00635
1541.00000,5942.57959
1541.50000,5937.93018
1542.00000,5935.39063
1542.50000,5935.98535
1543.00000,5940.42871
1543.50000,5945.61035
1544.00000,5946.95166
1544.50000,5938.89355
1545.00000,5923.28564
1545.50000,5904.36523
1546.00000,5889.14063
1546.50000,5881.76465
1547.00000,5884.02930
1547.50000,5890.86816
1548.00000,5897.46484
1548.50000,5900.50391
1549.00000,5901.33594
1549.50000,5902.80859
1550.00000,5907.04199
1550.50000,5913.17334
1551.00000,5917.56934
1551.50000,5916.82666
1552.00000,5909.73145
1552.50000,5899.43799
1553.00000,5891.38916
1553.50000,5890.23145
1554.00000,5896.16504
1554.50000,5905.71680
1555.00000,5913.59424
1555.50000,5916.39795
1556.00000,5914.51904
1556.50000,5912.13184
1557.00000,5913.41260
1557.50000,5920.36475
1558.00000,5929.88281
1558.50000,5936.98926
1559.00000,5935.62012
1559.50000,5926.30322
1560.00000,5912.67627
1560.50000,5900.39014
1561.00000,5892.87207
1561.50000,5890.88574
1562.00000,5891.03613
1562.50000,5890.03662
1563.00000,5885.99414
1563.50000,5881.31250
1564.00000,5879.27686
1564.50000,5882.44775
1565.00000,5889.98779
1565.50000,5899.19971
1566.00000,5906.03076
1566.50000,5908.16113
1567.00000,5906.14844
1567.50000,5903.73242
1568.00000,5903.59717
1568.50000,5905.97998
1569.00000,5908.33545
1569.50000,5907.04199
1570.00000,5901.44287
1570.50000,5894.28613
1571.00000,5890.89355
1571.50000,5893.91504
1572.00000,5903.49902
1572.50000,5915.69629
1573.00000,5926.17188
1573.50000,5931.99609
1574.00000,5934.71191
1574.50000,5936.61133
1575.00000,5938.85742
1575.50000,5940.56885
1576.00000,5939.73584
1576.50000,5935.50391
1577.00000,5929.13330
1577.50000,5923.18506
1578.00000,5919.31348
1578.50000,5917.33398
1579.00000,5915.78418
1579.50000,5913.68994
1580.00000,5912.24707
1580.50000,5914.63037
1581.00000,5923.16406
1581.50000,5938.21777
1582.00000,5954.53809
1582.50000,5966.40820
1583.00000,5968.52637
1583.50000,5961.37988
1584.00000,5947.29150
1584.50000,5932.37695
1585.00000,5921.04639
1585.50000,5916.87158
1586.00000,5918.87158
1586.50000,5925.93018
1587.00000,5934.77344
1587.50000,5940.82080
1588.00000,5939.54199
1588.50000,5931.78955
1589.00000,5922.22070
1589.50000,5918.79395
1590.00000,5925.04053
1590.50000,5940.00879
1591.00000,5955.95898
1591.50000,5964.97119
1592.00000,5963.80127
1592.50000,5957.66260
1593.00000,5952.42432
1593.50000,5951.10156
1594.00000,5950.20654
1594.50000,5944.34082
1595.00000,5932.38428
1595.50000,5919.69385
1596.00000,5914.25537
1596.50000,5918.76465
1597.00000,5930.20020
1597.50000,5940.92725
1598.00000,5944.44775
1598.50000,5939.37939
1599.00000,5929.67725
1599.50000,5919.87158
1600.00000,5912.56543
1600.50000,5907.69287
1601.00000,5905.15479
1601.50000,5906.06104
1602.00000,5910.33789
1602.50000,5917.34033
1603.00000,5924.41699
1603.50000,5929.19775
1604.00000,5930.33252
1604.50000,5929.66064
1605.00000,5929.28564
1605.50000,5930.33203
1606.00000,5931.79541
1606.50000,5931.80859
1607.00000,5929.10693
1607.50000,5924.08154
1608.00000,5918.47021
1608.50000,5914.82080
1609.00000,5914.57373
1609.50000,5917.55029
1610.00000,5921.24854
1610.50000,5922.66650
1611.00000,5920.01807
1611.50000,5914.15137
1612.00000,5908.13770
1612.50000,5905.05908
1613.00000,5906.19482
1613.50000,5910.32178
1614.00000,5914.41357
1614.50000,5915.90869
1615.00000,5914.86621
1615.50000,5913.05762
1616.00000,5912.80176
1616.50000,5914.91016
1617.00000,5919.03955
1617.50000,5923.41699
1618.00000,5926.09961
1618.50000,5925.91260
1619.00000,5923.81396
1619.50000,5921.46631
1620.00000,5920.61963
1620.50000,5921.22314
1621.00000,5921.96045
1621.50000,5921.08545
1622.00000,5918.72900
1622.50000,5916.69873
1623.00000,5917.08350
1623.50000,5920.30811
1624.00000,5924.72363
1624.50000,5927.50781
1625.00000,5927.64355
1625.50000,5926.51270
1626.00000,5925.98145
1626.50000,5926.46582
1627.00000,5926.22754
1627.50000,5923.39404
1628.00000,5918.15234
1628.50000,5913.27051
1629.00000,5911.08936
1629.50000,5911.55273
1630.00000,5912.43555
1630.50000,5911.37500
1631.00000,5908.94727
1631.50000,5907.64307
1632.00000,5909.93066
1632.50000,5915.12109
1633.00000,5921.09570
1633.50000,5925.38721
1634.00000,5927.60400
1634.50000,5928.99512
1635.00000,5930.85938
1635.50000,5932.94678
1636.00000,5933.83887
1636.50000,5932.71240
1637.00000,5929.56104
1637.50000,5925.89404
1638.00000,5922.83838
1638.50000,5921.15430
1639.00000,5920.86865
1639.50000,5922.52783
1640.00000,5926.94775
1640.50000,5933.62500
1641.00000,5940.96289
1641.50000,5946.27295
1642.00000,5947.58789
1642.50000,5943.44727
1643.00000,5936.48145
1643.50000,5929.94189
1644.00000,5927.17773
1644.50000,5928.74609
1645.00000,5933.92725
1645.50000,5940.04785
1646.00000,5945.33496
1646.50000,5949.10498
1647.00000,5952.13867
1647.50000,5954.15723
1648.00000,5953.70752
1648.50000,5949.67480
1649.00000,5941.60107
1649.50000,5932.25146
1650.00000,5924.67822
1650.50000,5920.83789
1651.00000,5919.41553
1651.50000,5919.15527
1652.00000,5920.00537
1652.50000,5923.82959
1653.00000,5933.31396
1653.50000,5947.01904
1654.00000,5961.28271
1654.50000,5970.43896
1655.00000,5971.90479
1655.50000,5964.40967
1656.00000,5951.28320
1656.50000,5936.96338
1657.00000,5926.12549
1657.50000,5922.03564
1658.00000,5926.73438
1658.50000,5940.10645
1659.00000,5955.88916
1659.50000,5967.69336
1660.00000,5971.61572
1660.50000,5968.72363
1661.00000,5962.37207
1661.50000,5957.30566
1662.00000,5954.71045
1662.50000,5952.93213
1663.00000,5949.98730
1663.50000,5945.54980
1664.00000,5941.19727
1664.50000,5938.57080
1665.00000,5938.43457
1665.50000,5939.59424
1666.00000,5941.22021
1666.50000,5942.67822
1667.00000,5943.62842
1667.50000,5943.67432
1668.00000,5943.02539
1668.50000,5942.36426
1669.00000,5942.63721
1669.50000,5943.96387
1670.00000,5946.24219
1670.50000,5949.82031
1671.00000,5955.54736
1671.50000,5964.36426
1672.00000,5974.25195
1672.50000,5981.10986
1673.00000,5978.91455
1673.50000,5968.45215
1674.00000,5955.34180
1674.50000,5948.49023
1675.00000,5951.78076
1675.50000,5964.12695
1676.00000,5976.99023
1676.50000,5983.39160
1677.00000,5981.51563
1677.50000,5977.39209
1678.00000,5976.27832
1678.50000,5980.07275
1679.00000,5985.62305
1679.50000,5987.64404
1680.00000,5984.17285
1680.50000,5976.38721
1681.00000,5967.35254
1681.50000,5960.45215
1682.00000,5958.35449
1682.50000,5962.42627
1683.00000,5971.80615
1683.50000,5985.52686
1684.00000,5999.76318
1684.50000,6010.80518
1685.00000,6015.07080
1685.50000,6014.00146
1686.00000,6010.40039
1686.50000,6007.50537
1687.00000,6006.13428
1687.50000,6004.50732
1688.00000,6000.10303
1688.50000,5992.83984
1689.00000,5985.90381
1689.50000,5983.06006
1690.00000,5986.44141
1690.50000,5993.43066
1691.00000,5999.24902
1691.50000,6000.08887
1692.00000,5997.58545
1692.50000,5994.71729
1693.00000,5994.04590
1693.50000,5994.93018
1694.00000,5995.35938
1694.50000,5995.02197
1695.00000,5995.98682
1695.50000,6001.59912
1696.00000,6011.04736
1696.50000,6021.18555
1697.00000,6027.98877
1697.50000,6031.39746
1698.00000,6033.60498
1698.50000,6036.78418
1699.00000,6039.93164
1699.50000,6038.50439
1700.00000,6031.79834
1700.50000,6022.55908
1701.00000,6016.96436
1701.50000,6018.53027
1702.00000,6027.18311
1702.50000,6036.66406
1703.00000,6042.44385
1703.50000,6042.91895
1704.00000,6041.09814
1704.50000,6039.14160
1705.00000,6037.73975
1705.50000,6036.48633
1706.00000,6036.45068
1706.50000,6039.83203
1707.00000,6048.07373
1707.50000,6059.96533
1708.00000,6069.69141
1708.50000,6071.85645
1709.00000,6065.32813
1709.50000,6054.60205
1710.00000,6046.49756
1710.50000,6045.68506
1711.00000,6051.06104
1711.50000,6057.27002
1712.00000,6059.12451
1712.50000,6055.16992
1713.00000,6049.69092
1713.50000,6048.57129
1714.00000,6055.40576
1714.50000,6066.45068
1715.00000,6076.46777
1715.50000,6080.47607
1716.00000,6078.85693
1716.50000,6074.39746
1717.00000,6070.09668
1717.50000,6066.70508
1718.00000,6064.33105
1718.50000,6064.03271
1719.00000,6068.36475
1719.50000,6078.77344
1720.00000,6092.00928
1720.50000,6102.61865
1721.00000,6105.78760
1721.50000,6101.35986
1722.00000,6093.13428
1722.50000,6086.46338
1723.00000,6083.27930
1723.50000,6082.81641
1724.00000,6083.26758
1724.50000,6085.08154
1725.00000,6089.68701
1725.50000,6097.19043
1726.00000,6105.25195
1726.50000,6109.80322
1727.00000,6108.34375
1727.50000,6102.69336
1728.00000,6097.32617
1728.50000,6096.12549
1729.00000,6099.55615
1729.50000,6105.82568
1730.00000,6112.75586
1730.50000,6119.52783
1731.00000,6126.47754
1731.50000,6133.51709
1732.00000,6139.40234
1732.50000,6142.17480
1733.00000,6141.91943
1733.50000,6139.91260
1734.00000,6137.94629
1734.50000,6137.07715
1735.00000,6137.34473
1735.50000,6138.24365
1736.00000,6139.47461
1736.50000,6140.76172
1737.00000,6141.42529
1737.50000,6140.90576
1738.00000,6140.00830
1738.50000,6140.78467
1739.00000,6145.04297
1739.50000,6152.08936
1740.00000,6158.80762
