280.00000,6731.52100
280.50000,6731.43945
281.00000,6712.30664
281.50000,6696.88818
282.00000,6700.01514
282.50000,6725.56006
283.00000,6755.12012
283.50000,6771.39063
284.00000,6768.01611
284.50000,6754.82666
285.00000,6743.29150
285.50000,6742.78711
286.00000,6752.66064
286.50000,6764.39844
287.00000,6771.25342
287.50000,6772.84521
288.00000,6773.73584
288.50000,6779.49854
289.00000,6792.73779
289.50000,6807.24756
290.00000,6816.89746
290.50000,6817.29688
291.00000,6812.01758
291.50000,6806.81348
292.00000,6809.50635
292.50000,6820.40039
293.00000,6836.09521
293.50000,6850.64795
294.00000,6860.16943
294.50000,6861.98096
295.00000,6858.87402
295.50000,6853.53711
296.00000,6847.90967
296.50000,6843.01904
297.00000,6840.19189
297.50000,6840.87598
298.00000,6846.69092
298.50000,6857.70557
299.00000,6869.93115
299.50000,6879.56104
300.00000,6883.38721
300.50000,6881.92676
301.00000,6878.35352
301.50000,6878.55518
302.00000,6885.04785
302.50000,6897.92969
303.00000,6912.50244
303.50000,6924.10547
304.00000,6928.62451
304.50000,6926.73535
305.00000,6921.20264
305.50000,6915.83594
306.00000,6912.99902
306.50000,6914.41064
307.00000,6919.58545
307.50000,6928.41846
308.00000,6940.16113
308.50000,6953.73193
309.00000,6967.80811
309.50000,6980.43604
310.00000,6989.81738
310.50000,6994.39697
311.00000,6996.09180
311.50000,6996.47510
312.00000,6997.42920
312.50000,6999.91650
313.00000,7004.27490
313.50000,7009.38330
314.00000,7014.05664
314.50000,7017.28857
315.00000,7018.81006
315.50000,7018.29443
316.00000,7016.07324
316.50000,7013.00879
317.00000,7010.57715
317.50000,7009.91162
318.00000,7011.73242
318.50000,7016.17188
319.00000,7022.10156
319.50000,7028.41602
320.00000,7034.14893
320.50000,7039.28564
321.00000,7044.20361
321.50000,7049.40137
322.00000,7055.11328
322.50000,7061.31836
323.00000,7067.80908
323.50000,7074.57910
324.00000,7081.53906
324.50000,7088.31641
325.00000,7093.80957
325.50000,7097.04004
326.00000,7096.93701
326.50000,7094.21924
327.00000,7090.93896
327.50000,7089.38672
328.00000,7091.01611
328.50000,7095.93750
329.00000,7103.22412
329.50000,7110.13086
330.00000,7115.11572
330.50000,7117.65332
331.00000,7118.47119
331.50000,7118.42090
332.00000,7118.75635
332.50000,7120.53516
333.00000,7125.17822
333.50000,7133.12891
334.00000,7144.96582
334.50000,7159.68555
335.00000,7174.55713
335.50000,7184.59229
336.00000,7187.60156
336.50000,7183.84326
337.00000,7176.21289
337.50000,7170.51758
338.00000,7172.46289
338.50000,7185.28955
339.00000,7205.52100
339.50000,7227.20996
340.00000,7244.04980
340.50000,7252.30029
341.00000,7250.59521
341.50000,7243.48730
342.00000,7236.41309
342.50000,7233.87451
343.00000,7236.77588
343.50000,7245.01465
344.00000,7255.62451
344.50000,7266.57324
345.00000,7276.45947
345.50000,7285.47412
346.00000,7293.91504
346.50000,7301.74170
347.00000,7308.43701
347.50000,7312.67139
348.00000,7314.09814
348.50000,7313.09131
349.00000,7311.47754
349.50000,7311.35449
350.00000,7314.79443
350.50000,7322.33496
351.00000,7333.09766
351.50000,7345.03809
352.00000,7354.89111
352.50000,7360.53076
353.00000,7361.00684
353.50000,7357.89990
354.00000,7353.42627
354.50000,7351.20508
355.00000,7353.86230
355.50000,7362.76367
356.00000,7375.19385
356.50000,7388.17383
357.00000,7397.69775
357.50000,7401.47705
358.00000,7397.74854
358.50000,7390.56592
359.00000,7384.09473
359.50000,7382.78076
360.00000,7387.41260
360.50000,7397.27490
361.00000,7408.51270
361.50000,7416.53760
362.00000,7418.56934
362.50000,7416.38086
363.00000,7413.16211
363.50000,7413.18799
364.00000,7418.34668
364.50000,7428.66113
365.00000,7439.80664
365.50000,7447.66162
366.00000,7448.93213
366.50000,7444.72656
367.00000,7437.68652
367.50000,7432.17432
368.00000,7431.60596
368.50000,7436.89209
369.00000,7445.87256
369.50000,7455.41699
370.00000,7462.38965
370.50000,7465.62646
371.00000,7465.23877
371.50000,7463.07373
372.00000,7461.53613
372.50000,7461.87256
373.00000,7463.93408
373.50000,7466.56787
374.00000,7468.06250
374.50000,7467.45313
375.00000,7465.20020
375.50000,7463.24805
376.00000,7463.56738
376.50000,7467.85303
377.00000,7475.67041
377.50000,7485.02051
378.00000,7492.10303
378.50000,7494.97412
379.00000,7493.32568
379.50000,7489.00049
380.00000,7485.31055
380.50000,7485.53809
381.00000,7490.99316
381.50000,7500.45801
382.00000,7510.99707
382.50000,7519.62109
383.00000,7524.51367
383.50000,7525.18799
384.00000,7523.03223
384.50000,7519.39502
385.00000,7516.08936
385.50000,7514.05957
386.00000,7514.24609
386.50000,7516.62061
387.00000,7521.37695
387.50000,7528.06299
388.00000,7535.38867
388.50000,7541.62842
389.00000,7545.81494
389.50000,7547.92871
390.00000,7548.76563
390.50000,7550.07324
391.00000,7553.38379
391.50000,7559.33203
392.00000,7566.57910
392.50000,7573.19287
393.00000,7577.63818
393.50000,7579.25928
394.00000,7578.12256
394.50000,7575.77441
395.00000,7573.40088
395.50000,7571.49414
396.00000,7569.70020
396.50000,7567.52881
397.00000,7565.14404
397.50000,7563.53320
398.00000,7564.90479
398.50000,7570.84033
399.00000,7582.06201
399.50000,7596.85938
400.00000,7612.47656
400.50000,7625.62207
401.00000,7634.53076
401.50000,7638.54395
402.00000,7638.51514
402.50000,7637.58887
403.00000,7637.62549
403.50000,7639.48584
404.00000,7642.89209
404.50000,7647.15527
405.00000,7651.17725
405.50000,7654.34814
406.00000,7656.60059
406.50000,7658.28467
407.00000,7659.65723
407.50000,7661.11182
408.00000,7663.06250
408.50000,7666.34229
409.00000,7671.33643
409.50000,7678.12500
410.00000,7686.18506
410.50000,7694.47754
411.00000,7702.01953
411.50000,7708.33691
412.00000,7713.55469
412.50000,7718.09912
413.00000,7722.52539
413.50000,7726.55957
414.00000,7729.41211
414.50000,7730.52002
415.00000,7729.44238
415.50000,7727.21387
416.00000,7725.71387
416.50000,7727.53369
417.00000,7733.35791
417.50000,7743.58057
418.00000,7757.13721
418.50000,7772.01953
419.00000,7786.25537
419.50000,7798.19189
420.00000,7807.12012
420.50000,7812.54980
421.00000,7815.35791
421.50000,7816.04541
422.00000,7815.80615
422.50000,7816.06055
423.00000,7818.91016
423.50000,7825.20068
424.00000,7834.94336
424.50000,7847.33057
425.00000,7860.07373
425.50000,7870.85596
426.00000,7877.87988
426.50000,7880.83105
427.00000,7880.59912
427.50000,7880.10449
428.00000,7881.33984
428.50000,7885.56738
429.00000,7891.85693
429.50000,7898.44971
430.00000,7902.80518
430.50000,7903.58203
431.00000,7901.06592
431.50000,7898.21924
432.00000,7898.10449
432.50000,7903.91699
433.00000,7915.96631
433.50000,7933.86865
434.00000,7953.81787
434.50000,7971.42725
435.00000,7981.98975
435.50000,7984.91797
436.00000,7979.97510
436.50000,7968.93750
437.00000,7955.60547
437.50000,7943.53906
438.00000,7935.19824
438.50000,7930.96240
439.00000,7931.01660
439.50000,7933.61523
440.00000,7938.07861
440.50000,7943.99756
441.00000,7951.14844
441.50000,7959.35498
442.00000,7967.37842
442.50000,7973.73877
443.00000,7976.44385
443.50000,7975.56201
444.00000,7971.71777
444.50000,7967.25244
445.00000,7965.05176
445.50000,7967.39697
446.00000,7973.56152
446.50000,7981.82813
447.00000,7989.69678
447.50000,7995.17139
448.00000,7997.02441
448.50000,7995.51172
449.00000,7992.25928
449.50000,7988.78613
450.00000,7986.25342
450.50000,7985.39307
451.00000,7986.99805
451.50000,7990.92139
452.00000,7997.18604
452.50000,8004.72070
453.00000,8011.62842
453.50000,8015.56348
454.00000,8015.62842
454.50000,8011.65332
455.00000,8004.61621
455.50000,7997.10938
456.00000,7991.73438
456.50000,7989.94531
457.00000,7990.92871
457.50000,7993.08252
458.00000,7993.99805
458.50000,7992.05762
459.00000,7986.73438
459.50000,7979.82373
460.00000,7974.41943
460.50000,7973.41748
461.00000,7977.70215
461.50000,7987.47363
462.00000,7999.32031
462.50000,8010.03467
463.00000,8016.16797
463.50000,8016.65771
464.00000,8011.71240
464.50000,8004.76514
465.00000,7998.69385
465.50000,7996.13086
466.00000,7996.98389
466.50000,8000.51563
467.00000,8004.90771
467.50000,8008.37598
468.00000,8010.20361
468.50000,8011.23926
469.00000,8012.60254
469.50000,8015.46582
470.00000,8019.81250
470.50000,8025.18066
471.00000,8030.48486
471.50000,8034.83154
472.00000,8037.97607
472.50000,8040.55518
473.00000,8043.05176
473.50000,8045.32813
474.00000,8046.50830
474.50000,8044.94873
475.00000,8039.22363
475.50000,8029.87939
476.00000,8019.33008
476.50000,8011.36084
477.00000,8009.03955
477.50000,8014.84570
478.00000,8026.54053
478.50000,8041.26318
479.00000,8054.34326
479.50000,8062.76074
480.00000,8065.63037
480.50000,8065.74512
481.00000,8065.77588
481.50000,8068.07129
482.00000,8072.72900
482.50000,8078.67480
483.00000,8083.73145
483.50000,8086.67725
484.00000,8087.46680
484.50000,8087.52686
485.00000,8087.83203
485.50000,8088.68848
486.00000,8089.39111
486.50000,8088.72900
487.00000,8085.98145
487.50000,8081.79443
488.00000,8077.79590
488.50000,8075.59912
489.00000,8076.23389
489.50000,8079.78320
490.00000,8084.76123
490.50000,8089.45898
491.00000,8092.13916
491.50000,8092.32178
492.00000,8090.37012
492.50000,8088.18896
493.00000,8087.53809
493.50000,8089.99365
494.00000,8095.46045
494.50000,8103.10254
495.00000,8110.26465
495.50000,8114.49023
496.00000,8113.78809
496.50000,8109.54932
497.00000,8103.66650
497.50000,8099.12500
498.00000,8097.94092
498.50000,8101.40039
499.00000,8107.89648
499.50000,8114.86279
500.00000,8119.74023
500.50000,8121.99170
501.00000,8121.95801
501.50000,8121.16895
502.00000,8121.23389
502.50000,8123.46875
503.00000,8127.80078
503.50000,8133.41455
504.00000,8139.09033
504.50000,8143.87646
505.00000,8147.17480
505.50000,8149.08057
506.00000,8150.36475
506.50000,8152.23242
507.00000,8155.92041
507.50000,8162.18506
508.00000,8170.80420
508.50000,8180.10107
509.00000,8188.27881
509.50000,8193.83203
510.00000,8196.52051
510.50000,8196.62207
511.00000,8195.98730
511.50000,8196.05469
512.00000,8197.40332
512.50000,8199.28516
513.00000,8200.66211
513.50000,8200.76172
514.00000,8199.66797
514.50000,8198.09570
515.00000,8197.31836
515.50000,8198.50781
516.00000,8202.19238
516.50000,8207.79199
517.00000,8214.96484
517.50000,8222.89648
518.00000,8230.74023
518.50000,8237.13770
519.00000,8241.07227
519.50000,8241.20801
520.00000,8237.06836
520.50000,8230.48828
521.00000,8223.55078
521.50000,8218.65820
522.00000,8217.02539
522.50000,8219.09863
523.00000,8222.56055
523.50000,8225.04395
524.00000,8224.19922
524.50000,8220.41602
525.00000,8215.15527
525.50000,8210.86914
526.00000,8209.03613
526.50000,8210.10742
527.00000,8211.96484
527.50000,8211.99121
528.00000,8207.48926
528.50000,8198.36719
529.00000,8186.01270
529.50000,8173.66846
530.00000,8164.00195
530.50000,8159.48535
531.00000,8159.55908
531.50000,8163.49658
532.00000,8169.35303
532.50000,8175.12451
533.00000,8179.36914
533.50000,8181.77197
534.00000,8182.35156
534.50000,8181.28857
535.00000,8179.43799
535.50000,8177.49414
536.00000,8176.14697
536.50000,8175.59668
537.00000,8175.40771
537.50000,8174.52686
538.00000,8172.15723
538.50000,8168.06348
539.00000,8163.42383
539.50000,8160.08105
540.00000,8159.96729
540.50000,8163.84473
541.00000,8172.14697
541.50000,8182.17041
542.00000,8191.69336
542.50000,8198.77441
543.00000,8203.10938
543.50000,8204.73242
544.00000,8204.62207
544.50000,8203.60547
545.00000,8201.91895
545.50000,8199.76270
546.00000,8197.38281
546.50000,8195.44434
547.00000,8194.56934
547.50000,8195.23828
548.00000,8196.89063
548.50000,8198.36914
549.00000,8197.87500
549.50000,8194.81055
550.00000,8189.53271
550.50000,8184.28467
551.00000,8181.44092
551.50000,8183.20215
552.00000,8189.22852
552.50000,8197.72070
553.00000,8205.86133
553.50000,8211.30859
554.00000,8213.12695
554.50000,8213.00879
555.00000,8214.24219
555.50000,8219.77832
556.00000,8229.69434
556.50000,8242.13867
557.00000,8253.56543
557.50000,8260.86816
558.00000,8261.99316
558.50000,8257.47656
559.00000,8250.28906
559.50000,8243.03711
560.00000,8236.82617
560.50000,8231.26465
561.00000,8225.30664
561.50000,8218.62500
562.00000,8212.21680
562.50000,8208.40137
563.00000,8209.20703
563.50000,8216.68848
564.00000,8228.37598
564.50000,8241.59180
565.00000,8253.13281
565.50000,8261.28906
566.00000,8265.19336
566.50000,8265.72559
567.00000,8264.37598
567.50000,8262.08301
568.00000,8259.62012
568.50000,8257.26367
569.00000,8255.34082
569.50000,8254.13379
570.00000,8253.98340
570.50000,8254.74414
571.00000,8255.90234
571.50000,8256.76563
572.00000,8256.95898
572.50000,8256.63574
573.00000,8256.68066
573.50000,8257.92383
574.00000,8261.04590
574.50000,8265.70898
575.00000,8270.95898
575.50000,8275.28809
576.00000,8277.60352
576.50000,8277.14844
577.00000,8274.13867
577.50000,8270.43652
578.00000,8268.43457
578.50000,8270.06543
579.00000,8276.10156
579.50000,8286.76563
580.00000,8299.21484
580.50000,8310.53418
581.00000,8317.47266
581.50000,8318.84961
582.00000,8314.51270
582.50000,8308.02148
583.00000,8302.60449
583.50000,8301.41699
584.00000,8304.53418
584.50000,8311.14551
585.00000,8318.88281
585.50000,8325.53027
586.00000,8329.71680
586.50000,8332.08789
587.00000,8333.87109
587.50000,8335.61719
588.00000,8336.51367
588.50000,8334.47363
589.00000,8327.55664
589.50000,8315.91016
590.00000,8301.14258
590.50000,8287.84668
591.00000,8280.68555
591.50000,8284.44922
592.00000,8296.66797
592.50000,8314.39746
593.00000,8332.33594
593.50000,8346.55859
594.00000,8354.21973
594.50000,8356.83301
595.00000,8356.36914
595.50000,8354.99316
596.00000,8354.00293
596.50000,8353.39453
597.00000,8352.93066
597.50000,8353.01074
598.00000,8355.03613
598.50000,8359.56934
599.00000,8366.31543
599.50000,8373.15625
600.00000,8377.07813
600.50000,8374.81543
601.00000,8365.97461
601.50000,8353.47168
602.00000,8341.71094
602.50000,8334.24707
603.00000,8332.80762
603.50000,8336.68945
604.00000,8342.61328
604.50000,8347.75293
605.00000,8350.59473
605.50000,8351.59375
606.00000,8352.54297
606.50000,8355.13477
607.00000,8359.81348
607.50000,8365.78418
608.00000,8371.62500
608.50000,8376.14941
609.00000,8379.07129
609.50000,8380.58887
610.00000,8380.67090
610.50000,8379.40430
611.00000,8376.16992
611.50000,8370.96973
612.00000,8364.87305
612.50000,8359.72363
613.00000,8357.34570
613.50000,8358.68555
614.00000,8363.77148
614.50000,8370.01270
615.00000,8374.56445
615.50000,8374.73145
616.00000,8370.00781
616.50000,8361.52148
617.00000,8352.77539
617.50000,8346.65625
618.00000,8345.69531
618.50000,8349.26758
619.00000,8356.32324
619.50000,8364.50098
620.00000,8371.85840
620.50000,8377.15137
621.00000,8380.80469
621.50000,8383.66309
622.00000,8386.45020
622.50000,8389.30469
623.00000,8391.79980
623.50000,8393.31445
624.00000,8393.50098
624.50000,8391.97656
625.00000,8389.26270
625.50000,8385.91699
626.00000,8382.97461
626.50000,8381.64258
627.00000,8383.34570
627.50000,8388.52051
628.00000,8396.39551
628.50000,8405.32031
629.00000,8412.59961
629.50000,8416.12402
630.00000,8415.11719
630.50000,8411.83789
631.00000,8409.87891
631.50000,8413.12207
632.00000,8422.37500
632.50000,8436.29004
633.00000,8449.51172
633.50000,8457.00879
634.00000,8454.77344
634.50000,8443.71680
635.00000,8425.92773
635.50000,8406.98828
636.00000,8391.47656
636.50000,8383.79492
637.00000,8382.96484
637.50000,8387.33203
638.00000,8394.39258
638.50000,8402.11328
639.00000,8410.16309
639.50000,8419.34473
640.00000,8430.83203
640.50000,8445.80859
641.00000,8462.98242
641.50000,8480.05859
642.00000,8493.20605
642.50000,8500.20410
643.00000,8499.64941
643.50000,8494.47461
644.00000,8488.23438
644.50000,8484.98145
645.00000,8486.16211
645.50000,8491.51758
646.00000,8498.20313
646.50000,8503.06250
647.00000,8503.41699
647.50000,8499.94434
648.00000,8494.74219
648.50000,8490.21094
649.00000,8487.45605
649.50000,8486.52930
650.00000,8486.51758
650.50000,8486.72266
651.00000,8487.32910
651.50000,8488.96289
652.00000,8492.15820
652.50000,8496.70020
653.00000,8501.17871
653.50000,8504.29980
654.00000,8506.08496
654.50000,8507.85352
655.00000,8511.92969
655.50000,8519.21680
656.00000,8529.36426
656.50000,8540.07227
657.00000,8548.37891
657.50000,8551.81934
658.00000,8550.96387
658.50000,8548.74316
659.00000,8549.64453
659.50000,8555.55469
660.00000,8566.47461
660.50000,8579.69922
661.00000,8591.30078
661.50000,8597.77148
662.00000,8598.53027
662.50000,8595.07617
663.00000,8589.64063
663.50000,8584.89258
664.00000,8581.92480
664.50000,8580.29688
665.00000,8578.88086
665.50000,8577.02637
666.00000,8574.80469
666.50000,8572.60742
667.00000,8570.75977
667.50000,8569.08594
668.00000,8567.24219
668.50000,8565.05957
669.00000,8562.85840
669.50000,8561.31836
670.00000,8560.63770
670.50000,8560.20410
671.00000,8558.81445
671.50000,8556.03516
672.00000,8552.62207
672.50000,8551.13770
673.00000,8554.29980
673.50000,8565.42578
674.00000,8583.39648
674.50000,8605.36035
675.00000,8626.21973
675.50000,8641.18164
676.00000,8647.17090
676.50000,8645.19043
677.00000,8638.58398
677.50000,8630.21094
678.00000,8622.44629
678.50000,8615.75488
679.00000,8609.52344
679.50000,8602.94824
680.00000,8596.06348
680.50000,8589.98438
681.00000,8586.07031
681.50000,8586.21973
682.00000,8589.52832
682.50000,8594.84180
683.00000,8600.45996
683.50000,8605.17969
684.00000,8608.83301
684.50000,8612.53613
685.00000,8617.68457
685.50000,8625.82031
686.00000,8636.19043
686.50000,8647.11914
687.00000,8655.51855
687.50000,8659.17188
688.00000,8656.91406
688.50000,8650.89258
689.00000,8644.20605
689.50000,8640.45020
690.00000,8640.78125
690.50000,8645.02148
691.00000,8651.08301
691.50000,8656.30273
692.00000,8658.65039
692.50000,8658.05957
693.00000,8655.51172
693.50000,8652.16895
694.00000,8648.96777
694.50000,8645.96875
695.00000,8643.02344
695.50000,8640.21875
696.00000,8638.11035
696.50000,8637.17969
697.00000,8637.59766
697.50000,8639.27051
698.00000,8641.50293
698.50000,8644.07324
699.00000,8647.23828
699.50000,8651.56445
700.00000,8657.75000
700.50000,8665.33887
701.00000,8673.51855
701.50000,8681.22949
702.00000,8687.94141
702.50000,8693.60449
703.00000,8698.75098
703.50000,8703.90723
704.00000,8709.17188
704.50000,8714.10156
705.00000,8718.00684
705.50000,8720.05273
706.00000,8720.24512
706.50000,8718.64063
707.00000,8715.72363
707.50000,8712.03613
708.00000,8708.02344
708.50000,8704.36230
709.00000,8701.85254
709.50000,8701.68555
710.00000,8704.41406
710.50000,8710.99219
711.00000,8721.17090
711.50000,8733.83105
712.00000,8747.30762
712.50000,8759.01270
713.00000,8766.75195
713.50000,8768.83105
714.00000,8766.05176
714.50000,8759.34570
715.00000,8751.30859
715.50000,8744.21387
716.00000,8740.36426
716.50000,8739.91309
717.00000,8742.79395
717.50000,8748.08301
718.00000,8754.18457
718.50000,8759.69141
719.00000,8763.50098
719.50000,8765.33496
720.00000,8765.26270
720.50000,8764.60352
721.00000,8764.53809
721.50000,8766.02539
722.00000,8768.98535
722.50000,8772.87793
723.00000,8776.65430
723.50000,8779.76270
724.00000,8782.21484
724.50000,8784.66016
725.00000,8787.43066
725.50000,8790.05762
726.00000,8791.60156
726.50000,8791.22168
727.00000,8789.76563
727.50000,8789.02051
728.00000,8791.56543
728.50000,8797.82324
729.00000,8806.78809
729.50000,8815.04590
730.00000,8819.30469
730.50000,8816.80957
731.00000,8809.68359
731.50000,8801.79590
732.00000,8798.75293
732.50000,8802.66016
733.00000,8812.78223
733.50000,8824.34863
734.00000,8832.20020
734.50000,8831.33398
735.00000,8822.57813
735.50000,8808.61035
736.00000,8794.24121
736.50000,8783.85742
737.00000,8780.56348
737.50000,8784.29883
738.00000,8793.13379
738.50000,8805.78320
739.00000,8820.13477
739.50000,8835.25098
740.00000,8850.03516
740.50000,8863.11426
741.00000,8872.36621
741.50000,8876.65918
742.00000,8876.29883
742.50000,8872.15723
743.00000,8867.39551
743.50000,8864.32129
744.00000,8864.42969
744.50000,8867.04590
745.00000,8870.90625
745.50000,8874.24609
746.00000,8876.18945
746.50000,8876.63770
747.00000,8876.55469
747.50000,8876.56934
748.00000,8877.18359
748.50000,8878.70020
749.00000,8881.89160
749.50000,8887.26758
750.00000,8894.97754
750.50000,8904.57324
751.00000,8913.96387
751.50000,8920.79688
752.00000,8923.15430
752.50000,8921.36719
753.00000,8916.73535
753.50000,8912.46191
754.00000,8910.79102
754.50000,8913.03613
755.00000,8917.80957
755.50000,8923.61719
756.00000,8928.71973
756.50000,8932.26074
757.00000,8933.74219
757.50000,8933.68066
758.00000,8932.52734
758.50000,8930.78711
759.00000,8929.21484
759.50000,8928.55957
760.00000,8929.25781
760.50000,8930.97754
761.00000,8932.60742
761.50000,8932.71973
762.00000,8930.30762
762.50000,8924.96777
763.00000,8917.96387
763.50000,8910.73730
764.00000,8905.10449
764.50000,8902.37500
765.00000,8904.48633
765.50000,8911.21387
766.00000,8922.13477
766.50000,8935.34668
767.00000,8947.42090
767.50000,8954.70313
768.00000,8955.78711
768.50000,8952.78516
769.00000,8950.88184
769.50000,8955.08691
770.00000,8967.88770
770.50000,8987.09668
771.00000,9005.60742
771.50000,9015.33984
772.00000,9012.75977
772.50000,9000.29688
773.00000,8984.51563
773.50000,8974.61426
774.00000,8976.45898
774.50000,8990.47949
775.00000,9009.98047
775.50000,9027.30371
776.00000,9036.74609
776.50000,9037.93262
777.00000,9033.30859
777.50000,9028.14648
778.00000,9025.23242
778.50000,9025.21094
779.00000,9026.72656
779.50000,9028.69531
780.00000,9030.83594
780.50000,9033.81543
781.00000,9038.71484
781.50000,9045.25684
782.00000,9052.55273
782.50000,9059.05176
783.00000,9063.83008
783.50000,9066.53613
784.00000,9068.23438
784.50000,9069.97559
785.00000,9072.42969
785.50000,9075.34180
786.00000,9078.09961
786.50000,9080.10254
787.00000,9081.39941
787.50000,9082.79199
788.00000,9085.66406
788.50000,9091.35059
789.00000,9100.86426
789.50000,9112.85840
790.00000,9125.10059
790.50000,9134.20117
791.00000,9137.82031
791.50000,9133.83691
792.00000,9125.01758
792.50000,9115.25781
793.00000,9109.87793
793.50000,9111.50391
794.00000,9121.47559
794.50000,9136.93652
795.00000,9153.50293
795.50000,9166.17578
796.00000,9172.77832
796.50000,9172.84082
797.00000,9168.26563
797.50000,9163.08984
798.00000,9161.02832
798.50000,9164.17871
799.00000,9172.41797
799.50000,9184.88477
800.00000,9198.29297
800.50000,9210.34277
801.00000,9219.44629
801.50000,9226.12695
802.00000,9231.24805
802.50000,9236.14551
803.00000,9241.35645
803.50000,9246.48828
804.00000,9250.59668
804.50000,9252.75879
805.00000,9252.86719
805.50000,9252.15234
806.00000,9252.55664
806.50000,9255.80859
807.00000,9262.61426
807.50000,9272.87891
808.00000,9284.21484
808.50000,9294.33301
809.00000,9301.17773
809.50000,9304.31152
810.00000,9303.81738
810.50000,9301.40332
811.00000,9298.37109
811.50000,9295.95117
812.00000,9295.03809
812.50000,9296.88965
813.00000,9302.64258
813.50000,9312.43164
814.00000,9326.15918
814.50000,9341.10059
815.00000,9354.11816
815.50000,9361.43750
816.00000,9362.56250
816.50000,9358.25488
817.00000,9352.39258
817.50000,9349.12012
818.00000,9352.25293
818.50000,9361.02246
819.00000,9372.82031
819.50000,9383.53320
820.00000,9390.60059
820.50000,9393.19629
821.00000,9393.25586
821.50000,9393.33887
822.00000,9395.49023
822.50000,9399.41699
823.00000,9403.72070
823.50000,9406.32813
824.00000,9406.45313
824.50000,9404.38965
825.00000,9402.15234
825.50000,9401.77148
826.00000,9405.36719
826.50000,9412.35059
827.00000,9421.66406
827.50000,9431.27441
828.00000,9439.29199
828.50000,9444.29785
829.00000,9446.54199
829.50000,9447.02246
830.00000,9446.95605
830.50000,9447.57422
831.00000,9449.40234
831.50000,9452.17578
832.00000,9454.97754
832.50000,9456.86523
833.00000,9457.63477
833.50000,9457.88281
834.00000,9459.03613
834.50000,9462.24902
835.00000,9468.27637
835.50000,9476.61426
836.00000,9485.56934
836.50000,9493.16309
837.00000,9498.21582
837.50000,9500.65430
838.00000,9501.29883
838.50000,9502.15527
839.00000,9504.75293
839.50000,9509.71582
840.00000,9516.31934
840.50000,9523.30176
841.00000,9529.14551
841.50000,9533.09473
842.00000,9535.32617
842.50000,9537.58887
843.00000,9542.06836
843.50000,9550.49805
844.00000,9562.79199
844.50000,9577.85059
845.00000,9592.42285
845.50000,9603.58496
846.00000,9608.83594
846.50000,9609.20898
847.00000,9606.56641
847.50000,9604.48438
848.00000,9605.69824
848.50000,9612.53418
849.00000,9623.44629
849.50000,9636.38184
850.00000,9648.65723
850.50000,9658.54883
851.00000,9665.27051
851.50000,9669.87598
852.00000,9674.11133
852.50000,9679.98340
853.00000,9688.27637
853.50000,9699.09766
854.00000,9711.68164
854.50000,9724.65137
855.00000,9737.06836
855.50000,9748.56250
856.00000,9759.17188
856.50000,9768.51758
857.00000,9776.19238
857.50000,9781.10059
858.00000,9782.37988
858.50000,9780.89844
859.00000,9778.41797
859.50000,9777.96289
860.00000,9781.65820
860.50000,9790.84570
861.00000,9803.00586
861.50000,9815.48633
862.00000,9825.51660
862.50000,9832.50781
863.00000,9837.43945
863.50000,9843.17578
864.00000,9852.08887
864.50000,9866.13477
865.00000,9883.95117
865.50000,9903.95410
866.00000,9923.78223
866.50000,9941.80664
867.00000,9956.84180
867.50000,9969.30664
868.00000,9979.87891
868.50000,9989.36426
869.00000,9998.75879
869.50000,10008.38867
870.00000,10017.73535
870.50000,10025.58398
871.00000,10029.71191
871.50000,10029.65918
872.00000,10026.38770
872.50000,10022.76953
873.00000,10022.35547
873.50000,10027.98730
874.00000,10039.23535
874.50000,10052.74219
875.00000,10063.76465
875.50000,10069.37891
876.00000,10069.25586
876.50000,10066.09473
877.00000,10064.56836
877.50000,10068.38770
878.00000,10077.87402
878.50000,10090.29883
879.00000,10101.36426
879.50000,10107.62793
880.00000,10107.21484
880.50000,10100.03516
881.00000,10088.81055
881.50000,10075.67578
882.00000,10063.22168
882.50000,10053.24609
883.00000,10047.85742
883.50000,10046.51367
884.00000,10048.17578
884.50000,10050.32422
885.00000,10050.55566
885.50000,10047.41992
886.00000,10042.03027
886.50000,10036.59180
887.00000,10033.69043
887.50000,10033.54883
888.00000,10035.06348
888.50000,10035.82910
889.00000,10034.24805
889.50000,10029.83203
890.00000,10024.10547
890.50000,10018.49805
891.00000,10013.53711
891.50000,10008.27246
892.00000,10001.39551
892.50000,9992.57715
893.00000,9983.38867
893.50000,9976.85449
894.00000,9975.11719
894.50000,9978.56445
895.00000,9985.80859
895.50000,9992.98633
896.00000,9996.92090
896.50000,9995.95703
897.00000,9990.86621
897.50000,9982.75488
898.00000,9973.71191
898.50000,9965.00195
899.00000,9958.15723
899.50000,9954.55762
900.00000,9956.70703
900.50000,9966.10449
901.00000,9981.83008
901.50000,10001.69434
902.00000,10020.39258
902.50000,10033.40137
903.00000,10037.32129
903.50000,10034.40625
904.00000,10028.14063
904.50000,10023.65820
905.00000,10023.70801
905.50000,10028.83301
906.00000,10035.14258
906.50000,10038.86133
907.00000,10037.22266
907.50000,10031.71875
908.00000,10025.79004
908.50000,10024.03711
909.00000,10028.83203
909.50000,10041.26855
910.00000,10057.03223
910.50000,10072.01660
911.00000,10082.14063
911.50000,10086.72461
912.00000,10086.75977
912.50000,10086.46387
913.00000,10089.73633
913.50000,10100.80859
914.00000,10118.67676
914.50000,10141.13379
915.00000,10162.96094
915.50000,10178.90723
916.00000,10183.76270
916.50000,10177.91309
917.00000,10165.06641
917.50000,10151.60254
918.00000,10144.37793
918.50000,10148.08691
919.00000,10162.86133
919.50000,10183.21680
920.00000,10202.46582
920.50000,10214.99219
921.00000,10219.18164
921.50000,10216.56543
922.00000,10213.08496
922.50000,10212.97168
923.00000,10217.43848
923.50000,10223.73926
924.00000,10227.60156
924.50000,10226.85059
925.00000,10222.70410
925.50000,10219.87500
926.00000,10223.08789
926.50000,10235.33008
927.00000,10254.70898
927.50000,10276.22559
928.00000,10294.98242
928.50000,10309.33984
929.00000,10320.38379
929.50000,10330.38281
930.00000,10340.64648
930.50000,10350.32324
931.00000,10357.86914
931.50000,10363.22754
932.00000,10368.35352
932.50000,10376.31641
933.00000,10388.85742
933.50000,10405.16797
934.00000,10421.50684
934.50000,10434.57715
935.00000,10443.96680
935.50000,10452.15723
936.00000,10462.91992
936.50000,10477.35352
937.00000,10493.96387
937.50000,10509.12109
938.00000,10520.84570
938.50000,10530.17285
939.00000,10541.63770
939.50000,10558.97070
940.00000,10584.17578
940.50000,10612.04004
941.00000,10636.76758
941.50000,10653.72168
942.00000,10664.73730
942.50000,10675.66309
943.00000,10694.18262
943.50000,10724.19336
944.00000,10766.79102
944.50000,10814.44336
945.00000,10860.96582
945.50000,10901.77148
946.00000,10937.41309
946.50000,10970.90430
947.00000,11006.83496
947.50000,11047.73242
948.00000,11094.18945
948.50000,11142.07813
949.00000,11186.34180
949.50000,11221.48535
950.00000,11245.60449
950.50000,11257.62891
951.00000,11263.25586
951.50000,11268.60742
952.00000,11279.89453
952.50000,11297.90723
953.00000,11320.30176
953.50000,11341.37891
954.00000,11357.11426
954.50000,11366.24219
955.00000,11373.53125
955.50000,11384.33008
956.00000,11403.06348
956.50000,11427.67383
957.00000,11453.70605
957.50000,11475.42773
958.00000,11490.78809
958.50000,11500.91309
959.00000,11511.37891
959.50000,11526.28906
960.00000,11546.75488
960.50000,11568.23730
961.00000,11583.82324
961.50000,11587.70801
962.00000,11578.97363
962.50000,11558.53223
963.00000,11534.14355
963.50000,11511.37305
964.00000,11493.71680
964.50000,11479.55078
965.00000,11464.95117
965.50000,11445.51758
966.00000,11419.78613
966.50000,11388.34082
967.00000,11356.02246
967.50000,11326.47754
968.00000,11301.73535
968.50000,11280.43164
969.00000,11260.98438
969.50000,11242.33398
970.00000,11225.36816
970.50000,11213.03516
971.00000,11205.83008
971.50000,11202.95508
972.00000,11200.98242
972.50000,11196.32715
973.00000,11186.88867
973.50000,11174.41016
974.00000,11161.97070
974.50000,11153.15332
975.00000,11148.68457
975.50000,11148.34668
976.00000,11150.77734
976.50000,11154.71289
977.00000,11160.24512
977.50000,11167.40625
978.00000,11175.94336
978.50000,11184.91016
979.00000,11193.00000
979.50000,11199.59473
980.00000,11205.62109
980.50000,11213.23340
981.00000,11225.84668
981.50000,11244.78027
982.00000,11269.95703
982.50000,11299.66895
983.00000,11329.86230
983.50000,11357.52344
984.00000,11381.72949
984.50000,11404.36816
985.00000,11429.06738
985.50000,11458.42285
986.00000,11492.92383
986.50000,11530.58594
987.00000,11567.65430
987.50000,11602.00000
988.00000,11634.72461
988.50000,11669.12695
989.00000,11709.70898
989.50000,11756.73730
990.00000,11808.56641
990.50000,11862.04297
991.00000,11915.27637
991.50000,11970.29395
992.00000,12031.79785
992.50000,12103.40918
993.00000,12188.31641
993.50000,12280.71094
994.00000,12374.67773
994.50000,12464.22656
995.00000,12548.57520
995.50000,12631.21191
996.00000,12719.02344
996.50000,12816.87598
997.00000,12928.64551
997.50000,13048.71777
998.00000,13171.80176
998.50000,13292.06836
999.00000,13407.33984
999.50000,13517.61914
1000.00000,13625.26465
1000.50000,13731.07324
1001.00000,13832.15234
1001.50000,13924.97461
1002.00000,14004.23828
1002.50000,14066.47070
1003.00000,14113.27344
1003.50000,14143.18848
1004.00000,14157.99902
1004.50000,14156.73926
1005.00000,14134.09180
1005.50000,14092.76563
1006.00000,14033.81152
1006.50000,13963.28418
1007.00000,13888.74609
1007.50000,13814.11816
1008.00000,13738.94238
1008.50000,13659.03711
1009.00000,13567.58594
1009.50000,13463.73926
1010.00000,13348.52637
1010.50000,13228.65332
1011.00000,13111.85742
1011.50000,13005.53125
1012.00000,12910.55957
1012.50000,12825.44922
1013.00000,12746.97949
1013.50000,12670.28418
1014.00000,12593.11426
1014.50000,12515.21484
1015.00000,12437.97168
1015.50000,12364.12500
1016.00000,12295.31250
1016.50000,12233.17285
1017.00000,12179.46484
1017.50000,12133.42383
1018.00000,12095.87793
1018.50000,12065.71777
1019.00000,12041.08594
1019.50000,12021.01563
1020.00000,12003.14551
1020.50000,11986.51563
1021.00000,11970.62109
1021.50000,11955.10156
1022.00000,11939.61523
1022.50000,11923.61035
1023.00000,11906.74609
1023.50000,11889.02051
1024.00000,11871.36816
1024.50000,11854.80078
1025.00000,11840.00000
1025.50000,11826.37402
1026.00000,11812.63672
1026.50000,11797.23730
1027.00000,11779.47461
1027.50000,11759.44043
1028.00000,11739.20508
1028.50000,11721.08203
1029.00000,11707.31738
1029.50000,11698.10840
1030.00000,11692.89160
1030.50000,11688.55469
1031.00000,11681.96094
1031.50000,11669.85254
1032.00000,11652.91602
1032.50000,11633.41602
1033.00000,11616.19531
1033.50000,11605.37793
1034.00000,11604.80664
1034.50000,11612.55762
1035.00000,11624.81055
1035.50000,11636.04395
1036.00000,11641.83105
1036.50000,11639.25684
1037.00000,11628.64648
1037.50000,11613.10938
1038.00000,11595.88770
1038.50000,11580.81641
1039.00000,11570.62598
1039.50000,11567.90723
1040.00000,11571.80176
1040.50000,11581.56543
1041.00000,11594.14258
1041.50000,11605.94238
1042.00000,11613.10742
1042.50000,11614.73145
1043.00000,11611.66211
1043.50000,11607.13574
1044.00000,11605.53906
1044.50000,11610.60840
1045.00000,11622.51563
1045.50000,11637.92871
1046.00000,11651.26953
1046.50000,11657.92383
1047.00000,11655.87891
1047.50000,11647.15625
1048.00000,11638.35742
1048.50000,11636.65234
1049.00000,11646.02441
1049.50000,11665.41016
1050.00000,11691.03809
1050.50000,11714.78027
1051.00000,11730.39941
1051.50000,11733.92480
1052.00000,11727.77344
1052.50000,11715.27441
1053.00000,11702.49902
1053.50000,11693.71875
1054.00000,11692.35352
1054.50000,11696.54590
1055.00000,11704.03711
1055.50000,11711.40234
1056.00000,11716.40527
1056.50000,11718.41211
1057.00000,11719.40820
1057.50000,11721.85938
1058.00000,11728.21875
1058.50000,11737.70117
1059.00000,11748.18848
1059.50000,11756.10840
1060.00000,11759.25488
1060.50000,11756.39648
1061.00000,11749.99609
1061.50000,11743.04297
1062.00000,11738.66992
1062.50000,11737.79883
1063.00000,11740.51953
1063.50000,11745.81543
1064.00000,11752.55859
1064.50000,11760.58203
1065.00000,11769.66602
1065.50000,11779.54492
1066.00000,11789.34961
1066.50000,11797.78223
1067.00000,11803.22852
1067.50000,11804.71484
1068.00000,11802.62109
1068.50000,11797.87109
1069.00000,11793.44922
1069.50000,11792.54883
1070.00000,11798.78125
1070.50000,11811.94336
1071.00000,11830.44824
1071.50000,11849.14551
1072.00000,11863.00977
1072.50000,11867.37598
1073.00000,11864.51270
1073.50000,11858.90723
1074.00000,11857.46777
1074.50000,11864.10449
1075.00000,11880.01367
1075.50000,11900.53320
1076.00000,11919.56543
1076.50000,11930.83398
1077.00000,11934.31250
1077.50000,11932.64453
1078.00000,11931.74023
1078.50000,11936.73047
1079.00000,11950.88574
1079.50000,11971.64355
1080.00000,11993.60449
1080.50000,12009.31152
1081.00000,12015.73438
1081.50000,12012.49219
1082.00000,12003.76660
1082.50000,11996.10645
1083.00000,11994.82031
1083.50000,12000.43848
1084.00000,12010.04199
1084.50000,12019.03711
1085.00000,12024.27637
1085.50000,12025.36816
1086.00000,12025.00879
1086.50000,12026.76270
1087.00000,12033.58789
1087.50000,12045.16797
1088.00000,12059.74805
1088.50000,12074.96094
1089.00000,12088.56738
1089.50000,12098.96484
1090.00000,12105.35254
1090.50000,12108.35742
1091.00000,12109.14160
1091.50000,12110.78320
1092.00000,12116.43457
1092.50000,12129.45508
1093.00000,12148.68457
1093.50000,12171.53906
1094.00000,12192.70703
1094.50000,12207.90918
1095.00000,12213.78906
1095.50000,12213.34766
1096.00000,12211.45410
1096.50000,12215.11523
1097.00000,12228.16504
1097.50000,12252.65137
1098.00000,12285.08789
1098.50000,12319.22949
1099.00000,12348.03711
1099.50000,12368.20020
1100.00000,12379.20215
1100.50000,12383.35742
1101.00000,12385.81055
1101.50000,12390.13867
1102.00000,12397.99707
1102.50000,12408.89844
1103.00000,12421.98242
1103.50000,12435.55469
1104.00000,12448.50684
1104.50000,12459.67383
1105.00000,12468.80176
1105.50000,12476.59180
1106.00000,12486.05469
1106.50000,12500.87793
1107.00000,12526.08594
1107.50000,12559.56641
1108.00000,12596.68555
1108.50000,12628.59766
1109.00000,12648.93359
1109.50000,12653.72852
1110.00000,12648.21094
1110.50000,12640.28613
1111.00000,12638.49414
1111.50000,12645.57129
1112.00000,12661.75293
1112.50000,12684.98633
1113.00000,12712.71191
1113.50000,12744.72949
1114.00000,12779.21582
1114.50000,12812.74121
1115.00000,12838.85840
1115.50000,12854.79688
1116.00000,12860.49414
1116.50000,12862.34473
1117.00000,12869.03516
1117.50000,12888.37109
1118.00000,12919.21289
1118.50000,12955.99316
1119.00000,12991.48535
1119.50000,13022.12207
1120.00000,13048.91602
1120.50000,13076.45605
1121.00000,13107.95703
1121.50000,13143.78906
1122.00000,13180.11523
1122.50000,13213.80176
1123.00000,13244.23926
1123.50000,13275.09082
1124.00000,13311.04199
1124.50000,13354.39453
1125.00000,13402.92285
1125.50000,13452.23535
1126.00000,13498.04980
1126.50000,13539.58398
1127.00000,13579.90332
1127.50000,13623.88477
1128.00000,13675.29004
1128.50000,13733.26855
1129.00000,13793.53613
1129.50000,13850.56445
1130.00000,13901.66113
1130.50000,13946.75586
1131.00000,13988.14844
1131.50000,14029.15527
1132.00000,14071.27734
1132.50000,14114.30078
1133.00000,14157.50098
1133.50000,14201.03809
1134.00000,14246.04102
1134.50000,14293.97070
1135.00000,14345.51660
1135.50000,14399.43848
1136.00000,14454.97852
1136.50000,14512.45117
1137.00000,14573.98145
1137.50000,14644.60645
1138.00000,14724.83301
1138.50000,14814.09668
1139.00000,14908.24316
1139.50000,15002.23340
1140.00000,15094.48828
1140.50000,15188.63477
1141.00000,15290.98438
1141.50000,15410.72266
1142.00000,15546.70996
1142.50000,15696.14941
1143.00000,15852.62793
1143.50000,16011.89258
1144.00000,16178.40332
1144.50000,16361.60645
1145.00000,16572.17578
1145.50000,16823.24023
1146.00000,17107.56445
1146.50000,17419.84570
1147.00000,17749.23633
1147.50000,18086.94531
1148.00000,18433.09375
1148.50000,18789.96484
1149.00000,19160.88477
1149.50000,19548.17773
1150.00000,19945.53516
1150.50000,20347.11328
1151.00000,20745.29883
1151.50000,21134.09766
1152.00000,21503.51172
1152.50000,21847.54492
1153.00000,22156.89453
1153.50000,22417.28906
1154.00000,22629.48828
1154.50000,22783.45898
1155.00000,22876.73242
1155.50000,22910.41406
1156.00000,22865.86914
1156.50000,22749.11328
1157.00000,22556.83594
1157.50000,22287.22852
1158.00000,21961.39063
1158.50000,21586.23633
1159.00000,21176.11914
1159.50000,20741.91992
1160.00000,20286.26758
1160.50000,19819.00781
1161.00000,19348.16797
1161.50000,18885.89453
1162.00000,18442.25977
1162.50000,18030.12305
1163.00000,17653.41016
1163.50000,17310.45508
1164.00000,17004.84180
1164.50000,16725.08789
1165.00000,16468.23633
1165.50000,16231.78223
1166.00000,16011.62695
1166.50000,15810.29785
1167.00000,15627.33691
1167.50000,15462.59961
1168.00000,15320.03223
1168.50000,15195.39160
1169.00000,15088.64648
1169.50000,14997.45020
1170.00000,14915.99902
1170.50000,14840.18555
1171.00000,14765.06738
1171.50000,14688.89160
1172.00000,14613.54590
1172.50000,14543.24707
1173.00000,14483.12598
1173.50000,14435.58105
1174.00000,14397.62891
1174.50000,14365.86230
1175.00000,14335.57422
1175.50000,14305.79688
1176.00000,14279.41602
1176.50000,14259.62109
1177.00000,14249.30664
1177.50000,14247.30859
1178.00000,14249.65625
1178.50000,14253.19824
1179.00000,14256.06641
1179.50000,14258.49707
1180.00000,14261.80762
1180.50000,14267.13965
1181.00000,14276.29492
1181.50000,14291.47266
1182.00000,14314.33496
1182.50000,14347.22266
1183.00000,14385.99902
1183.50000,14424.53223
1184.00000,14454.29980
1184.50000,14472.36523
1185.00000,14479.90527
1185.50000,14485.75684
1186.00000,14499.04883
1186.50000,14528.22949
1187.00000,14570.28906
1187.50000,14619.89355
1188.00000,14669.21582
1188.50000,14712.65430
1189.00000,14746.33398
1189.50000,14769.53906
1190.00000,14782.51855
1190.50000,14783.37793
1191.00000,14776.35547
1191.50000,14765.85156
1192.00000,14758.17383
1192.50000,14756.53711
1193.00000,14760.52734
1193.50000,14764.04883
1194.00000,14760.37207
1194.50000,14741.37109
1195.00000,14708.09180
1195.50000,14661.96777
1196.00000,14607.82422
1196.50000,14551.99023
1197.00000,14499.49316
1197.50000,14452.98926
1198.00000,14412.44043
1198.50000,14375.83398
1199.00000,14338.37207
1199.50000,14296.56152
1200.00000,14249.98340
1200.50000,14202.57031
1201.00000,14160.91113
1201.50000,14129.21191
1202.00000,14107.69336
1202.50000,14092.87109
1203.00000,14077.15039
1203.50000,14055.43359
1204.00000,14027.26367
1204.50000,13997.52344
1205.00000,13973.75293
1205.50000,13960.37012
1206.00000,13958.04102
1206.50000,13963.94531
1207.00000,13970.90234
1207.50000,13973.77539
1208.00000,13970.94434
1208.50000,13965.15918
1209.00000,13961.13672
1209.50000,13961.98047
1210.00000,13967.32813
1210.50000,13972.87012
1211.00000,13973.12598
1211.50000,13963.81152
1212.00000,13945.68652
1212.50000,13922.97559
1213.00000,13899.79785
1213.50000,13878.31934
1214.00000,13857.91504
1214.50000,13836.81152
1215.00000,13814.61621
1215.50000,13792.75879
1216.00000,13773.11230
1216.50000,13755.50781
1217.00000,13736.90234
1217.50000,13713.64844
1218.00000,13683.57715
1218.50000,13647.67480
1219.00000,13610.40039
1219.50000,13575.86816
1220.00000,13545.96973
1220.50000,13520.17871
1221.00000,13497.90918
1221.50000,13477.83301
1222.00000,13460.23828
1222.50000,13445.46875
1223.00000,13432.87305
1223.50000,13422.16504
1224.00000,13413.24316
1224.50000,13406.79980
1225.00000,13404.07617
1225.50000,13403.58691
1226.00000,13402.86230
1226.50000,13399.06641
1227.00000,13392.31348
1227.50000,13386.05273
1228.00000,13385.41699
1228.50000,13392.90625
1229.00000,13407.69043
1229.50000,13423.09473
1230.00000,13433.28809
1230.50000,13435.40918
1231.00000,13431.60449
1231.50000,13424.60547
1232.00000,13416.90234
1232.50000,13408.40137
1233.00000,13398.29883
1233.50000,13388.28320
1234.00000,13383.05176
1234.50000,13388.04590
1235.00000,13404.26270
1235.50000,13429.48438
1236.00000,13454.53711
1236.50000,13471.56738
1237.00000,13474.95508
1237.50000,13468.41895
1238.00000,13457.36328
1238.50000,13449.03027
1239.00000,13446.93164
1239.50000,13452.72266
1240.00000,13463.52051
1240.50000,13477.32129
1241.00000,13492.49902
1241.50000,13507.66113
1242.00000,13521.54590
1242.50000,13532.94727
1243.00000,13541.35938
1243.50000,13546.62988
1244.00000,13550.86426
1244.50000,13556.23633
1245.00000,13564.94238
1245.50000,13577.16113
1246.00000,13592.36523
1246.50000,13608.43848
1247.00000,13623.44434
1247.50000,13635.37305
1248.00000,13644.10645
1248.50000,13649.80469
1249.00000,13653.63281
1249.50000,13657.51758
1250.00000,13663.51563
1250.50000,13672.77930
1251.00000,13685.32129
1251.50000,13700.94043
1252.00000,13718.31738
1252.50000,13737.43066
1253.00000,13758.54199
1253.50000,13780.84375
1254.00000,13801.59961
1254.50000,13816.85547
1255.00000,13823.94141
1255.50000,13822.50098
1256.00000,13819.55762
1256.50000,13823.37500
1257.00000,13840.84180
1257.50000,13871.25586
1258.00000,13910.39258
1258.50000,13949.56641
1259.00000,13983.77930
1259.50000,14010.47949
1260.00000,14031.38965
1260.50000,14046.03711
1261.00000,14053.34668
1261.50000,14053.60645
1262.00000,14048.18652
1262.50000,14042.55469
1263.00000,14040.95508
1263.50000,14045.01465
1264.00000,14050.95313
1264.50000,14054.64551
1265.00000,14054.83105
1265.50000,14054.83398
1266.00000,14061.00879
1266.50000,14075.62500
1267.00000,14096.32422
1267.50000,14115.91602
1268.00000,14128.25977
1268.50000,14130.36621
1269.00000,14125.50488
1269.50000,14119.22559
1270.00000,14116.63965
1270.50000,14119.03711
1271.00000,14125.79297
1271.50000,14134.90039
1272.00000,14143.89746
1272.50000,14151.20215
1273.00000,14156.56934
1273.50000,14161.04590
1274.00000,14166.74023
1274.50000,14175.00098
1275.00000,14185.58008
1275.50000,14195.27734
1276.00000,14199.80762
1276.50000,14194.69629
1277.00000,14180.30078
1277.50000,14160.42383
1278.00000,14141.53906
1278.50000,14130.17090
1279.00000,14131.49512
1279.50000,14147.14453
1280.00000,14171.98145
1280.50000,14199.06055
1281.00000,14219.57227
1281.50000,14228.65527
1282.00000,14224.95801
1282.50000,14216.96289
1283.00000,14212.71387
1283.50000,14217.30469
1284.00000,14227.18750
1284.50000,14233.10352
1285.00000,14227.18848
1285.50000,14208.22168
1286.00000,14181.58691
1286.50000,14158.58496
1287.00000,14147.31934
1287.50000,14149.05078
1288.00000,14157.72949
1288.50000,14166.50586
1289.00000,14170.56152
1289.50000,14168.90137
1290.00000,14161.64160
1290.50000,14149.85742
1291.00000,14131.82227
1291.50000,14106.47949
1292.00000,14075.54980
1292.50000,14043.02051
1293.00000,14014.33398
1293.50000,13992.98047
1294.00000,13980.60352
1294.50000,13974.12109
1295.00000,13971.04004
1295.50000,13968.11816
1296.00000,13962.92480
1296.50000,13952.63770
1297.00000,13937.13965
1297.50000,13917.64844
1298.00000,13898.46680
1298.50000,13885.18652
1299.00000,13883.72363
1299.50000,13894.86133
1300.00000,13914.29395
1300.50000,13935.06543
1301.00000,13950.10938
1301.50000,13955.36816
1302.00000,13949.83789
1302.50000,13937.41016
1303.00000,13921.36523
1303.50000,13905.85938
1304.00000,13893.53320
1304.50000,13886.66602
1305.00000,13883.61523
1305.50000,13882.07910
1306.00000,13878.68164
1306.50000,13872.01074
1307.00000,13863.22070
1307.50000,13856.70215
1308.00000,13856.04395
1308.50000,13863.18945
1309.00000,13873.61523
1309.50000,13882.19336
1310.00000,13884.25000
1310.50000,13879.66113
1311.00000,13870.26367
1311.50000,13860.48047
1312.00000,13853.36035
1312.50000,13851.49805
1313.00000,13854.92676
1313.50000,13864.59277
1314.00000,13880.20020
1314.50000,13899.15918
1315.00000,13917.19141
1315.50000,13929.69629
1316.00000,13934.10547
1316.50000,13929.47852
1317.00000,13919.76074
1317.50000,13907.71582
1318.00000,13895.69336
1318.50000,13884.56055
1319.00000,13874.91504
1319.50000,13867.24121
1320.00000,13862.48926
1320.50000,13861.84473
1321.00000,13864.65820
1321.50000,13870.52148
1322.00000,13878.23438
1322.50000,13886.35156
1323.00000,13892.91504
1323.50000,13896.19434
1324.00000,13894.97656
1324.50000,13889.72070
1325.00000,13883.93359
1325.50000,13881.51855
1326.00000,13884.15430
1326.50000,13889.57813
1327.00000,13892.22852
1327.50000,13887.80566
1328.00000,13875.57129
1328.50000,13860.42090
1329.00000,13850.65723
1329.50000,13853.38379
1330.00000,13868.25977
1330.50000,13890.02051
1331.00000,13912.15039
1331.50000,13929.97266
1332.00000,13942.16992
1332.50000,13949.32715
1333.00000,13952.63086
1333.50000,13950.67480
1334.00000,13943.12109
1334.50000,13931.67969
1335.00000,13921.08984
1335.50000,13916.85742
1336.00000,13922.16016
1336.50000,13934.52246
1337.00000,13947.10547
1337.50000,13953.16016
1338.00000,13951.14453
1338.50000,13944.35547
1339.00000,13939.62891
1339.50000,13942.50098
1340.00000,13955.76563
1340.50000,13977.26660
1341.00000,14001.14063
1341.50000,14021.32227
1342.00000,14034.24414
1342.50000,14039.35059
1343.00000,14038.42383
1343.50000,14036.09863
1344.00000,14035.34082
1344.50000,14037.37891
1345.00000,14041.29492
1345.50000,14046.15039
1346.00000,14051.88574
1346.50000,14059.96191
1347.00000,14072.52930
1347.50000,14088.63770
1348.00000,14105.54492
1348.50000,14119.05469
1349.00000,14127.55078
1349.50000,14132.72461
1350.00000,14139.55859
1350.50000,14151.23047
1351.00000,14167.39844
1351.50000,14182.88672
1352.00000,14191.72070
1352.50000,14191.21094
1353.00000,14183.65332
1353.50000,14173.33496
1354.00000,14165.31836
1354.50000,14161.56250
1355.00000,14161.53027
1355.50000,14162.82031
1356.00000,14164.75391
1356.50000,14168.35254
1357.00000,14175.12988
1357.50000,14186.67090
1358.00000,14200.75684
1358.50000,14213.86816
1359.00000,14220.81738
1359.50000,14219.04590
1360.00000,14206.96191
1360.50000,14188.41699
1361.00000,14168.81250
1361.50000,14154.89844
1362.00000,14148.92090
1362.50000,14151.82520
1363.00000,14162.42773
1363.50000,14177.56445
1364.00000,14194.94629
1364.50000,14211.20801
1365.00000,14223.25000
1365.50000,14227.15820
1366.00000,14223.90723
1366.50000,14215.59082
1367.00000,14206.84277
1367.50000,14201.36816
1368.00000,14200.31250
1368.50000,14201.11523
1369.00000,14201.45313
1369.50000,14200.72266
1370.00000,14200.81445
1370.50000,14204.03223
1371.00000,14210.81836
1371.50000,14218.82617
1372.00000,14224.57227
1372.50000,14226.30078
1373.00000,14224.58301
1373.50000,14221.83789
1374.00000,14220.77246
1374.50000,14222.74414
1375.00000,14227.89063
1375.50000,14235.88672
1376.00000,14247.42676
1376.50000,14261.60156
1377.00000,14276.41699
1377.50000,14287.69922
1378.00000,14292.42383
1378.50000,14288.94922
1379.00000,14280.89258
1379.50000,14274.77930
1380.00000,14277.92773
1380.50000,14290.58496
1381.00000,14309.30078
1381.50000,14326.81152
1382.00000,14337.33105
1382.50000,14338.37305
1383.00000,14333.96094
1383.50000,14330.29590
1384.00000,14333.67383
1384.50000,14344.37402
1385.00000,14360.25391
1385.50000,14376.85742
1386.00000,14391.15820
1386.50000,14402.33398
1387.00000,14411.86328
1387.50000,14421.46289
1388.00000,14432.58594
1388.50000,14445.29492
1389.00000,14459.08984
1389.50000,14472.26172
1390.00000,14482.46191
1390.50000,14486.07910
1391.00000,14482.00586
1391.50000,14471.97461
1392.00000,14459.38379
1392.50000,14449.12695
1393.00000,14444.15723
1393.50000,14444.60059
1394.00000,14447.50586
1394.50000,14449.91309
1395.00000,14450.14160
1395.50000,14448.54199
1396.00000,14446.92871
1396.50000,14447.49512
1397.00000,14451.72656
1397.50000,14459.50000
1398.00000,14468.51465
1398.50000,14474.68652
1399.00000,14474.21289
1399.50000,14465.30957
1400.00000,14449.19824
1400.50000,14433.02051
1401.00000,14424.36816
1401.50000,14428.03711
1402.00000,14441.24121
1402.50000,14457.30176
1403.00000,14468.80371
1403.50000,14473.24023
1404.00000,14473.03125
1404.50000,14474.33789
1405.00000,14481.17090
1405.50000,14492.53809
1406.00000,14503.72656
1406.50000,14508.99219
1407.00000,14507.29102
1407.50000,14500.90918
1408.00000,14494.18555
1408.50000,14490.29297
1409.00000,14490.70215
1409.50000,14494.92090
1410.00000,14501.90430
1410.50000,14510.98047
1411.00000,14520.01270
1411.50000,14526.25488
1412.00000,14526.29590
1412.50000,14520.01074
1413.00000,14509.45508
1413.50000,14499.49023
1414.00000,14493.67188
1414.50000,14494.13965
1415.00000,14497.95508
1415.50000,14502.20801
1416.00000,14504.51270
1416.50000,14505.05469
1417.00000,14505.59082
1417.50000,14508.65430
1418.00000,14515.86035
1418.50000,14529.09375
1419.00000,14547.16113
1419.50000,14568.66016
1420.00000,14589.65430
1420.50000,14605.31152
1421.00000,14609.88184
1421.50000,14603.20020
1422.00000,14589.41113
1422.50000,14577.28418
1423.00000,14575.98145
1423.50000,14591.14746
1424.00000,14621.53223
1424.50000,14658.50293
1425.00000,14691.93164
1425.50000,14714.03418
1426.00000,14722.45215
1426.50000,14718.90039
1427.00000,14712.54980
1427.50000,14711.29980
1428.00000,14720.52539
1428.50000,14738.35449
1429.00000,14760.59082
1429.50000,14780.44531
1430.00000,14793.71191
1430.50000,14798.43457
1431.00000,14798.20703
1431.50000,14796.67383
1432.00000,14797.60449
1432.50000,14802.54199
1433.00000,14812.12109
1433.50000,14824.56641
1434.00000,14839.21973
1434.50000,14856.50098
1435.00000,14876.72168
1435.50000,14900.55957
1436.00000,14926.80273
1436.50000,14952.72852
1437.00000,14974.01270
1437.50000,14988.44531
1438.00000,14995.85645
1438.50000,14999.42773
1439.00000,15004.44824
1439.50000,15015.51172
1440.00000,15033.70605
1440.50000,15056.54785
1441.00000,15079.69629
1441.50000,15098.91113
1442.00000,15112.46387
1442.50000,15121.98926
1443.00000,15132.15039
1443.50000,15146.66406
1444.00000,15165.25293
1444.50000,15184.22559
1445.00000,15196.97461
1445.50000,15200.79102
1446.00000,15195.70020
1446.50000,15186.43359
1447.00000,15179.45703
1447.50000,15179.62207
1448.00000,15186.07910
1448.50000,15196.17676
1449.00000,15208.06641
1449.50000,15220.82715
1450.00000,15234.18555
1450.50000,15245.75488
1451.00000,15251.51367
1451.50000,15245.70215
1452.00000,15228.81738
1452.50000,15206.40527
1453.00000,15187.26367
1453.50000,15176.28711
1454.00000,15173.61816
1454.50000,15173.93164
1455.00000,15171.93164
1455.50000,15166.33496
1456.00000,15161.61621
1456.50000,15163.01465
1457.00000,15173.60742
1457.50000,15187.87305
1458.00000,15199.24414
1458.50000,15202.71777
1459.00000,15199.14258
1459.50000,15192.62109
1460.00000,15189.30176
1460.50000,15192.62109
1461.00000,15203.58594
1461.50000,15218.59863
1462.00000,15234.00195
1462.50000,15245.87500
1463.00000,15251.61914
1463.50000,15248.18359
1464.00000,15238.02148
1464.50000,15225.41699
1465.00000,15217.63379
1465.50000,15219.28613
1466.00000,15232.35645
1466.50000,15250.48633
1467.00000,15266.47266
1467.50000,15274.93359
1468.00000,15278.70801
1468.50000,15283.78711
1469.00000,15297.33594
1469.50000,15320.11719
1470.00000,15348.77832
1470.50000,15375.01758
1471.00000,15393.12891
1471.50000,15399.56543
1472.00000,15398.86035
1472.50000,15395.04297
1473.00000,15392.83008
1473.50000,15395.09863
1474.00000,15404.04785
1474.50000,15418.69531
1475.00000,15436.41602
1475.50000,15453.28516
1476.00000,15466.73828
1476.50000,15476.26074
1477.00000,15483.66016
1477.50000,15491.27441
1478.00000,15499.85156
1478.50000,15508.41992
1479.00000,15516.44336
1479.50000,15526.33008
1480.00000,15541.83496
1480.50000,15566.25391
1481.00000,15598.11816
1481.50000,15630.91797
1482.00000,15656.74707
1482.50000,15672.95410
1483.00000,15682.58105
1483.50000,15693.74902
1484.00000,15713.68750
1484.50000,15744.49023
1485.00000,15781.39063
1485.50000,15816.82324
1486.00000,15843.91016
1486.50000,15862.54297
1487.00000,15876.68750
1487.50000,15894.41895
1488.00000,15923.29785
1488.50000,15969.08789
1489.00000,16030.43848
1489.50000,16100.52344
1490.00000,16171.06543
1490.50000,16234.59766
1491.00000,16288.16895
1491.50000,16333.21777
1492.00000,16376.23926
1492.50000,16422.38477
1493.00000,16473.29883
1493.50000,16527.71289
1494.00000,16585.60547
1494.50000,16648.57422
1495.00000,16721.56250
1495.50000,16810.89844
1496.00000,16915.83594
1496.50000,17034.55078
1497.00000,17158.20313
1497.50000,17279.83398
1498.00000,17395.28320
1498.50000,17506.95117
1499.00000,17619.31836
1499.50000,17739.05078
1500.00000,17870.48438
1500.50000,18019.99609
1501.00000,18188.99414
1501.50000,18375.08984
1502.00000,18577.96680
1502.50000,18790.04688
1503.00000,19008.01172
1503.50000,19230.66992
1504.00000,19459.64063
1504.50000,19701.71094
1505.00000,19961.36523
1505.50000,20238.15234
1506.00000,20529.12891
1506.50000,20822.71484
1507.00000,21108.77930
1507.50000,21379.08008
1508.00000,21633.39648
1508.50000,21872.61523
1509.00000,22102.93164
1509.50000,22326.81836
1510.00000,22540.03320
1510.50000,22738.49414
1511.00000,22915.77930
1511.50000,23070.89844
1512.00000,23209.54102
1512.50000,23333.52539
1513.00000,23443.61133
1513.50000,23532.76172
1514.00000,23586.01758
1514.50000,23601.53320
1515.00000,23576.23828
1515.50000,23519.49805
1516.00000,23445.22852
1516.50000,23359.29492
1517.00000,23263.29883
1517.50000,23151.58594
1518.00000,23016.50000
1518.50000,22861.31836
1519.00000,22690.05664
1519.50000,22511.66992
1520.00000,22331.86133
1520.50000,22149.52539
1521.00000,21959.11914
1521.50000,21754.50195
1522.00000,21532.63867
1522.50000,21298.99805
1523.00000,21058.07227
1523.50000,20814.63086
1524.00000,20569.96680
1524.50000,20322.56055
1525.00000,20072.53516
1525.50000,19822.69727
1526.00000,19578.78320
1526.50000,19344.26367
1527.00000,19121.59961
1527.50000,18907.89063
1528.00000,18699.57422
1528.50000,18496.44336
1529.00000,18299.97656
1529.50000,18114.34766
1530.00000,17941.96680
1530.50000,17779.13086
1531.00000,17621.52148
1531.50000,17464.26172
1532.00000,17307.42578
1532.50000,17158.33789
1533.00000,17024.76172
1533.50000,16912.28906
1534.00000,16818.38281
1534.50000,16732.40039
1535.00000,16645.49023
1535.50000,16555.04883
1536.00000,16466.86719
1536.50000,16394.50781
1537.00000,16343.41992
1537.50000,16311.47168
1538.00000,16287.26074
1538.50000,16258.97754
1539.00000,16220.96680
1539.50000,16178.72754
1540.00000,16140.51953
1540.50000,16113.08008
1541.00000,16091.29004
1541.50000,16066.19824
1542.00000,16030.62109
1542.50000,15986.21484
1543.00000,15941.49902
1543.50000,15907.78809
1544.00000,15891.88086
1544.50000,15895.36133
1545.00000,15906.19043
1545.50000,15914.54883
1546.00000,15913.04199
1546.50000,15901.09863
1547.00000,15881.21973
1547.50000,15860.71680
1548.00000,15844.64746
1548.50000,15834.87305
1549.00000,15827.80859
1549.50000,15819.69922
1550.00000,15808.62695
1550.50000,15796.26953
1551.00000,15787.06836
1551.50000,15783.65820
1552.00000,15785.53906
1552.50000,15787.80957
1553.00000,15785.65527
1553.50000,15776.72461
1554.00000,15763.87695
1554.50000,15751.69824
1555.00000,15744.74805
1555.50000,15742.88281
1556.00000,15744.35938
1556.50000,15747.34082
1557.00000,15751.72363
1557.50000,15759.32617
1558.00000,15770.60156
1558.50000,15783.66992
1559.00000,15793.70410
1559.50000,15796.75391
1560.00000,15791.55664
1560.50000,15780.70801
1561.00000,15769.40820
1561.50000,15761.86328
1562.00000,15758.60742
1562.50000,15757.31055
1563.00000,15753.85156
1563.50000,15746.70410
1564.00000,15737.10645
1564.50000,15729.56152
1565.00000,15728.73730
1565.50000,15739.97266
1566.00000,15762.55273
1566.50000,15792.83398
1567.00000,15822.64453
1567.50000,15843.77051
1568.00000,15849.71875
1568.50000,15840.13965
1569.00000,15821.83398
1569.50000,15803.81152
1570.00000,15794.91699
1570.50000,15798.57129
1571.00000,15813.54590
1571.50000,15832.76953
1572.00000,15850.69434
1572.50000,15863.00293
1573.00000,15868.62598
1573.50000,15867.39355
1574.00000,15864.09766
1574.50000,15864.24316
1575.00000,15873.75000
1575.50000,15892.43750
1576.00000,15916.66113
1576.50000,15937.97168
1577.00000,15950.05664
1577.50000,15950.71094
1578.00000,15948.12695
1578.50000,15949.25977
1579.00000,15957.70020
1579.50000,15969.29492
1580.00000,15977.18066
1580.50000,15976.12012
1581.00000,15966.51855
1581.50000,15951.19727
1582.00000,15934.41797
1582.50000,15917.67773
1583.00000,15902.46777
1583.50000,15891.16992
1584.00000,15888.50293
1584.50000,15895.48340
1585.00000,15907.83008
1585.50000,15918.35352
1586.00000,15921.95410
1586.50000,15918.21680
1587.00000,15912.33105
1587.50000,15910.87402
1588.00000,15917.61035
1588.50000,15929.61230
1589.00000,15942.84863
1589.50000,15953.85254
1590.00000,15961.57129
1590.50000,15964.88086
1591.00000,15962.41504
1591.50000,15954.89844
1592.00000,15944.98926
1592.50000,15937.48438
1593.00000,15934.84473
1593.50000,15935.20117
1594.00000,15931.83984
1594.50000,15918.46387
1595.00000,15896.74805
1595.50000,15875.61035
1596.00000,15865.93652
1596.50000,15870.39844
1597.00000,15884.98535
1597.50000,15901.25879
1598.00000,15912.05762
1598.50000,15916.00195
1599.00000,15915.58301
1599.50000,15912.43164
1600.00000,15904.54492
1600.50000,15891.27148
1601.00000,15874.83594
1601.50000,15862.72363
1602.00000,15860.33398
1602.50000,15869.02930
1603.00000,15882.28223
1603.50000,15891.72363
1604.00000,15890.27539
1604.50000,15880.15234
1605.00000,15867.25000
1605.50000,15858.99219
1606.00000,15858.42188
1606.50000,15866.75488
1607.00000,15881.55371
1607.50000,15899.48438
1608.00000,15917.06348
1608.50000,15931.42871
1609.00000,15941.17969
1609.50000,15946.37891
1610.00000,15949.00488
1610.50000,15949.90625
1611.00000,15949.03809
1611.50000,15945.61035
1612.00000,15938.92676
1612.50000,15930.87793
1613.00000,15923.64551
1613.50000,15919.50879
1614.00000,15918.93457
1614.50000,15922.16699
1615.00000,15927.72852
1615.50000,15934.09961
1616.00000,15939.54590
1616.50000,15943.11230
1617.00000,15945.04688
1617.50000,15947.70410
1618.00000,15953.76758
1618.50000,15964.04395
1619.00000,15974.74414
1619.50000,15980.81641
1620.00000,15977.10742
1620.50000,15966.25781
1621.00000,15954.05371
1621.50000,15948.62891
1622.00000,15952.60742
1622.50000,15965.29883
1623.00000,15980.48340
1623.50000,15993.27539
1624.00000,16000.23242
1624.50000,16002.35547
1625.00000,16001.33301
1625.50000,15999.54688
1626.00000,15999.23828
1626.50000,16003.17578
1627.00000,16012.17871
1627.50000,16025.94629
1628.00000,16041.93457
1628.50000,16056.68262
1629.00000,16067.74219
1629.50000,16074.44043
1630.00000,16077.77832
1630.50000,16078.98438
1631.00000,16080.81934
1631.50000,16085.96777
1632.00000,16096.91895
1632.50000,16112.33105
1633.00000,16128.56836
1633.50000,16139.62207
1634.00000,16141.99316
1634.50000,16136.08301
1635.00000,16128.90430
1635.50000,16125.90039
1636.00000,16129.07910
1636.50000,16133.94531
1637.00000,16133.34961
1637.50000,16123.82520
1638.00000,16108.05176
1638.50000,16092.48730
1639.00000,16083.90625
1639.50000,16086.41406
1640.00000,16100.72266
1640.50000,16121.89844
1641.00000,16145.17969
1641.50000,16165.48047
1642.00000,16179.30566
1642.50000,16182.68555
1643.00000,16177.81738
1643.50000,16168.01855
1644.00000,16159.52246
1644.50000,16156.77930
1645.00000,16162.40723
1645.50000,16173.46875
1646.00000,16185.20313
1646.50000,16191.56543
1647.00000,16191.85840
1647.50000,16187.91992
1648.00000,16184.39941
1648.50000,16184.73828
1649.00000,16189.72168
1649.50000,16195.10742
1650.00000,16196.14063
1650.50000,16189.54102
1651.00000,16178.34277
1651.50000,16167.10938
1652.00000,16161.00488
1652.50000,16161.79492
1653.00000,16168.57227
1653.50000,16177.16895
1654.00000,16184.55078
1654.50000,16187.76660
1655.00000,16185.55273
1655.50000,16175.26172
1656.00000,16157.03613
1656.50000,16134.45117
1657.00000,16113.99609
1657.50000,16102.74121
1658.00000,16105.02344
1658.50000,16120.28223
1659.00000,16137.72168
1659.50000,16147.01367
1660.00000,16143.84473
1660.50000,16133.11328
1661.00000,16125.90234
1661.50000,16131.99805
1662.00000,16152.51660
1662.50000,16178.68848
1663.00000,16198.53809
1663.50000,16204.46875
1664.00000,16199.60449
1664.50000,16193.28027
1665.00000,16195.19336
1665.50000,16204.89746
1666.00000,16216.94141
1666.50000,16222.58105
1667.00000,16217.53613
1667.50000,16200.40430
1668.00000,16178.02246
1668.50000,16157.87500
1669.00000,16148.55762
1669.50000,16151.56738
1670.00000,16165.83203
1670.50000,16184.01563
1671.00000,16196.63477
1671.50000,16197.97949
1672.00000,16191.87305
1672.50000,16186.42480
1673.00000,16190.80664
1673.50000,16203.87109
1674.00000,16217.50098
1674.50000,16221.64355
1675.00000,16215.08301
1675.50000,16204.60840
1676.00000,16202.94727
1676.50000,16217.21973
1677.00000,16243.89844
1677.50000,16268.57715
1678.00000,16279.94238
1678.50000,16275.01855
1679.00000,16261.47461
1679.50000,16248.98633
1680.00000,16242.25195
1680.50000,16239.80566
1681.00000,16239.05566
1681.50000,16240.27051
1682.00000,16248.66504
1682.50000,16268.42090
1683.00000,16295.72363
1683.50000,16321.93262
1684.00000,16337.77051
1684.50000,16339.09668
1685.00000,16327.54688
1685.50000,16313.39941
1686.00000,16304.35352
1686.50000,16303.85840
1687.00000,16310.57129
1687.50000,16322.30566
1688.00000,16334.77441
1688.50000,16345.18359
1689.00000,16351.34277
1689.50000,16353.10840
1690.00000,16350.41406
1690.50000,16345.47656
1691.00000,16342.14648
1691.50000,16346.53809
1692.00000,16360.76074
1692.50000,16384.41016
1693.00000,16411.77734
1693.50000,16433.79492
1694.00000,16443.32227
1694.50000,16442.24023
1695.00000,16436.42969
1695.50000,16430.74609
1696.00000,16425.51367
1696.50000,16417.50977
1697.00000,16406.38086
1697.50000,16398.14063
1698.00000,16402.57813
1698.50000,16422.74023
1699.00000,16452.91992
1699.50000,16479.79297
1700.00000,16494.24609
1700.50000,16495.00977
1701.00000,16488.21289
1701.50000,16481.23828
1702.00000,16476.81836
1702.50000,16473.75391
1703.00000,16472.35156
1703.50000,16477.84961
1704.00000,16493.84766
1704.50000,16521.13281
1705.00000,16551.36914
1705.50000,16572.21289
1706.00000,16573.08594
1706.50000,16557.36523
1707.00000,16535.28711
1707.50000,16522.31641
1708.00000,16525.39063
1708.50000,16540.94336
1709.00000,16556.55078
1709.50000,16562.13867
1710.00000,16554.70898
1710.50000,16545.53516
1711.00000,16546.56250
1711.50000,16563.41016
1712.00000,16586.94336
1712.50000,16605.19727
1713.00000,16609.47070
1713.50000,16602.63281
1714.00000,16593.85742
1714.50000,16591.53125
1715.00000,16598.60547
1715.50000,16614.51953
1716.00000,16634.86719
1716.50000,16656.00195
1717.00000,16673.55469
1717.50000,16684.22266
1718.00000,16685.12109
1718.50000,16680.63281
1719.00000,16676.39648
1719.50000,16676.56836
1720.00000,16679.61914
1720.50000,16682.43945
1721.00000,16684.56055
1721.50000,16690.77734
1722.00000,16709.55273
1722.50000,16739.08984
1723.00000,16771.01758
1723.50000,16789.60352
1724.00000,16785.08594
1724.50000,16758.50781
1725.00000,16728.44727
1725.50000,16712.59180
1726.00000,16725.93359
1726.50000,16758.68945
1727.00000,16794.83008
1727.50000,16817.10742
1728.00000,16823.62500
1728.50000,16821.42383
1729.00000,16823.10742
1729.50000,16833.86719
1730.00000,16849.17773
1730.50000,16860.37109
1731.00000,16863.76172
1731.50000,16862.13672
1732.00000,16861.75195
1732.50000,16867.44727
1733.00000,16879.23047
1733.50000,16895.85352
1734.00000,16915.48438
1734.50000,16933.99219
1735.00000,16946.75977
1735.50000,16952.60547
1736.00000,16955.54688
1736.50000,16961.50586
1737.00000,16972.74023
1737.50000,16986.11328
1738.00000,16995.96289
1738.50000,17002.05859
1739.00000,17007.90039
1739.50000,17016.44922
1740.00000,17025.27539
