280.00000,5282.35742
280.50000,5286.74658
281.00000,5290.27344
281.50000,5294.22363
282.00000,5299.02148
282.50000,5303.62109
283.00000,5305.59180
283.50000,5303.37109
284.00000,5297.10059
284.50000,5289.51709
285.00000,5283.56885
285.50000,5281.82617
286.00000,5284.85449
286.50000,5291.26953
287.00000,5298.04053
287.50000,5303.25391
288.00000,5305.67090
288.50000,5305.90723
289.00000,5305.02197
289.50000,5304.69580
290.00000,5305.65479
290.50000,5308.26904
291.00000,5311.75586
291.50000,5315.20264
292.00000,5317.20654
292.50000,5317.28662
293.00000,5315.46826
293.50000,5312.85889
294.00000,5310.81934
294.50000,5311.12305
295.00000,5314.08008
295.50000,5318.81250
296.00000,5323.31738
296.50000,5325.88574
297.00000,5325.15967
297.50000,5321.64453
298.00000,5317.01660
298.50000,5313.89697
299.00000,5313.35059
299.50000,5315.59619
300.00000,5319.71582
300.50000,5324.18359
301.00000,5327.95117
301.50000,5331.33740
302.00000,5335.37646
302.50000,5341.20947
303.00000,5348.51318
303.50000,5356.07471
304.00000,5361.14111
304.50000,5361.58691
305.00000,5356.41113
305.50000,5347.92676
306.00000,5339.32813
306.50000,5335.13477
307.00000,5338.02344
307.50000,5348.98340
308.00000,5364.47461
308.50000,5379.71387
309.00000,5389.35303
309.50000,5390.80908
310.00000,5383.23779
310.50000,5368.03467
311.00000,5351.16943
311.50000,5336.62158
312.00000,5327.31982
312.50000,5323.80322
313.00000,5326.41992
313.50000,5332.46631
314.00000,5339.51953
314.50000,5345.72656
315.00000,5350.17334
315.50000,5352.19287
316.00000,5351.92969
316.50000,5350.02637
317.00000,5347.42822
317.50000,5345.23047
318.00000,5344.14502
318.50000,5344.64014
319.00000,5346.38965
319.50000,5349.06836
320.00000,5352.09033
320.50000,5355.31934
321.00000,5359.11426
321.50000,5363.70850
322.00000,5369.19824
322.50000,5375.07129
323.00000,5380.12744
323.50000,5383.08301
324.00000,5383.63525
324.50000,5382.27979
325.00000,5379.88037
325.50000,5377.85449
326.00000,5376.97949
326.50000,5376.90234
327.00000,5376.73340
327.50000,5375.85010
328.00000,5374.54248
328.50000,5373.86768
329.00000,5376.08789
329.50000,5381.40771
330.00000,5388.81445
330.50000,5395.63184
331.00000,5399.15283
331.50000,5396.64014
332.00000,5388.71680
332.50000,5378.54785
333.00000,5370.99316
333.50000,5368.74512
334.00000,5373.23828
334.50000,5383.06396
335.00000,5394.76953
335.50000,5404.62256
336.00000,5411.35596
336.50000,5415.47363
337.00000,5418.10107
337.50000,5420.46240
338.00000,5422.45752
338.50000,5422.82861
339.00000,5420.79736
339.50000,5416.79834
340.00000,5413.28613
340.50000,5412.94922
341.00000,5418.50537
341.50000,5429.23779
342.00000,5442.36768
342.50000,5453.03418
343.00000,5458.39551
343.50000,5456.39844
344.00000,5449.74219
344.50000,5441.60840
345.00000,5436.22998
345.50000,5434.83643
346.00000,5436.79834
346.50000,5439.69385
347.00000,5441.45752
347.50000,5440.71729
348.00000,5438.60400
348.50000,5437.25537
349.00000,5438.81201
349.50000,5443.43848
350.00000,5450.64063
350.50000,5458.51953
351.00000,5465.38330
351.50000,5469.60156
352.00000,5472.20898
352.50000,5474.41748
353.00000,5477.72998
353.50000,5482.83789
354.00000,5489.87451
354.50000,5497.45850
355.00000,5503.58301
355.50000,5505.73730
356.00000,5503.56250
356.50000,5496.82471
357.00000,5486.73047
357.50000,5475.76611
358.00000,5467.14990
358.50000,5462.78711
359.00000,5463.05176
359.50000,5467.72900
360.00000,5474.20996
360.50000,5480.25830
361.00000,5483.53418
361.50000,5483.30225
362.00000,5479.96387
362.50000,5475.45068
363.00000,5471.46582
363.50000,5469.72803
364.00000,5470.51416
364.50000,5473.78027
365.00000,5478.07471
365.50000,5481.96924
366.00000,5484.27441
366.50000,5484.80371
367.00000,5483.81299
367.50000,5481.98877
368.00000,5480.38525
368.50000,5479.51074
369.00000,5479.12646
369.50000,5478.56250
370.00000,5476.87109
370.50000,5473.76563
371.00000,5469.49365
371.50000,5465.39258
372.00000,5462.89307
372.50000,5463.14111
373.00000,5466.00977
373.50000,5470.35205
374.00000,5474.46289
374.50000,5476.63037
375.00000,5476.28906
375.50000,5474.23682
376.00000,5472.23193
376.50000,5472.02979
377.00000,5474.55908
377.50000,5479.58008
378.00000,5486.15332
378.50000,5492.05957
379.00000,5495.88086
379.50000,5496.61182
380.00000,5494.55371
380.50000,5489.87500
381.00000,5483.66650
381.50000,5477.10156
382.00000,5471.44092
382.50000,5467.27686
383.00000,5465.01758
383.50000,5464.49316
384.00000,5464.79834
384.50000,5464.88184
385.00000,5463.90918
385.50000,5461.97607
386.00000,5459.82129
386.50000,5458.58594
387.00000,5459.33252
387.50000,5462.56787
388.00000,5467.77051
388.50000,5474.04150
389.00000,5480.37598
389.50000,5486.44385
390.00000,5492.32764
390.50000,5498.33105
391.00000,5504.50537
391.50000,5510.21533
392.00000,5514.41113
392.50000,5515.54053
393.00000,5513.27881
393.50000,5507.71777
394.00000,5499.45020
394.50000,5490.39893
395.00000,5482.62939
395.50000,5477.76709
396.00000,5476.18115
396.50000,5478.20508
397.00000,5482.36768
397.50000,5487.35059
398.00000,5491.70996
398.50000,5494.78467
399.00000,5496.88281
399.50000,5499.02100
400.00000,5501.97168
400.50000,5506.10596
401.00000,5510.61621
401.50000,5514.33057
402.00000,5515.80322
402.50000,5515.47607
403.00000,5514.28711
403.50000,5513.68311
404.00000,5514.39160
404.50000,5516.29297
405.00000,5517.74170
405.50000,5516.86475
406.00000,5513.05615
406.50000,5507.95605
407.00000,5504.10840
407.50000,5503.99414
408.00000,5508.56641
408.50000,5517.96387
409.00000,5528.68408
409.50000,5537.67285
410.00000,5542.94531
410.50000,5544.78857
411.00000,5543.85400
411.50000,5541.77002
412.00000,5539.47168
412.50000,5537.11865
413.00000,5534.64746
413.50000,5532.53418
414.00000,5532.01221
414.50000,5534.16064
415.00000,5540.26416
415.50000,5549.56787
416.00000,5560.29590
416.50000,5569.84766
417.00000,5576.97363
417.50000,5581.28516
418.00000,5583.57666
418.50000,5585.09521
419.00000,5586.42236
419.50000,5587.30762
420.00000,5587.06494
420.50000,5585.35352
421.00000,5583.17578
421.50000,5582.11719
422.00000,5583.86963
422.50000,5588.87402
423.00000,5596.76416
423.50000,5604.60254
424.00000,5610.03809
424.50000,5611.30762
425.00000,5609.27100
425.50000,5605.33057
426.00000,5601.93652
426.50000,5601.01611
427.00000,5603.80664
427.50000,5608.97559
428.00000,5615.37500
428.50000,5621.78125
429.00000,5627.39502
429.50000,5631.68506
430.00000,5634.42090
430.50000,5635.47900
431.00000,5634.53418
431.50000,5632.26416
432.00000,5629.47412
432.50000,5627.46875
433.00000,5627.16064
433.50000,5629.05908
434.00000,5632.04004
434.50000,5634.16211
435.00000,5633.24316
435.50000,5629.23584
436.00000,5622.79102
436.50000,5615.89209
437.00000,5610.72607
437.50000,5609.32520
438.00000,5611.10303
438.50000,5614.32129
439.00000,5616.93848
439.50000,5617.59668
440.00000,5615.65820
440.50000,5611.52881
441.00000,5606.57373
441.50000,5602.41553
442.00000,5600.33447
442.50000,5601.18994
443.00000,5606.19385
443.50000,5614.61523
444.00000,5625.75635
444.50000,5637.54785
445.00000,5647.19873
445.50000,5651.81982
446.00000,5651.25342
446.50000,5646.48584
447.00000,5639.37891
447.50000,5632.68604
448.00000,5628.18359
448.50000,5626.34766
449.00000,5626.00732
449.50000,5625.87988
450.00000,5625.29980
450.50000,5624.40430
451.00000,5623.83984
451.50000,5624.06396
452.00000,5625.13281
452.50000,5626.36865
453.00000,5627.06201
453.50000,5626.92578
454.00000,5626.48340
454.50000,5626.42529
455.00000,5627.51367
455.50000,5629.84326
456.00000,5633.43750
456.50000,5637.91943
457.00000,5642.98633
457.50000,5648.54785
458.00000,5654.13037
458.50000,5658.98828
459.00000,5661.96680
459.50000,5662.59521
460.00000,5660.60645
460.50000,5657.69580
461.00000,5655.55762
461.50000,5655.75195
462.00000,5657.80762
462.50000,5660.37500
463.00000,5661.02344
463.50000,5658.04443
464.00000,5650.69873
464.50000,5641.42920
465.00000,5632.99023
465.50000,5628.54004
466.00000,5628.47900
466.50000,5632.37695
467.00000,5638.06543
467.50000,5642.59814
468.00000,5643.64355
468.50000,5641.21143
469.00000,5636.33789
469.50000,5630.52490
470.00000,5625.59521
470.50000,5622.84521
471.00000,5622.94629
471.50000,5625.47266
472.00000,5629.77637
472.50000,5634.67236
473.00000,5639.35938
473.50000,5643.14844
474.00000,5645.92773
474.50000,5647.54297
475.00000,5647.88672
475.50000,5646.82764
476.00000,5643.83545
476.50000,5639.07666
477.00000,5632.96680
477.50000,5626.39990
478.00000,5620.56836
478.50000,5616.41797
479.00000,5614.01758
479.50000,5612.30225
480.00000,5609.84912
480.50000,5606.14648
481.00000,5601.74951
481.50000,5598.54004
482.00000,5598.48291
482.50000,5603.68604
483.00000,5614.31982
483.50000,5628.10205
484.00000,5641.72217
484.50000,5652.25830
485.00000,5657.91260
485.50000,5658.06543
486.00000,5654.81445
486.50000,5650.23242
487.00000,5646.90625
487.50000,5646.01172
488.00000,5647.53467
488.50000,5649.55273
489.00000,5650.14307
489.50000,5647.45654
490.00000,5641.53662
490.50000,5633.30273
491.00000,5625.68066
491.50000,5621.38916
492.00000,5622.87012
492.50000,5628.68506
493.00000,5637.06104
493.50000,5645.03809
494.00000,5650.34521
494.50000,5651.48047
495.00000,5649.37695
495.50000,5646.03027
496.00000,5643.37061
496.50000,5642.19043
497.00000,5642.63916
497.50000,5644.28027
498.00000,5646.45117
498.50000,5648.78613
499.00000,5650.90039
499.50000,5652.26367
500.00000,5651.81934
500.50000,5649.12207
501.00000,5643.66162
501.50000,5635.78320
502.00000,5626.67920
502.50000,5617.65088
503.00000,5610.01758
503.50000,5604.56055
504.00000,5601.87646
504.50000,5601.56348
505.00000,5603.70313
505.50000,5607.89502
506.00000,5613.33252
506.50000,5619.24512
507.00000,5624.74414
507.50000,5629.54932
508.00000,5634.21094
508.50000,5639.69775
509.00000,5646.91455
509.50000,5655.83398
510.00000,5665.34473
510.50000,5673.31592
511.00000,5677.80908
511.50000,5677.32666
512.00000,5672.02441
512.50000,5664.38525
513.00000,5656.77637
513.50000,5651.57275
514.00000,5649.84766
514.50000,5652.39111
515.00000,5657.53613
515.50000,5663.77832
516.00000,5669.28516
516.50000,5673.10791
517.00000,5674.48145
517.50000,5673.45605
518.00000,5670.48047
518.50000,5666.04395
519.00000,5661.64600
519.50000,5659.10693
520.00000,5660.66797
520.50000,5666.51416
521.00000,5676.32813
521.50000,5687.38379
522.00000,5696.68555
522.50000,5700.68311
523.00000,5699.35645
523.50000,5693.78613
524.00000,5687.53076
524.50000,5683.95166
525.00000,5684.59912
525.50000,5687.70117
526.00000,5690.40186
526.50000,5689.19141
527.00000,5683.37793
527.50000,5673.54199
528.00000,5662.45801
528.50000,5653.03174
529.00000,5646.84766
529.50000,5643.18604
530.00000,5640.94580
530.50000,5639.30225
531.00000,5637.90820
531.50000,5636.95068
532.00000,5636.26367
532.50000,5634.85791
533.00000,5631.08691
533.50000,5624.85205
534.00000,5617.34570
534.50000,5611.39209
535.00000,5609.43799
535.50000,5613.22119
536.00000,5621.45947
536.50000,5630.46680
537.00000,5635.21875
537.50000,5634.05127
538.00000,5627.56787
538.50000,5618.58838
539.00000,5611.13428
539.50000,5608.30908
540.00000,5610.79932
540.50000,5617.03564
541.00000,5624.93652
541.50000,5632.06055
542.00000,5637.59619
542.50000,5641.48779
543.00000,5644.30420
543.50000,5646.01514
544.00000,5646.41895
544.50000,5645.31787
545.00000,5642.49707
545.50000,5639.06836
546.00000,5636.41309
546.50000,5635.93408
547.00000,5637.85938
547.50000,5642.06250
548.00000,5647.22559
548.50000,5652.00049
549.00000,5654.96484
549.50000,5655.94580
550.00000,5655.05908
550.50000,5653.01709
551.00000,5650.48389
551.50000,5647.59326
552.00000,5644.31592
552.50000,5640.60840
553.00000,5636.62549
553.50000,5632.94238
554.00000,5630.35693
554.50000,5629.65283
555.00000,5630.69873
555.50000,5633.43945
556.00000,5637.17627
556.50000,5641.33057
557.00000,5645.25684
557.50000,5648.30957
558.00000,5649.55273
558.50000,5647.98486
559.00000,5643.41846
559.50000,5636.17139
560.00000,5628.16748
560.50000,5621.41846
561.00000,5618.27100
561.50000,5619.08252
562.00000,5623.82129
562.50000,5630.89746
563.00000,5638.27051
563.50000,5644.08105
564.00000,5647.87207
564.50000,5649.64258
565.00000,5649.46729
565.50000,5647.93994
566.00000,5645.29541
566.50000,5642.18115
567.00000,5639.46045
567.50000,5638.43359
568.00000,5639.60400
568.50000,5642.65674
569.00000,5646.43066
569.50000,5649.32861
570.00000,5649.93750
570.50000,5647.93604
571.00000,5644.04395
571.50000,5639.38330
572.00000,5635.46240
572.50000,5633.35352
573.00000,5633.41553
573.50000,5635.05811
574.00000,5637.88525
574.50000,5641.16553
575.00000,5644.25732
575.50000,5646.27832
576.00000,5646.73486
576.50000,5645.00000
577.00000,5640.72852
577.50000,5634.75244
578.00000,5628.18799
578.50000,5622.60303
579.00000,5619.24512
579.50000,5619.62109
580.00000,5623.21387
580.50000,5629.51904
581.00000,5637.10742
581.50000,5644.19385
582.00000,5648.94043
582.50000,5650.79736
583.00000,5649.78174
583.50000,5645.84668
584.00000,5640.06592
584.50000,5632.95801
585.00000,5625.31104
585.50000,5618.03955
586.00000,5612.49072
586.50000,5609.80908
587.00000,5610.69580
587.50000,5615.53320
588.00000,5622.69678
588.50000,5630.54297
589.00000,5636.84912
589.50000,5640.12354
590.00000,5638.87939
590.50000,5633.99561
591.00000,5626.82129
591.50000,5619.66748
592.00000,5614.70020
592.50000,5613.65186
593.00000,5616.99365
593.50000,5623.92529
594.00000,5633.77100
594.50000,5644.65771
595.00000,5655.24365
595.50000,5664.16357
596.00000,5670.68359
596.50000,5673.89893
597.00000,5673.79492
597.50000,5670.92578
598.00000,5665.74316
598.50000,5659.76953
599.00000,5654.00488
599.50000,5649.04102
600.00000,5644.52344
600.50000,5639.55957
601.00000,5633.25049
601.50000,5625.67725
602.00000,5617.86230
602.50000,5611.35400
603.00000,5607.37988
603.50000,5606.39551
604.00000,5607.33984
604.50000,5609.18701
605.00000,5611.00537
605.50000,5612.81982
606.00000,5615.80273
606.50000,5620.61670
607.00000,5627.22363
607.50000,5634.19043
608.00000,5639.41064
608.50000,5640.38574
609.00000,5636.53418
609.50000,5628.69189
610.00000,5618.73779
610.50000,5609.93115
611.00000,5605.20898
611.50000,5605.82080
612.00000,5610.56592
612.50000,5617.80713
613.00000,5624.64209
613.50000,5628.95508
614.00000,5628.99951
614.50000,5625.64551
615.00000,5619.91748
615.50000,5613.59570
616.00000,5608.00293
616.50000,5603.63770
617.00000,5600.05225
617.50000,5596.97705
618.00000,5594.71240
618.50000,5593.79150
619.00000,5595.10010
619.50000,5598.76660
620.00000,5603.81299
620.50000,5608.48193
621.00000,5610.72900
621.50000,5609.35986
622.00000,5604.29590
622.50000,5597.53516
623.00000,5591.22070
623.50000,5587.49365
624.00000,5587.18652
624.50000,5590.56689
625.00000,5595.41553
625.50000,5599.43066
626.00000,5600.02979
626.50000,5596.93555
627.00000,5591.45313
627.50000,5586.65967
628.00000,5585.18408
628.50000,5589.41162
629.00000,5597.60352
629.50000,5607.19629
630.00000,5614.44141
630.50000,5617.29150
631.00000,5615.10059
631.50000,5610.53467
632.00000,5606.77588
632.50000,5606.16309
633.00000,5607.84814
633.50000,5610.05469
634.00000,5610.41943
634.50000,5608.14941
635.00000,5603.73633
635.50000,5599.41260
636.00000,5597.00830
636.50000,5597.56738
637.00000,5599.14307
637.50000,5599.26367
638.00000,5595.83203
638.50000,5588.94824
639.00000,5579.81689
639.50000,5571.32715
640.00000,5565.87305
640.50000,5565.67822
641.00000,5569.79834
641.50000,5577.04736
642.00000,5584.94580
642.50000,5591.21289
643.00000,5593.94336
643.50000,5593.00146
644.00000,5588.77197
644.50000,5582.01416
645.00000,5574.58008
645.50000,5568.02197
646.00000,5563.68945
646.50000,5561.96338
647.00000,5563.08594
647.50000,5565.80859
648.00000,5568.98340
648.50000,5571.77783
649.00000,5574.08252
649.50000,5576.21191
650.00000,5578.65039
650.50000,5581.52344
651.00000,5584.46631
651.50000,5586.72119
652.00000,5587.61426
652.50000,5586.85498
653.00000,5585.31689
653.50000,5584.23438
654.00000,5584.63232
654.50000,5586.66162
655.00000,5589.90967
655.50000,5592.98535
656.00000,5594.69824
656.50000,5594.17090
657.00000,5591.78174
657.50000,5588.08691
658.00000,5584.08350
658.50000,5580.31348
659.00000,5576.74561
659.50000,5573.03076
660.00000,5569.15967
660.50000,5565.82178
661.00000,5564.04980
661.50000,5565.25195
662.00000,5569.46875
662.50000,5575.60205
663.00000,5581.54004
663.50000,5585.17285
664.00000,5585.28857
664.50000,5583.01855
665.00000,5581.02393
665.50000,5581.84082
666.00000,5585.86328
666.50000,5591.60400
667.00000,5596.01074
667.50000,5596.73193
668.00000,5592.63086
668.50000,5585.03955
669.00000,5576.90234
669.50000,5570.94385
670.00000,5567.76270
670.50000,5566.12207
671.00000,5564.37305
671.50000,5561.80469
672.00000,5559.10352
672.50000,5557.91455
673.00000,5559.22510
673.50000,5563.27393
674.00000,5568.16992
674.50000,5571.92578
675.00000,5572.76514
675.50000,5571.06250
676.00000,5567.92188
676.50000,5564.79150
677.00000,5562.22412
677.50000,5559.99121
678.00000,5557.39941
678.50000,5554.01904
679.00000,5549.78564
679.50000,5545.13916
680.00000,5540.36133
680.50000,5535.62500
681.00000,5531.09277
681.50000,5527.56201
682.00000,5525.86670
682.50000,5526.92578
683.00000,5531.12988
683.50000,5537.19482
684.00000,5543.56641
684.50000,5548.49072
685.00000,5551.16602
685.50000,5551.17822
686.00000,5549.72510
686.50000,5547.58740
687.00000,5545.35400
687.50000,5543.27490
688.00000,5541.65723
688.50000,5541.00684
689.00000,5541.80078
689.50000,5544.51953
690.00000,5548.23633
690.50000,5551.81201
691.00000,5553.91162
691.50000,5554.19482
692.00000,5552.90039
692.50000,5551.13916
693.00000,5549.47412
693.50000,5547.13770
694.00000,5542.70020
694.50000,5534.96484
695.00000,5524.72510
695.50000,5515.12842
696.00000,5511.09619
696.50000,5515.45605
697.00000,5528.27051
697.50000,5546.68164
698.00000,5563.63037
698.50000,5572.63086
699.00000,5570.08984
699.50000,5558.28955
700.00000,5542.45361
700.50000,5529.67090
701.00000,5523.75879
701.50000,5526.03271
702.00000,5532.58545
702.50000,5540.00146
703.00000,5545.57520
703.50000,5549.13916
704.00000,5552.01221
704.50000,5555.91895
705.00000,5561.16602
705.50000,5566.23779
706.00000,5568.79492
706.50000,5567.14795
707.00000,5562.09131
707.50000,5556.07813
708.00000,5552.18311
708.50000,5551.83057
709.00000,5554.92383
709.50000,5559.63721
710.00000,5563.16699
710.50000,5563.03760
711.00000,5558.46338
711.50000,5550.27832
712.00000,5539.70215
712.50000,5529.30664
713.00000,5521.13867
713.50000,5517.21973
714.00000,5517.95801
714.50000,5523.87646
715.00000,5533.23242
715.50000,5543.49658
716.00000,5551.32715
716.50000,5554.94775
717.00000,5553.58252
717.50000,5548.42725
718.00000,5542.33447
718.50000,5537.66357
719.00000,5535.03564
719.50000,5533.20264
720.00000,5530.11523
720.50000,5524.98047
721.00000,5518.43164
721.50000,5512.81836
722.00000,5510.32617
722.50000,5512.58643
723.00000,5518.07227
723.50000,5524.11914
724.00000,5527.35254
724.50000,5526.66211
725.00000,5522.38818
725.50000,5517.04443
726.00000,5513.25098
726.50000,5512.59131
727.00000,5514.28369
727.50000,5516.91992
728.00000,5518.98877
728.50000,5519.90869
729.00000,5519.71484
729.50000,5518.81543
730.00000,5517.34326
730.50000,5514.65088
731.00000,5510.33350
731.50000,5504.46143
732.00000,5498.24951
732.50000,5493.81152
733.00000,5493.13916
733.50000,5496.54004
734.00000,5502.41113
734.50000,5508.31836
735.00000,5511.96289
735.50000,5512.49512
736.00000,5510.73633
736.50000,5509.11035
737.00000,5509.54492
737.50000,5512.01709
738.00000,5514.43896
738.50000,5512.89551
739.00000,5505.56836
739.50000,5493.14795
740.00000,5479.82910
740.50000,5470.91406
741.00000,5471.19189
741.50000,5480.61621
742.00000,5495.42627
742.50000,5509.86914
743.00000,5518.73193
743.50000,5519.22705
744.00000,5511.73828
744.50000,5500.38574
745.00000,5488.75537
745.50000,5479.57861
746.00000,5473.68799
746.50000,5471.39551
747.00000,5471.61475
747.50000,5474.23096
748.00000,5478.76855
748.50000,5483.99463
749.00000,5488.44189
749.50000,5491.14795
750.00000,5492.29199
750.50000,5493.19141
751.00000,5495.54688
751.50000,5500.12646
752.00000,5505.71094
752.50000,5509.66064
753.00000,5508.62061
753.50000,5502.14648
754.00000,5492.29102
754.50000,5482.54639
755.00000,5475.91895
755.50000,5473.78369
756.00000,5475.00684
756.50000,5477.10889
757.00000,5478.10889
757.50000,5477.71289
758.00000,5476.89746
758.50000,5477.31348
759.00000,5479.59229
759.50000,5483.49072
760.00000,5487.64746
760.50000,5490.76855
761.00000,5491.96533
761.50000,5491.69824
762.00000,5490.36133
762.50000,5488.03955
763.00000,5484.70508
763.50000,5479.96045
764.00000,5473.93896
764.50000,5467.39209
765.00000,5461.74951
765.50000,5458.39551
766.00000,5458.59326
766.50000,5463.15771
767.00000,5470.83594
767.50000,5479.96191
768.00000,5487.59375
768.50000,5491.30566
769.00000,5488.77734
769.50000,5481.70410
770.00000,5472.30469
770.50000,5464.07666
771.00000,5459.46973
771.50000,5459.93213
772.00000,5464.08154
772.50000,5469.71436
773.00000,5474.87207
773.50000,5479.03955
774.00000,5482.97217
774.50000,5488.05615
775.00000,5494.63135
775.50000,5501.56055
776.00000,5506.09521
776.50000,5505.95215
777.00000,5499.38916
777.50000,5489.03516
778.00000,5477.94580
778.50000,5469.92578
779.00000,5466.67236
779.50000,5468.65039
780.00000,5473.10693
780.50000,5477.21875
781.00000,5478.45361
781.50000,5476.89404
782.00000,5473.66211
782.50000,5470.88818
783.00000,5469.90918
783.50000,5471.04834
784.00000,5472.76172
784.50000,5473.43018
785.00000,5471.91895
785.50000,5468.96240
786.00000,5465.86816
786.50000,5464.24512
787.00000,5464.74072
787.50000,5467.45557
788.00000,5471.10547
788.50000,5474.65674
789.00000,5477.47070
789.50000,5479.85938
790.00000,5482.55469
790.50000,5486.24707
791.00000,5490.90967
791.50000,5495.78613
792.00000,5499.45166
792.50000,5500.58496
793.00000,5498.46289
793.50000,5494.22998
794.00000,5489.49170
794.50000,5486.46631
795.00000,5486.56348
795.50000,5490.99023
796.00000,5498.14844
796.50000,5506.16064
797.00000,5512.37939
797.50000,5515.18994
798.00000,5513.53271
798.50000,5508.69629
799.00000,5502.93750
799.50000,5499.14844
800.00000,5498.73193
800.50000,5501.95850
801.00000,5507.12744
801.50000,5511.44287
802.00000,5512.64795
802.50000,5510.67383
803.00000,5507.06006
803.50000,5504.33643
804.00000,5504.20605
804.50000,5507.14502
805.00000,5511.94336
805.50000,5516.61963
806.00000,5519.75098
806.50000,5521.38477
807.00000,5522.29395
807.50000,5523.15820
808.00000,5523.90186
808.50000,5523.79102
809.00000,5522.40869
809.50000,5520.65137
810.00000,5520.61182
810.50000,5523.52148
811.00000,5528.80957
811.50000,5533.58936
812.00000,5534.39697
812.50000,5528.71973
813.00000,5517.65137
813.50000,5505.47607
814.00000,5497.70459
814.50000,5496.94336
815.00000,5502.70801
815.50000,5511.51318
816.00000,5518.18848
816.50000,5519.23730
817.00000,5514.72705
817.50000,5507.74268
818.00000,5502.25977
818.50000,5500.89404
819.00000,5504.27246
819.50000,5511.44531
820.00000,5520.17725
820.50000,5529.26270
821.00000,5537.88867
821.50000,5545.54443
822.00000,5550.95361
822.50000,5553.21387
823.00000,5551.12939
823.50000,5544.03320
824.00000,5533.58643
824.50000,5521.83740
825.00000,5511.84033
825.50000,5505.81836
826.00000,5506.21533
826.50000,5511.68262
827.00000,5520.69580
827.50000,5530.32471
828.00000,5537.51416
828.50000,5539.45654
829.00000,5536.02979
829.50000,5528.87256
830.00000,5520.94531
830.50000,5516.05957
831.00000,5517.28857
831.50000,5525.81689
832.00000,5539.04053
832.50000,5553.11182
833.00000,5563.16602
833.50000,5566.26563
834.00000,5560.62500
834.50000,5550.19336
835.00000,5538.95166
835.50000,5531.32764
836.00000,5528.99902
836.50000,5532.19922
837.00000,5537.93701
837.50000,5543.58057
838.00000,5547.27783
838.50000,5549.53564
839.00000,5551.73926
839.50000,5555.38379
840.00000,5560.71680
840.50000,5566.92578
841.00000,5572.06641
841.50000,5574.42920
842.00000,5572.58740
842.50000,5567.60791
843.00000,5560.97461
843.50000,5555.19824
844.00000,5552.20508
844.50000,5553.81836
845.00000,5559.27539
845.50000,5567.39551
846.00000,5576.42432
846.50000,5584.62109
847.00000,5590.92725
847.50000,5595.35547
848.00000,5598.71826
848.50000,5602.05957
849.00000,5606.22949
849.50000,5611.32520
850.00000,5616.51416
850.50000,5620.37695
851.00000,5621.23779
851.50000,5618.69141
852.00000,5613.81201
852.50000,5608.72510
853.00000,5605.92676
853.50000,5606.99902
854.00000,5612.01318
854.50000,5618.77051
855.00000,5624.94531
855.50000,5628.80957
856.00000,5630.16309
856.50000,5629.47168
857.00000,5628.31787
857.50000,5627.58594
858.00000,5627.89893
858.50000,5629.56348
859.00000,5633.47510
859.50000,5639.97119
860.00000,5648.47168
860.50000,5656.98682
861.00000,5662.70215
861.50000,5663.15283
862.00000,5657.98242
862.50000,5650.15234
863.00000,5643.98926
863.50000,5643.30420
864.00000,5649.44629
864.50000,5661.76123
865.00000,5675.48779
865.50000,5686.42432
866.00000,5691.55322
866.50000,5691.29150
867.00000,5687.44336
867.50000,5684.08936
868.00000,5684.35449
868.50000,5690.61572
869.00000,5701.28369
869.50000,5713.97900
870.00000,5724.92236
870.50000,5731.50439
871.00000,5731.63623
871.50000,5727.16016
872.00000,5720.52588
872.50000,5714.52832
873.00000,5710.93311
873.50000,5710.80713
874.00000,5714.05859
874.50000,5719.98242
875.00000,5728.19824
875.50000,5737.09619
876.00000,5744.81738
876.50000,5748.75195
877.00000,5747.93848
877.50000,5741.98193
878.00000,5733.16748
878.50000,5724.51318
879.00000,5718.96875
879.50000,5716.68359
880.00000,5716.42773
880.50000,5715.82910
881.00000,5713.40088
881.50000,5709.18213
882.00000,5705.03516
882.50000,5702.66211
883.00000,5702.96777
883.50000,5704.04199
884.00000,5703.40039
884.50000,5698.86377
885.00000,5690.86230
885.50000,5680.95508
886.00000,5671.93213
886.50000,5665.54150
887.00000,5662.83545
887.50000,5662.36182
888.00000,5663.00781
888.50000,5663.73291
889.00000,5664.01904
889.50000,5663.31250
890.00000,5660.93555
890.50000,5656.04883
891.00000,5647.61963
891.50000,5636.92822
892.00000,5625.94678
892.50000,5617.58691
893.00000,5613.37549
893.50000,5613.80762
894.00000,5616.22314
894.50000,5617.83057
895.00000,5616.38428
895.50000,5612.79736
896.00000,5609.52979
896.50000,5609.78076
897.00000,5614.65625
897.50000,5623.47021
898.00000,5632.49561
898.50000,5638.72070
899.00000,5640.23145
899.50000,5638.67480
900.00000,5636.20459
900.50000,5634.96680
901.00000,5635.27344
901.50000,5635.97070
902.00000,5635.34424
902.50000,5632.78027
903.00000,5629.29102
903.50000,5627.10400
904.00000,5628.18066
904.50000,5632.34863
905.00000,5637.40283
905.50000,5639.82324
906.00000,5637.73535
906.50000,5631.06299
907.00000,5622.22949
907.50000,5615.16309
908.00000,5613.35400
908.50000,5617.44141
909.00000,5625.49170
909.50000,5634.39014
910.00000,5640.68115
910.50000,5642.23926
911.00000,5638.43311
911.50000,5631.21729
912.00000,5622.82373
912.50000,5616.35938
913.00000,5614.08105
913.50000,5618.54541
914.00000,5628.09229
914.50000,5640.45654
915.00000,5651.49219
915.50000,5658.00293
916.00000,5658.01807
916.50000,5653.83594
917.00000,5649.06201
917.50000,5647.59131
918.00000,5649.90332
918.50000,5654.37549
919.00000,5657.56592
919.50000,5657.47070
920.00000,5654.26172
920.50000,5651.36328
921.00000,5652.10205
921.50000,5658.90283
922.00000,5669.38330
922.50000,5680.14209
923.00000,5687.30908
923.50000,5689.63770
924.00000,5687.29541
924.50000,5683.19482
925.00000,5679.62451
925.50000,5678.44727
926.00000,5680.04150
926.50000,5685.13135
927.00000,5693.88330
927.50000,5705.41113
928.00000,5717.89648
928.50000,5728.04248
929.00000,5733.11084
929.50000,5731.80664
930.00000,5727.27930
930.50000,5723.74219
931.00000,5725.36133
931.50000,5733.04639
932.00000,5745.50488
932.50000,5757.81201
933.00000,5766.16309
933.50000,5768.40967
934.00000,5766.63525
934.50000,5763.53174
935.00000,5761.79492
935.50000,5761.94678
936.00000,5762.80273
936.50000,5762.37012
937.00000,5759.81201
937.50000,5756.08057
938.00000,5753.49512
938.50000,5754.46533
939.00000,5759.52197
939.50000,5767.66553
940.00000,5777.96436
940.50000,5789.47070
941.00000,5802.97852
941.50000,5819.87207
942.00000,5839.97656
942.50000,5861.89209
943.00000,5882.36865
943.50000,5898.96826
944.00000,5910.34033
944.50000,5919.46631
945.00000,5929.71484
945.50000,5944.11084
946.00000,5962.57471
946.50000,5983.49756
947.00000,6003.89160
947.50000,6022.19824
948.00000,6038.08398
948.50000,6052.80469
949.00000,6066.47363
949.50000,6078.05176
950.00000,6086.46973
950.50000,6090.83740
951.00000,6093.07959
951.50000,6095.79297
952.00000,6101.81152
952.50000,6111.33252
953.00000,6123.43555
953.50000,6135.93994
954.00000,6147.30225
954.50000,6156.88965
955.00000,6165.42627
955.50000,6173.51025
956.00000,6181.36279
956.50000,6188.95215
957.00000,6196.19531
957.50000,6203.15674
958.00000,6209.75098
958.50000,6215.13770
959.00000,6218.46777
959.50000,6219.01172
960.00000,6216.75146
960.50000,6213.21582
961.00000,6209.62158
961.50000,6206.41260
962.00000,6202.85107
962.50000,6197.27832
963.00000,6189.24316
963.50000,6179.07129
964.00000,6167.80469
964.50000,6156.19727
965.00000,6143.41797
965.50000,6127.92871
966.00000,6109.02588
966.50000,6087.23779
967.00000,6065.96240
967.50000,6048.38721
968.00000,6036.34570
968.50000,6027.87451
969.00000,6019.81592
969.50000,6009.06006
970.00000,5995.13037
970.50000,5980.01514
971.00000,5967.36914
971.50000,5959.81348
972.00000,5957.62939
972.50000,5958.04785
973.00000,5958.13281
973.50000,5955.96240
974.00000,5951.56055
974.50000,5946.20166
975.00000,5941.88232
975.50000,5940.18701
976.00000,5942.15479
976.50000,5947.76563
977.00000,5957.53760
977.50000,5970.27441
978.00000,5984.27539
978.50000,5996.69043
979.00000,6005.11426
979.50000,6007.52246
980.00000,6004.17139
980.50000,5997.71240
981.00000,5991.34912
981.50000,5988.03320
982.00000,5989.22559
982.50000,5995.51855
983.00000,6005.18994
983.50000,6017.48389
984.00000,6031.62305
984.50000,6046.99512
985.00000,6062.94482
985.50000,6078.04248
986.00000,6090.72607
986.50000,6099.60010
987.00000,6105.70410
987.50000,6111.20703
988.00000,6119.63281
988.50000,6133.45410
989.00000,6154.95996
989.50000,6181.77832
990.00000,6211.35498
990.50000,6240.74756
991.00000,6268.57227
991.50000,6295.36230
992.00000,6323.33691
992.50000,6354.46729
993.00000,6390.72754
993.50000,6430.89502
994.00000,6473.84570
994.50000,6518.29639
995.00000,6563.44287
995.50000,6609.58594
996.00000,6657.14600
996.50000,6706.31445
997.00000,6757.57031
997.50000,6810.81104
998.00000,6866.78662
998.50000,6926.19141
999.00000,6988.13916
999.50000,7050.42334
1000.00000,7109.18164
1000.50000,7161.15820
1001.00000,7203.06543
1001.50000,7237.72168
1002.00000,7267.68701
1002.50000,7295.78955
1003.00000,7322.47852
1003.50000,7344.03320
1004.00000,7356.27100
1004.50000,7356.37354
1005.00000,7342.59131
1005.50000,7320.68457
1006.00000,7294.75098
1006.50000,7268.03125
1007.00000,7240.44092
1007.50000,7208.18457
1008.00000,7167.88135
1008.50000,7117.54395
1009.00000,7056.56982
1009.50000,6989.78271
1010.00000,6921.26172
1010.50000,6855.60156
1011.00000,6795.39404
1011.50000,6742.92139
1012.00000,6696.34863
1012.50000,6653.29688
1013.00000,6610.50732
1013.50000,6565.56836
1014.00000,6518.15723
1014.50000,6470.92676
1015.00000,6427.50977
1015.50000,6392.35742
1016.00000,6364.83203
1016.50000,6342.69678
1017.00000,6321.98877
1017.50000,6299.51904
1018.00000,6274.90625
1018.50000,6250.87109
1019.00000,6230.60059
1019.50000,6217.24268
1020.00000,6208.88867
1020.50000,6202.56641
1021.00000,6194.24707
1021.50000,6182.12451
1022.00000,6166.60205
1022.50000,6151.13770
1023.00000,6139.20801
1023.50000,6134.30566
1024.00000,6134.69141
1024.50000,6137.39893
1025.00000,6137.42041
1025.50000,6131.33252
1026.00000,6117.01709
1026.50000,6097.26318
1027.00000,6076.47217
1027.50000,6059.90137
1028.00000,6049.21094
1028.50000,6043.83301
1029.00000,6040.18652
1029.50000,6034.36523
1030.00000,6023.97949
1030.50000,6010.56396
1031.00000,5997.27881
1031.50000,5988.06982
1032.00000,5983.73926
1032.50000,5983.67285
1033.00000,5985.41113
1033.50000,5986.76318
1034.00000,5986.97266
1034.50000,5986.79199
1035.00000,5986.94482
1035.50000,5987.19434
1036.00000,5986.17139
1036.50000,5982.06836
1037.00000,5974.20947
1037.50000,5963.93652
1038.00000,5953.59326
1038.50000,5945.76465
1039.00000,5941.92139
1039.50000,5942.63330
1040.00000,5946.11914
1040.50000,5951.01953
1041.00000,5955.80371
1041.50000,5959.50146
1042.00000,5961.02979
1042.50000,5960.12500
1043.00000,5956.54590
1043.50000,5950.57568
1044.00000,5943.92236
1044.50000,5938.71777
1045.00000,5936.88232
1045.50000,5938.74902
1046.00000,5943.50879
1046.50000,5947.99756
1047.00000,5949.64893
1047.50000,5947.38086
1048.00000,5943.66357
1048.50000,5942.70605
1049.00000,5948.15039
1049.50000,5960.25977
1050.00000,5976.52295
1050.50000,5990.68018
1051.00000,5998.00586
1051.50000,5996.77881
1052.00000,5990.87354
1052.50000,5985.04541
1053.00000,5983.01709
1053.50000,5984.82471
1054.00000,5987.95459
1054.50000,5988.99609
1055.00000,5986.64941
1055.50000,5982.15771
1056.00000,5977.98096
1056.50000,5975.37598
1057.00000,5973.19043
1057.50000,5969.37891
1058.00000,5962.06592
1058.50000,5952.58984
1059.00000,5943.33984
1059.50000,5937.12842
1060.00000,5934.77441
1060.50000,5936.36963
1061.00000,5940.45020
1061.50000,5946.43311
1062.00000,5954.78857
1062.50000,5965.11914
1063.00000,5976.38525
1063.50000,5986.09424
1064.00000,5992.12646
1064.50000,5992.73389
1065.00000,5989.58691
1065.50000,5984.98633
1066.00000,5981.29150
1066.50000,5979.16943
1067.00000,5977.93506
1067.50000,5976.15771
1068.00000,5973.31982
1068.50000,5970.36279
1069.00000,5969.36475
1069.50000,5972.08301
1070.00000,5979.09961
1070.50000,5987.76270
1071.00000,5994.39941
1071.50000,5995.56543
1072.00000,5990.67236
1072.50000,5981.11816
1073.00000,5972.08252
1073.50000,5967.94531
1074.00000,5971.47363
1074.50000,5980.10449
1075.00000,5989.71045
1075.50000,5995.41602
1076.00000,5995.38037
1076.50000,5990.13574
1077.00000,5984.58398
1077.50000,5982.95801
1078.00000,5988.09229
1078.50000,5998.27539
1079.00000,6010.21191
1079.50000,6019.10938
1080.00000,6021.97559
1080.50000,6016.52441
1081.00000,6006.13965
1081.50000,5994.25684
1082.00000,5985.24805
1082.50000,5981.36670
1083.00000,5983.87793
1083.50000,5991.06543
1084.00000,6001.19043
1084.50000,6013.78564
1085.00000,6028.34277
1085.50000,6044.58594
1086.00000,6060.41309
1086.50000,6072.52393
1087.00000,6076.58203
1087.50000,6072.58936
1088.00000,6063.73730
1088.50000,6056.07031
1089.00000,6054.55518
1089.50000,6061.02734
1090.00000,6072.19287
1090.50000,6082.33887
1091.00000,6086.73975
1091.50000,6086.00537
1092.00000,6083.65967
1092.50000,6084.47363
1093.00000,6089.73389
1093.50000,6097.72900
1094.00000,6104.10010
1094.50000,6105.99121
1095.00000,6102.72119
1095.50000,6098.02979
1096.00000,6095.62939
1096.50000,6098.25732
1097.00000,6104.53564
1097.50000,6112.03711
1098.00000,6117.96729
1098.50000,6121.52588
1099.00000,6123.46240
1099.50000,6125.91797
1100.00000,6130.23584
1100.50000,6136.67285
1101.00000,6143.90234
1101.50000,6150.61426
1102.00000,6156.10059
1102.50000,6160.67969
1103.00000,6165.24268
1103.50000,6170.65625
1104.00000,6177.17676
1104.50000,6184.25830
1105.00000,6190.76514
1105.50000,6195.48389
1106.00000,6198.07910
1106.50000,6199.17041
1107.00000,6200.00244
1107.50000,6202.02832
1108.00000,6206.05322
1108.50000,6211.87109
1109.00000,6218.17334
1109.50000,6223.73389
1110.00000,6228.20850
1110.50000,6232.29590
1111.00000,6237.48389
1111.50000,6244.53369
1112.00000,6253.49023
1112.50000,6263.41357
1113.00000,6273.23975
1113.50000,6282.76514
1114.00000,6292.73340
1114.50000,6303.93750
1115.00000,6316.62646
1115.50000,6329.44141
1116.00000,6340.68848
1116.50000,6349.16357
1117.00000,6355.40283
1117.50000,6360.69678
1118.00000,6366.81689
1118.50000,6374.55371
1119.00000,6383.92139
1119.50000,6393.86816
1120.00000,6403.63184
1120.50000,6412.74805
1121.00000,6421.32227
1121.50000,6430.06152
1122.00000,6440.43604
1122.50000,6454.44678
1123.00000,6474.72998
1123.50000,6500.69434
1124.00000,6530.75244
1124.50000,6560.81885
1125.00000,6587.51758
1125.50000,6608.91260
1126.00000,6627.50195
1126.50000,6646.22803
1127.00000,6667.10498
1127.50000,6688.85205
1128.00000,6708.50635
1128.50000,6724.18701
1129.00000,6737.43262
1129.50000,6752.87500
1130.00000,6774.41455
1130.50000,6803.00830
1131.00000,6835.34521
1131.50000,6865.50586
1132.00000,6889.15771
1132.50000,6906.91992
1133.00000,6922.62109
1133.50000,6940.56885
1134.00000,6961.69434
1134.50000,6984.29004
1135.00000,7005.28467
1135.50000,7023.73975
1136.00000,7041.41211
1136.50000,7062.21045
1137.00000,7089.00049
1137.50000,7124.31445
1138.00000,7165.40137
1138.50000,7210.10986
1139.00000,7255.70801
1139.50000,7300.21582
1140.00000,7342.67285
1140.50000,7384.09570
1141.00000,7426.93848
1141.50000,7476.16357
1142.00000,7534.33154
1142.50000,7603.62256
1143.00000,7683.14307
1143.50000,7769.24609
1144.00000,7861.11279
1144.50000,7959.04980
1145.00000,8065.71045
1145.50000,8186.00537
1146.00000,8318.57715
1146.50000,8462.86816
1147.00000,8616.53711
1147.50000,8777.71680
1148.00000,8949.16895
1148.50000,9131.49414
1149.00000,9324.32617
1149.50000,9524.90820
1150.00000,9726.32520
1150.50000,9923.18262
1151.00000,10112.58984
1151.50000,10294.96289
1152.00000,10468.87305
1152.50000,10633.10156
1153.00000,10782.66406
1153.50000,10908.57422
1154.00000,11009.14551
1154.50000,11078.23730
1155.00000,11114.84375
1155.50000,11120.32227
1156.00000,11085.67090
1156.50000,11014.27051
1157.00000,10904.84277
1157.50000,10757.64844
1158.00000,10584.66504
1158.50000,10391.23242
1159.00000,10184.97656
1159.50000,9970.47461
1160.00000,9748.42480
1160.50000,9522.47852
1161.00000,9297.06055
1161.50000,9079.56348
1162.00000,8875.10840
1162.50000,8689.32129
1163.00000,8520.71875
1163.50000,8364.82129
1164.00000,8219.16797
1164.50000,8079.62061
1165.00000,7947.50146
1165.50000,7826.43945
1166.00000,7717.58057
1166.50000,7622.79199
1167.00000,7538.22412
1167.50000,7459.64697
1168.00000,7385.10547
1168.50000,7314.26709
1169.00000,7250.48389
1169.50000,7197.58643
1170.00000,7155.31738
1170.50000,7122.66650
1171.00000,7094.31836
1171.50000,7066.59521
1172.00000,7038.42529
1172.50000,7011.57178
1173.00000,6988.70703
1173.50000,6970.75488
1174.00000,6955.28662
1174.50000,6938.34961
1175.00000,6917.07422
1175.50000,6891.63232
1176.00000,6865.57520
1176.50000,6844.14063
1177.00000,6831.92627
1177.50000,6829.56201
1178.00000,6833.51172
1178.50000,6839.68262
1179.00000,6843.76953
1179.50000,6844.04541
1180.00000,6840.88916
1180.50000,6837.30322
1181.00000,6836.47119
1181.50000,6840.82910
1182.00000,6850.70020
1182.50000,6866.07861
1183.00000,6884.10791
1183.50000,6902.47363
1184.00000,6918.91895
1184.50000,6932.65527
1185.00000,6943.32617
1185.50000,6951.77148
1186.00000,6959.18604
1186.50000,6966.75879
1187.00000,6975.40527
1187.50000,6985.44727
1188.00000,6996.21729
1188.50000,7006.01172
1189.00000,7012.62695
1189.50000,7015.32031
1190.00000,7015.51367
1190.50000,7016.90234
1191.00000,7023.41748
1191.50000,7037.32715
1192.00000,7056.76025
1192.50000,7075.36963
1193.00000,7085.02100
1193.50000,7081.07764
1194.00000,7064.03027
1194.50000,7036.97949
1195.00000,7008.82813
1195.50000,6985.33691
1196.00000,6968.83447
1196.50000,6956.09277
1197.00000,6941.86279
1197.50000,6921.58789
1198.00000,6894.28076
1198.50000,6862.09033
1199.00000,6831.32568
1199.50000,6807.61328
1200.00000,6793.98145
1200.50000,6787.79492
1201.00000,6783.96387
1201.50000,6775.14258
1202.00000,6756.35938
1202.50000,6724.52002
1203.00000,6685.01514
1203.50000,6644.20068
1204.00000,6610.18164
1204.50000,6587.30713
1205.00000,6578.27490
1205.50000,6578.37451
1206.00000,6582.91357
1206.50000,6587.60938
1207.00000,6590.41211
1207.50000,6591.35254
1208.00000,6591.51270
1208.50000,6591.33594
1209.00000,6589.75098
1209.50000,6585.61719
1210.00000,6578.44971
1210.50000,6569.19092
1211.00000,6560.30566
1211.50000,6553.83008
1212.00000,6550.06445
1212.50000,6547.54053
1213.00000,6544.01221
1213.50000,6538.00000
1214.00000,6528.83203
1214.50000,6516.15234
1215.00000,6500.36719
1215.50000,6481.04443
1216.00000,6459.31055
1216.50000,6437.85352
1217.00000,6421.52246
1217.50000,6412.47559
1218.00000,6410.69482
1218.50000,6411.92725
1219.00000,6409.70654
1219.50000,6398.50732
1220.00000,6378.64502
1220.50000,6354.59619
1221.00000,6332.73633
1221.50000,6316.54980
1222.00000,6305.91602
1222.50000,6297.11865
1223.00000,6286.27051
1223.50000,6272.06396
1224.00000,6257.17822
1224.50000,6245.11865
1225.00000,6239.13672
1225.50000,6237.68506
1226.00000,6238.51953
1226.50000,6239.02686
1227.00000,6238.37500
1227.50000,6237.05176
1228.00000,6235.72119
1228.50000,6233.91357
1229.00000,6230.17480
1229.50000,6224.36475
1230.00000,6217.55664
1230.50000,6212.13477
1231.00000,6209.51318
1231.50000,6209.77588
1232.00000,6210.70557
1232.50000,6210.67969
1233.00000,6209.72510
1233.50000,6209.89258
1234.00000,6213.35107
1234.50000,6220.01270
1235.00000,6227.03027
1235.50000,6229.98584
1236.00000,6227.06934
1236.50000,6219.27148
1237.00000,6210.55371
1237.50000,6205.57080
1238.00000,6207.64160
1238.50000,6216.31494
1239.00000,6228.54199
1239.50000,6241.18457
1240.00000,6251.44873
1240.50000,6257.57715
1241.00000,6258.22461
1241.50000,6254.36914
1242.00000,6247.08203
1242.50000,6239.20947
1243.00000,6233.45410
1243.50000,6232.49365
1244.00000,6235.70801
1244.50000,6241.84375
1245.00000,6248.98730
1245.50000,6255.87451
1246.00000,6262.70361
1246.50000,6270.48193
1247.00000,6279.73486
1247.50000,6289.94678
1248.00000,6298.92871
1248.50000,6304.25098
1249.00000,6304.32324
1249.50000,6300.47656
1250.00000,6295.16162
1250.50000,6292.16260
1251.00000,6294.00879
1251.50000,6302.58838
1252.00000,6315.22510
1252.50000,6329.22754
1253.00000,6341.58105
1253.50000,6351.29590
1254.00000,6359.00098
1254.50000,6367.04199
1255.00000,6377.13330
1255.50000,6389.94922
1256.00000,6403.64648
1256.50000,6416.12451
1257.00000,6425.82715
1257.50000,6433.21436
1258.00000,6439.80029
1258.50000,6447.32471
1259.00000,6455.93115
1259.50000,6463.73975
1260.00000,6468.12793
1260.50000,6466.55762
1261.00000,6458.91699
1261.50000,6447.96875
1262.00000,6437.46387
1262.50000,6430.84277
1263.00000,6429.79834
1263.50000,6434.81006
1264.00000,6443.43164
1264.50000,6453.89160
1265.00000,6463.95068
1265.50000,6471.67676
1266.00000,6474.08105
1266.50000,6470.06641
1267.00000,6459.29883
1267.50000,6443.79492
1268.00000,6428.61084
1268.50000,6419.23438
1269.00000,6419.19336
1269.50000,6428.02832
1270.00000,6443.63965
1270.50000,6459.84180
1271.00000,6472.17090
1271.50000,6477.96973
1272.00000,6479.22852
1272.50000,6479.12451
1273.00000,6481.36865
1273.50000,6487.15918
1274.00000,6495.31055
1274.50000,6501.85498
1275.00000,6503.44824
1275.50000,6498.67139
1276.00000,6490.56299
1276.50000,6483.00732
1277.00000,6479.09717
1277.50000,6478.96875
1278.00000,6480.42480
1278.50000,6479.68555
1279.00000,6474.35498
1279.50000,6464.57861
1280.00000,6453.54395
1280.50000,6445.22266
1281.00000,6442.10645
1281.50000,6444.14844
1282.00000,6449.33887
1282.50000,6453.31104
1283.00000,6452.67432
1283.50000,6446.27100
1284.00000,6436.72070
1284.50000,6428.20801
1285.00000,6424.04932
1285.50000,6424.59814
1286.00000,6427.27393
1286.50000,6427.40771
1287.00000,6421.65381
1287.50000,6410.19238
1288.00000,6396.76465
1288.50000,6385.94580
1289.00000,6379.94531
1289.50000,6378.09521
1290.00000,6377.59424
1290.50000,6375.29443
1291.00000,6369.79102
1291.50000,6361.87061
1292.00000,6353.13867
1292.50000,6344.21680
1293.00000,6334.62158
1293.50000,6323.65625
1294.00000,6311.60742
1294.50000,6300.54443
1295.00000,6293.54492
1295.50000,6292.53955
1296.00000,6296.64941
1296.50000,6302.97656
1297.00000,6306.28320
1297.50000,6302.35938
1298.00000,6288.96143
1298.50000,6269.84424
1299.00000,6250.55713
1299.50000,6237.95605
1300.00000,6235.51318
1300.50000,6244.32373
1301.00000,6257.77002
1301.50000,6269.81299
1302.00000,6274.91895
1302.50000,6272.82715
1303.00000,6265.61426
1303.50000,6258.23877
1304.00000,6253.82568
1304.50000,6253.03906
1305.00000,6252.23389
1305.50000,6247.72217
1306.00000,6237.73486
1306.50000,6225.30127
1307.00000,6216.15869
1307.50000,6215.23486
1308.00000,6222.55859
1308.50000,6234.08203
1309.00000,6242.31494
1309.50000,6242.60107
1310.00000,6235.62500
1310.50000,6227.60840
1311.00000,6225.76563
1311.50000,6232.44580
1312.00000,6244.68115
1312.50000,6255.46387
1313.00000,6259.01758
1313.50000,6253.34375
1314.00000,6242.30957
1314.50000,6232.44775
1315.00000,6229.19873
1315.50000,6231.82959
1316.00000,6236.80859
1316.50000,6239.43945
1317.00000,6237.92041
1317.50000,6233.15332
1318.00000,6228.79248
1318.50000,6227.93506
1319.00000,6232.26416
1319.50000,6239.03613
1320.00000,6244.37061
1320.50000,6243.72314
1321.00000,6236.53613
1321.50000,6224.12695
1322.00000,6211.20068
1322.50000,6202.06641
1323.00000,6199.91064
1323.50000,6202.78955
1324.00000,6207.63525
1324.50000,6210.52197
1325.00000,6209.67773
1325.50000,6205.28662
1326.00000,6200.27783
1326.50000,6197.73096
1327.00000,6200.37793
1327.50000,6206.72510
1328.00000,6213.79541
1328.50000,6217.05811
1329.00000,6214.34180
1329.50000,6205.91650
1330.00000,6196.10791
1330.50000,6189.26074
1331.00000,6189.02295
1331.50000,6193.24023
1332.00000,6198.32568
1332.50000,6199.68115
1333.00000,6195.78564
1333.50000,6187.29980
1334.00000,6178.04541
1334.50000,6171.36670
1335.00000,6170.23486
1335.50000,6173.85547
1336.00000,6181.09814
1336.50000,6189.61816
1337.00000,6197.05176
1337.50000,6201.30225
1338.00000,6202.20850
1338.50000,6201.11572
1339.00000,6200.65039
1339.50000,6202.87402
1340.00000,6208.22266
1340.50000,6214.66504
1341.00000,6219.40918
1341.50000,6220.50928
1342.00000,6219.35840
1342.50000,6218.73486
1343.00000,6221.50342
1343.50000,6227.29932
1344.00000,6234.38428
1344.50000,6240.13232
1345.00000,6243.31982
1345.50000,6243.75879
1346.00000,6242.97998
1346.50000,6242.19824
1347.00000,6242.42822
1347.50000,6244.01660
1348.00000,6247.29004
1348.50000,6251.93896
1349.00000,6257.12744
1349.50000,6262.16895
1350.00000,6267.30469
1350.50000,6273.64941
1351.00000,6282.39160
1351.50000,6292.37158
1352.00000,6300.19580
1352.50000,6301.52881
1353.00000,6294.76123
1353.50000,6280.70117
1354.00000,6266.15332
1354.50000,6257.15234
1355.00000,6257.51221
1355.50000,6263.59033
1356.00000,6269.33936
1356.50000,6269.29834
1357.00000,6262.67188
1357.50000,6252.17871
1358.00000,6244.00977
1358.50000,6242.47705
1359.00000,6248.94922
1359.50000,6259.80127
1360.00000,6270.76123
1360.50000,6277.94238
1361.00000,6280.11572
1361.50000,6276.96973
1362.00000,6271.41895
1362.50000,6264.85742
1363.00000,6258.33984
1363.50000,6252.56934
1364.00000,6248.75000
1364.50000,6247.91455
1365.00000,6250.49902
1365.50000,6256.17480
1366.00000,6262.20020
1366.50000,6265.94727
1367.00000,6265.71582
1367.50000,6262.43994
1368.00000,6258.11426
1368.50000,6254.67578
1369.00000,6252.27881
1369.50000,6249.69434
1370.00000,6245.85889
1370.50000,6241.11475
1371.00000,6237.53613
1371.50000,6236.98584
1372.00000,6240.44385
1372.50000,6245.64453
1373.00000,6249.78760
1373.50000,6250.29834
1374.00000,6248.16748
1374.50000,6245.61279
1375.00000,6245.33643
1375.50000,6248.27881
1376.00000,6254.30029
1376.50000,6261.34375
1377.00000,6267.88916
1377.50000,6272.83887
1378.00000,6276.14404
1378.50000,6277.58887
1379.00000,6277.25732
1379.50000,6275.62451
1380.00000,6273.62939
1380.50000,6272.76807
1381.00000,6274.41309
1381.50000,6279.61133
1382.00000,6287.49951
1382.50000,6296.72559
1383.00000,6304.81885
1383.50000,6309.71045
1384.00000,6309.17822
1384.50000,6304.63770
1385.00000,6298.66553
1385.50000,6295.74268
1386.00000,6298.40088
1386.50000,6307.29688
1387.00000,6318.58594
1387.50000,6327.50781
1388.00000,6329.21875
1388.50000,6325.01367
1389.00000,6318.16455
1389.50000,6313.76025
1390.00000,6314.25830
1390.50000,6319.55957
1391.00000,6326.04297
1391.50000,6330.97021
1392.00000,6333.18359
1392.50000,6333.91895
1393.00000,6333.70410
1393.50000,6332.06445
1394.00000,6328.39893
1394.50000,6322.81250
1395.00000,6317.59033
1395.50000,6315.09424
1396.00000,6316.59521
1396.50000,6319.05957
1397.00000,6318.44092
1397.50000,6312.20703
1398.00000,6302.16602
1398.50000,6292.76709
1399.00000,6288.65234
1399.50000,6291.46729
1400.00000,6299.72803
1400.50000,6307.88916
1401.00000,6311.09277
1401.50000,6306.78564
1402.00000,6296.80322
1402.50000,6285.09473
1403.00000,6276.76123
1403.50000,6275.10400
1404.00000,6281.39404
1404.50000,6291.40283
1405.00000,6299.88232
1405.50000,6301.77539
1406.00000,6296.19141
1406.50000,6285.15771
1407.00000,6275.18896
1407.50000,6271.01563
1408.00000,6274.22070
1408.50000,6280.84424
1409.00000,6286.23535
1409.50000,6286.69580
1410.00000,6281.88721
1410.50000,6272.94580
1411.00000,6263.31934
1411.50000,6255.26807
1412.00000,6250.66211
1412.50000,6250.09717
1413.00000,6254.77930
1413.50000,6264.43359
1414.00000,6277.43848
1414.50000,6290.77295
1415.00000,6300.54199
1415.50000,6303.79346
1416.00000,6299.84912
1416.50000,6292.15723
1417.00000,6284.79541
1417.50000,6281.20020
1418.00000,6281.50244
1418.50000,6283.40479
1419.00000,6283.48682
1419.50000,6280.02637
1420.00000,6273.61279
1420.50000,6266.67676
1421.00000,6261.40576
1421.50000,6258.62061
1422.00000,6258.32520
1422.50000,6261.30371
1423.00000,6267.62256
1423.50000,6277.19043
1424.00000,6287.72168
1424.50000,6295.52930
1425.00000,6296.48779
1425.50000,6290.95361
1426.00000,6282.34033
1426.50000,6276.65430
1427.00000,6277.79443
1427.50000,6287.13525
1428.00000,6301.60840
1428.50000,6316.45068
1429.00000,6328.59473
1429.50000,6337.85059
1430.00000,6345.10645
1430.50000,6351.07666
1431.00000,6356.02686
1431.50000,6359.35107
1432.00000,6360.77734
1432.50000,6360.75488
1433.00000,6359.89111
1433.50000,6359.09570
1434.00000,6358.99219
1434.50000,6360.42383
1435.00000,6363.83789
1435.50000,6369.93799
1436.00000,6378.57373
1436.50000,6388.93408
1437.00000,6400.28174
1437.50000,6411.67285
1438.00000,6422.58594
1438.50000,6432.45166
1439.00000,6440.82715
1439.50000,6446.83496
1440.00000,6450.29932
1440.50000,6451.80811
1441.00000,6452.28320
1441.50000,6453.16699
1442.00000,6455.34424
1442.50000,6459.30615
1443.00000,6464.80176
1443.50000,6472.10059
1444.00000,6481.19385
1444.50000,6491.56201
1445.00000,6501.46094
1445.50000,6508.27832
1446.00000,6509.27295
1446.50000,6503.32324
1447.00000,6493.24902
1447.50000,6483.52588
1448.00000,6478.56885
1448.50000,6479.70459
1449.00000,6486.25684
1449.50000,6494.04248
1450.00000,6500.22412
1450.50000,6503.28125
1451.00000,6503.59619
1451.50000,6501.07666
1452.00000,6495.87646
1452.50000,6488.22021
1453.00000,6479.27637
1453.50000,6471.44189
1454.00000,6466.53564
1454.50000,6464.34326
1455.00000,6462.54297
1455.50000,6458.58936
1456.00000,6452.43311
1456.50000,6446.29248
1457.00000,6443.72168
1457.50000,6444.76709
1458.00000,6447.08447
1458.50000,6446.73486
1459.00000,6442.21436
1459.50000,6434.92334
1460.00000,6429.37012
1460.50000,6428.64648
1461.00000,6432.97559
1461.50000,6437.84424
1462.00000,6438.82715
1462.50000,6434.88672
1463.00000,6429.09521
1463.50000,6426.93555
1464.00000,6431.62354
1464.50000,6443.28809
1465.00000,6458.34766
1465.50000,6471.06104
1466.00000,6476.62354
1466.50000,6475.34131
1467.00000,6470.77930
1467.50000,6467.53271
1468.00000,6468.37744
1468.50000,6473.48584
1469.00000,6480.48779
1469.50000,6486.15088
1470.00000,6488.47900
1470.50000,6488.12695
1471.00000,6487.16748
1471.50000,6487.52734
1472.00000,6489.42383
1472.50000,6492.30127
1473.00000,6495.24707
1473.50000,6497.83936
1474.00000,6500.25342
1474.50000,6503.02979
1475.00000,6506.69336
1475.50000,6511.99609
1476.00000,6518.96045
1476.50000,6527.48047
1477.00000,6536.42285
1477.50000,6544.02002
1478.00000,6548.26367
1478.50000,6549.18262
1479.00000,6548.46387
1479.50000,6549.54883
1480.00000,6554.55615
1480.50000,6563.90723
1481.00000,6575.33398
1481.50000,6585.65918
1482.00000,6592.73291
1482.50000,6597.99170
1483.00000,6604.92041
1483.50000,6618.61670
1484.00000,6639.60107
1484.50000,6665.18750
1485.00000,6689.38037
1485.50000,6707.53271
1486.00000,6717.18750
1486.50000,6722.54395
1487.00000,6728.80371
1487.50000,6740.97314
1488.00000,6759.05078
1488.50000,6780.86035
1489.00000,6803.19141
1489.50000,6824.69727
1490.00000,6845.28467
1490.50000,6865.06885
1491.00000,6883.25049
1491.50000,6899.04395
1492.00000,6914.35742
1492.50000,6934.18018
1493.00000,6963.31104
1493.50000,7002.28320
1494.00000,7048.72070
1494.50000,7095.06250
1495.00000,7136.49805
1495.50000,7172.29248
1496.00000,7207.47070
1496.50000,7249.03223
1497.00000,7300.91211
1497.50000,7362.34619
1498.00000,7431.93018
1498.50000,7504.52344
1499.00000,7576.95557
1499.50000,7646.51367
1500.00000,7712.81982
1500.50000,7777.70361
1501.00000,7846.70068
1501.50000,7925.25391
1502.00000,8020.11133
1502.50000,8127.94922
1503.00000,8244.89453
1503.50000,8364.70996
1504.00000,8483.44043
1504.50000,8601.98242
1505.00000,8724.89551
1505.50000,8855.58105
1506.00000,8995.54004
1506.50000,9139.45313
1507.00000,9282.01563
1507.50000,9418.60449
1508.00000,9548.97754
1508.50000,9674.64063
1509.00000,9798.99707
1509.50000,9922.72852
1510.00000,10042.30957
1510.50000,10153.48145
1511.00000,10250.88965
1511.50000,10332.44336
1512.00000,10400.96191
1512.50000,10457.39063
1513.00000,10504.96680
1513.50000,10543.76270
1514.00000,10570.73926
1514.50000,10585.70898
1515.00000,10585.86523
1515.50000,10570.43945
1516.00000,10540.77734
1516.50000,10495.28320
1517.00000,10438.37207
1517.50000,10374.35938
1518.00000,10308.04883
1518.50000,10242.46191
1519.00000,10176.64453
1519.50000,10106.07422
1520.00000,10025.74707
1520.50000,9928.30176
1521.00000,9814.59863
1521.50000,9687.77246
1522.00000,9554.90723
1522.50000,9424.43750
1523.00000,9302.39355
1523.50000,9189.09277
1524.00000,9079.93066
1524.50000,8967.81348
1525.00000,8848.39941
1525.50000,8722.44238
1526.00000,8595.55078
1526.50000,8473.00488
1527.00000,8356.73047
1527.50000,8243.16016
1528.00000,8128.12354
1528.50000,8010.09131
1529.00000,7893.80176
1529.50000,7785.96143
1530.00000,7691.16064
1530.50000,7606.57910
1531.00000,7528.14453
1531.50000,7450.50439
1532.00000,7372.15283
1532.50000,7295.21387
1533.00000,7222.42822
1533.50000,7155.25928
1534.00000,7093.34277
1534.50000,7035.37402
1535.00000,6982.39990
1535.50000,6935.21094
1536.00000,6894.38428
1536.50000,6860.18359
1537.00000,6829.35986
1537.50000,6799.59033
1538.00000,6769.48926
1538.50000,6739.08594
1539.00000,6709.32764
1539.50000,6681.11133
1540.00000,6654.85938
1540.50000,6630.62988
1541.00000,6607.36963
1541.50000,6584.71143
1542.00000,6563.31055
1542.50000,6544.72998
1543.00000,6531.96436
1543.50000,6525.08838
1544.00000,6522.19971
1544.50000,6518.23096
1545.00000,6508.58789
1545.50000,6491.11084
1546.00000,6468.77295
1546.50000,6447.11084
1547.00000,6432.19092
1547.50000,6425.01758
1548.00000,6423.96143
1548.50000,6424.70898
1549.00000,6423.24512
1549.50000,6417.33691
1550.00000,6406.96729
1550.50000,6393.48438
1551.00000,6378.76563
1551.50000,6365.97754
1552.00000,6358.27393
1552.50000,6357.16309
1553.00000,6359.86670
1553.50000,6362.17236
1554.00000,6359.87646
1554.50000,6352.31250
1555.00000,6342.17139
1555.50000,6335.40771
1556.00000,6335.79150
1556.50000,6342.86035
1557.00000,6351.80615
1557.50000,6357.81641
1558.00000,6358.68066
1558.50000,6355.35498
1559.00000,6350.02490
1559.50000,6345.25879
1560.00000,6341.61621
1560.50000,6338.51367
1561.00000,6335.08691
1561.50000,6330.58154
1562.00000,6324.69580
1562.50000,6317.48730
1563.00000,6309.82813
1563.50000,6303.85889
1564.00000,6301.97656
1564.50000,6305.29053
1565.00000,6311.89648
1565.50000,6318.37305
1566.00000,6321.13135
1566.50000,6318.81299
1567.00000,6313.41113
1567.50000,6309.50195
1568.00000,6310.80127
1568.50000,6318.54346
1569.00000,6330.62939
1569.50000,6344.15967
1570.00000,6355.63037
1570.50000,6363.03125
1571.00000,6365.00146
1571.50000,6362.35059
1572.00000,6355.14258
1572.50000,6344.71191
1573.00000,6333.29004
1573.50000,6324.00830
1574.00000,6319.20313
1574.50000,6319.61768
1575.00000,6324.42480
1575.50000,6330.40088
1576.00000,6334.86572
1576.50000,6336.47461
1577.00000,6335.89063
1577.50000,6334.81152
1578.00000,6334.96777
1578.50000,6337.12305
1579.00000,6341.57129
1579.50000,6347.80371
1580.00000,6355.45703
1580.50000,6363.00049
1581.00000,6368.14355
1581.50000,6367.59717
1582.00000,6361.66846
1582.50000,6352.12646
1583.00000,6343.12598
1583.50000,6338.13135
1584.00000,6338.65625
1584.50000,6341.58105
1585.00000,6342.73242
1585.50000,6338.55566
1586.00000,6330.28027
1586.50000,6320.25391
1587.00000,6311.46240
1587.50000,6304.93701
1588.00000,6300.07520
1588.50000,6295.67822
1589.00000,6292.09619
1589.50000,6291.52100
1590.00000,6294.63672
1590.50000,6300.31934
1591.00000,6303.97949
1591.50000,6301.36621
1592.00000,6290.84473
1592.50000,6277.47217
1593.00000,6267.79248
1593.50000,6267.99658
1594.00000,6275.51172
1594.50000,6283.67432
1595.00000,6283.98535
1595.50000,6274.91992
1596.00000,6259.87061
1596.50000,6246.79785
1597.00000,6240.02100
1597.50000,6238.94385
1598.00000,6237.14746
1598.50000,6229.96387
1599.00000,6217.94287
1599.50000,6205.49023
1600.00000,6197.39893
1600.50000,6194.37402
1601.00000,6194.87744
1601.50000,6197.06201
1602.00000,6200.30957
1602.50000,6205.31152
1603.00000,6210.91016
1603.50000,6213.74658
1604.00000,6208.12549
1604.50000,6193.14990
1605.00000,6171.77539
1605.50000,6151.07275
1606.00000,6136.73242
1606.50000,6131.65918
1607.00000,6133.07666
1607.50000,6136.14941
1608.00000,6136.58984
1608.50000,6134.68164
1609.00000,6133.54736
1609.50000,6137.81689
1610.00000,6148.84570
1610.50000,6165.39209
1611.00000,6181.27930
1611.50000,6190.17041
1612.00000,6186.65771
1612.50000,6174.62158
1613.00000,6159.10156
1613.50000,6146.75537
1614.00000,6140.44824
1614.50000,6139.47656
1615.00000,6138.23193
1615.50000,6132.57861
1616.00000,6120.74756
1616.50000,6107.07324
1617.00000,6096.98779
1617.50000,6095.68994
1618.00000,6103.06250
1618.50000,6115.78076
1619.00000,6127.86035
1619.50000,6135.76221
1620.00000,6138.02441
1620.50000,6137.25000
1621.00000,6135.01953
1621.50000,6131.78662
1622.00000,6127.31592
1622.50000,6122.31738
1623.00000,6119.47266
1623.50000,6121.43115
1624.00000,6129.33594
1624.50000,6138.70557
1625.00000,6143.85938
1625.50000,6141.34766
1626.00000,6132.86475
1626.50000,6122.46631
1627.00000,6114.90820
1627.50000,6111.99121
1628.00000,6112.24609
1628.50000,6112.62256
1629.00000,6111.70508
1629.50000,6109.63965
1630.00000,6107.22754
1630.50000,6104.74561
1631.00000,6101.86230
1631.50000,6098.36865
1632.00000,6094.94189
1632.50000,6093.16699
1633.00000,6095.52344
1633.50000,6103.52686
1634.00000,6116.37500
1634.50000,6130.72070
1635.00000,6141.43066
1635.50000,6144.71924
1636.00000,6139.52246
1636.50000,6130.18848
1637.00000,6121.73730
1637.50000,6117.44482
1638.00000,6116.78711
1638.50000,6118.24072
1639.00000,6120.26904
1639.50000,6123.18750
1640.00000,6127.30078
1640.50000,6130.99463
1641.00000,6131.48584
1641.50000,6128.14063
1642.00000,6122.96045
1642.50000,6119.07178
1643.00000,6116.69678
1643.50000,6112.18945
1644.00000,6101.20898
1644.50000,6085.19043
1645.00000,6070.89307
1645.50000,6066.57520
1646.00000,6075.04785
1646.50000,6092.61572
1647.00000,6107.39404
1647.50000,6112.73877
1648.00000,6108.72168
1648.50000,6101.20947
1649.00000,6094.80957
1649.50000,6089.96143
1650.00000,6084.24121
1650.50000,6076.38330
1651.00000,6068.97607
1651.50000,6065.91992
1652.00000,6069.21387
1652.50000,6076.52588
1653.00000,6083.40869
1653.50000,6086.52441
1654.00000,6085.01514
1654.50000,6079.19482
1655.00000,6071.07031
1655.50000,6061.87891
1656.00000,6053.50146
1656.50000,6047.50391
1657.00000,6045.41406
1657.50000,6046.10107
1658.00000,6047.61230
1658.50000,6047.30225
1659.00000,6044.39795
1659.50000,6039.67334
1660.00000,6035.28613
1660.50000,6032.94482
1661.00000,6033.63330
1661.50000,6035.53906
1662.00000,6035.97363
1662.50000,6032.32520
1663.00000,6025.09521
1663.50000,6016.63721
1664.00000,6010.84326
1664.50000,6009.92334
1665.00000,6013.45313
1665.50000,6017.60156
1666.00000,6020.43945
1666.50000,6022.59668
1667.00000,6026.50342
1667.50000,6033.87061
1668.00000,6042.11279
1668.50000,6047.33691
1669.00000,6045.93945
1669.50000,6040.37842
1670.00000,6034.51855
1670.50000,6032.62402
1671.00000,6034.60742
1671.50000,6038.25488
1672.00000,6040.98584
1672.50000,6042.22803
1673.00000,6042.50586
1673.50000,6042.19238
1674.00000,6040.09766
1674.50000,6034.95215
1675.00000,6027.55225
1675.50000,6020.31250
1676.00000,6016.26270
1676.50000,6016.94873
1677.00000,6022.14404
1677.50000,6029.12744
1678.00000,6035.74316
1678.50000,6039.59473
1679.00000,6039.08105
1679.50000,6032.56445
1680.00000,6022.80322
1680.50000,6013.59668
1681.00000,6009.69336
1681.50000,6011.88086
1682.00000,6018.80127
1682.50000,6026.31445
1683.00000,6031.84570
1683.50000,6034.80518
1684.00000,6035.93115
1684.50000,6034.31055
1685.00000,6026.86230
1685.50000,6013.90869
1686.00000,5999.28516
1686.50000,5990.30615
1687.00000,5991.58594
1687.50000,6004.27588
1688.00000,6019.38086
1688.50000,6027.85107
1689.00000,6024.04492
1689.50000,6011.70117
1690.00000,5996.55615
1690.50000,5985.15479
1691.00000,5980.01074
1691.50000,5981.26563
1692.00000,5986.08398
1692.50000,5993.27832
1693.00000,6002.07910
1693.50000,6011.64111
1694.00000,6021.36133
1694.50000,6030.45020
1695.00000,6037.75488
1695.50000,6040.15869
1696.00000,6036.20313
1696.50000,6025.06494
1697.00000,6010.96729
1697.50000,6000.26807
1698.00000,5998.28369
1698.50000,6003.88965
1699.00000,6011.67090
1699.50000,6013.84814
1700.00000,6009.33936
1700.50000,6001.00000
1701.00000,5994.47021
1701.50000,5992.71436
1702.00000,5995.45850
1702.50000,5998.65625
1703.00000,6000.10059
1703.50000,6000.23047
1704.00000,6001.51318
1704.50000,6005.73340
1705.00000,6012.60547
1705.50000,6019.64453
1706.00000,6024.31396
1706.50000,6025.55664
1707.00000,6023.34277
1707.50000,6018.00146
1708.00000,6011.37598
1708.50000,6005.14111
1709.00000,6001.11523
1709.50000,6000.44043
1710.00000,6004.52832
1710.50000,6012.33447
1711.00000,6021.67236
1711.50000,6029.36328
1712.00000,6033.36377
1712.50000,6032.79492
1713.00000,6029.34521
1713.50000,6025.62744
1714.00000,6022.84180
1714.50000,6019.74463
1715.00000,6014.37451
1715.50000,6005.63574
1716.00000,5996.00000
1716.50000,5989.86279
1717.00000,5990.73193
1717.50000,5998.96143
1718.00000,6013.71875
1718.50000,6030.05469
1719.00000,6043.36377
1719.50000,6049.21924
1720.00000,6047.05762
1720.50000,6037.37549
1721.00000,6024.81201
1721.50000,6014.44922
1722.00000,6009.97998
1722.50000,6009.49219
1723.00000,6010.36475
1723.50000,6010.57275
1724.00000,6011.02441
1724.50000,6014.43457
1725.00000,6021.13916
1725.50000,6028.56543
1726.00000,6032.15137
1726.50000,6030.74707
1727.00000,6026.77246
1727.50000,6025.69043
1728.00000,6030.09375
1728.50000,6039.52393
1729.00000,6049.52930
1729.50000,6056.41748
1730.00000,6058.75098
1730.50000,6058.53760
1731.00000,6056.49756
1731.50000,6052.23975
1732.00000,6045.38916
1732.50000,6037.12842
1733.00000,6030.97217
1733.50000,6029.67725
1734.00000,6034.37158
1734.50000,6041.19385
1735.00000,6045.73047
1735.50000,6045.48193
1736.00000,6041.83398
1736.50000,6037.71094
1737.00000,6036.10547
1737.50000,6038.22070
1738.00000,6043.53662
1738.50000,6050.16406
1739.00000,6057.01563
1739.50000,6063.18652
1740.00000,6068.09863
