280.00000,9089.55859
280.50000,9094.18164
281.00000,9090.50586
281.50000,9091.36035
282.00000,9104.47461
282.50000,9126.08203
283.00000,9145.03418
283.50000,9151.35254
284.00000,9148.77832
284.50000,9144.29785
285.00000,9146.77441
285.50000,9158.83496
286.00000,9176.15234
286.50000,9188.39648
287.00000,9190.72070
287.50000,9181.68555
288.00000,9168.34961
288.50000,9157.17480
289.00000,9153.57617
289.50000,9155.49023
290.00000,9160.46973
290.50000,9166.08984
291.00000,9172.16895
291.50000,9180.59473
292.00000,9192.45215
292.50000,9206.78906
293.00000,9220.93652
293.50000,9232.67285
294.00000,9240.40625
294.50000,9244.99512
295.00000,9247.77637
295.50000,9249.56543
296.00000,9250.45801
296.50000,9250.23340
297.00000,9249.46387
297.50000,9249.49121
298.00000,9252.58789
298.50000,9258.31445
299.00000,9265.09961
299.50000,9270.62207
300.00000,9273.76367
300.50000,9274.86426
301.00000,9276.72363
301.50000,9281.86719
302.00000,9291.28711
302.50000,9302.59473
303.00000,9312.99805
303.50000,9319.62109
304.00000,9322.55859
304.50000,9324.30957
305.00000,9328.08008
305.50000,9335.07617
306.00000,9345.08496
306.50000,9355.30371
307.00000,9362.91309
307.50000,9366.62598
308.00000,9368.40918
308.50000,9370.47754
309.00000,9374.69727
309.50000,9381.31348
310.00000,9389.27734
310.50000,9396.09277
311.00000,9400.59766
311.50000,9403.07227
312.00000,9405.27832
312.50000,9409.36914
313.00000,9416.90918
313.50000,9427.83594
314.00000,9440.60840
314.50000,9452.53223
315.00000,9461.27539
315.50000,9464.87891
316.00000,9463.42188
316.50000,9457.11035
317.00000,9449.07910
317.50000,9441.77148
318.00000,9437.87695
318.50000,9438.16895
319.00000,9443.30371
319.50000,9452.75293
320.00000,9464.19141
320.50000,9475.75977
321.00000,9485.76465
321.50000,9493.07715
322.00000,9496.40820
322.50000,9496.06152
323.00000,9492.37891
323.50000,9486.59082
324.00000,9480.13379
324.50000,9474.58203
325.00000,9471.41406
325.50000,9472.19336
326.00000,9479.12402
326.50000,9491.05859
327.00000,9507.25879
327.50000,9525.18652
328.00000,9541.77051
328.50000,9553.08691
329.00000,9557.34766
329.50000,9555.09375
330.00000,9548.07715
330.50000,9539.80762
331.00000,9533.02246
331.50000,9529.74609
332.00000,9530.75781
332.50000,9536.44043
333.00000,9545.33008
333.50000,9556.63672
334.00000,9569.15137
334.50000,9581.05371
335.00000,9590.05273
335.50000,9594.52148
336.00000,9595.36816
336.50000,9594.46777
337.00000,9595.28027
337.50000,9600.78809
338.00000,9613.09375
338.50000,9630.31543
339.00000,9648.47363
339.50000,9663.05273
340.00000,9671.66309
340.50000,9672.49023
341.00000,9668.90723
341.50000,9664.66504
342.00000,9664.71289
342.50000,9670.55273
343.00000,9682.50098
343.50000,9697.56348
344.00000,9712.24805
344.50000,9722.21289
345.00000,9726.02344
345.50000,9724.41309
346.00000,9720.02051
346.50000,9715.99902
347.00000,9714.84668
347.50000,9717.01270
348.00000,9721.53809
348.50000,9726.55762
349.00000,9731.13965
349.50000,9736.05566
350.00000,9743.33398
350.50000,9754.62207
351.00000,9771.58984
351.50000,9792.24609
352.00000,9812.76367
352.50000,9828.77637
353.00000,9838.50879
353.50000,9840.85547
354.00000,9837.34863
354.50000,9831.20020
355.00000,9825.48145
355.50000,9821.75391
356.00000,9820.35547
356.50000,9821.30469
357.00000,9823.97363
357.50000,9828.71484
358.00000,9836.25098
358.50000,9846.45801
359.00000,9859.06934
359.50000,9872.05078
360.00000,9883.01172
360.50000,9888.77344
361.00000,9888.02344
361.50000,9880.73633
362.00000,9870.52734
362.50000,9861.51270
363.00000,9858.64648
363.50000,9863.40918
364.00000,9875.86816
364.50000,9893.12402
365.00000,9909.10254
365.50000,9919.04688
366.00000,9921.03223
366.50000,9916.02051
367.00000,9905.80566
367.50000,9895.25000
368.00000,9888.20703
368.50000,9886.95020
369.00000,9890.77441
369.50000,9898.99219
370.00000,9909.31738
370.50000,9919.77344
371.00000,9928.34277
371.50000,9934.55176
372.00000,9938.39746
372.50000,9940.27539
373.00000,9940.93652
373.50000,9940.57422
374.00000,9939.34570
374.50000,9937.20898
375.00000,9934.34277
375.50000,9931.51172
376.00000,9929.54883
376.50000,9929.20117
377.00000,9930.50098
377.50000,9933.36328
378.00000,9937.09766
378.50000,9941.40527
379.00000,9946.69824
379.50000,9953.14844
380.00000,9960.72852
380.50000,9968.48926
381.00000,9974.83789
381.50000,9977.99805
382.00000,9978.61426
382.50000,9978.20508
383.00000,9979.02539
383.50000,9982.28711
384.00000,9987.99902
384.50000,9993.98438
385.00000,9997.79102
385.50000,9998.32813
386.00000,9997.57715
386.50000,9998.26563
387.00000,10003.38672
387.50000,10012.72656
388.00000,10023.62891
388.50000,10030.82324
389.00000,10031.61719
389.50000,10024.95020
390.00000,10015.27637
390.50000,10007.48340
391.00000,10006.92578
391.50000,10014.13086
392.00000,10026.16211
392.50000,10037.75391
393.00000,10045.49609
393.50000,10047.52148
394.00000,10046.74316
394.50000,10046.79883
395.00000,10051.85645
395.50000,10061.41406
396.00000,10073.41797
396.50000,10084.12012
397.00000,10090.94824
397.50000,10091.94531
398.00000,10089.43262
398.50000,10086.30859
399.00000,10085.52930
399.50000,10087.66895
400.00000,10092.16016
400.50000,10096.86621
401.00000,10099.98633
401.50000,10100.05957
402.00000,10098.24707
402.50000,10096.46387
403.00000,10096.65234
403.50000,10099.57813
404.00000,10105.62402
404.50000,10113.60254
405.00000,10122.24414
405.50000,10130.25391
406.00000,10137.11133
406.50000,10142.34473
407.00000,10145.52930
407.50000,10146.52832
408.00000,10144.76563
408.50000,10140.86621
409.00000,10136.13770
409.50000,10132.81348
410.00000,10132.46582
410.50000,10136.54883
411.00000,10145.21777
411.50000,10157.20313
412.00000,10171.20801
412.50000,10184.97852
413.00000,10197.09082
413.50000,10206.53027
414.00000,10213.68164
414.50000,10218.94824
415.00000,10223.43359
415.50000,10228.19922
416.00000,10233.84863
416.50000,10239.46680
417.00000,10243.47363
417.50000,10243.73730
418.00000,10239.94727
418.50000,10232.60352
419.00000,10224.89844
419.50000,10221.14355
420.00000,10226.09766
420.50000,10239.09863
421.00000,10258.36426
421.50000,10279.76367
422.00000,10298.49512
422.50000,10310.54199
423.00000,10315.19043
423.50000,10315.40527
424.00000,10314.68359
424.50000,10316.31934
425.00000,10322.16992
425.50000,10332.71777
426.00000,10346.31055
426.50000,10361.40625
427.00000,10376.03125
427.50000,10389.23926
428.00000,10400.19043
428.50000,10409.20801
429.00000,10416.33691
429.50000,10421.85742
430.00000,10426.29395
430.50000,10429.83301
431.00000,10432.65625
431.50000,10434.62988
432.00000,10435.20020
432.50000,10434.28613
433.00000,10431.71875
433.50000,10427.98730
434.00000,10424.50879
434.50000,10423.50391
435.00000,10426.44922
435.50000,10433.99707
436.00000,10445.98438
436.50000,10459.29395
437.00000,10470.16406
437.50000,10474.01563
438.00000,10469.95605
438.50000,10458.40625
439.00000,10444.07910
439.50000,10431.51660
440.00000,10425.44434
440.50000,10426.38574
441.00000,10433.45313
441.50000,10441.97363
442.00000,10447.92969
442.50000,10448.59570
443.00000,10445.09180
443.50000,10439.62598
444.00000,10435.53613
444.50000,10435.30469
445.00000,10440.76465
445.50000,10450.81543
446.00000,10463.54004
446.50000,10477.21777
447.00000,10489.91406
447.50000,10500.18848
448.00000,10506.60645
448.50000,10508.96777
449.00000,10507.18555
449.50000,10502.60352
450.00000,10496.77441
450.50000,10491.27734
451.00000,10487.27734
451.50000,10485.44141
452.00000,10485.90820
452.50000,10487.82520
453.00000,10490.47754
453.50000,10493.25293
454.00000,10495.86328
454.50000,10498.07227
455.00000,10499.74219
455.50000,10500.42578
456.00000,10499.30957
456.50000,10496.12793
457.00000,10490.80859
457.50000,10484.53418
458.00000,10478.94629
458.50000,10476.54883
459.00000,10478.30273
459.50000,10484.81543
460.00000,10494.75781
460.50000,10504.82031
461.00000,10512.06641
461.50000,10515.08496
462.00000,10513.79199
462.50000,10508.60742
463.00000,10501.61035
463.50000,10493.84766
464.00000,10485.98535
464.50000,10478.38477
465.00000,10472.05566
465.50000,10468.37891
466.00000,10468.94434
466.50000,10475.58789
467.00000,10486.91602
467.50000,10500.71777
468.00000,10512.64063
468.50000,10519.95703
469.00000,10520.66895
469.50000,10516.83984
470.00000,10511.21777
470.50000,10507.32617
471.00000,10507.20313
471.50000,10511.44531
472.00000,10517.69727
472.50000,10523.34961
473.00000,10525.85156
473.50000,10524.67773
474.00000,10520.01855
474.50000,10512.83594
475.00000,10505.03320
475.50000,10498.31055
476.00000,10494.01660
476.50000,10492.95410
477.00000,10496.67871
477.50000,10504.59082
478.00000,10516.03906
478.50000,10529.04883
479.00000,10540.25293
479.50000,10545.85547
480.00000,10544.44922
480.50000,10536.87109
481.00000,10524.76660
481.50000,10512.53027
482.00000,10503.64551
482.50000,10500.90137
483.00000,10504.02539
483.50000,10511.43750
484.00000,10519.87305
484.50000,10527.02734
485.00000,10530.88281
485.50000,10531.65527
486.00000,10529.75586
486.50000,10526.45410
487.00000,10523.45410
487.50000,10522.23145
488.00000,10523.03809
488.50000,10525.25195
489.00000,10527.46680
489.50000,10528.14648
490.00000,10526.41699
490.50000,10523.16699
491.00000,10521.38184
491.50000,10525.41504
492.00000,10536.64160
492.50000,10554.02441
493.00000,10573.85938
493.50000,10590.14355
494.00000,10597.19141
494.50000,10592.16309
495.00000,10577.52734
495.50000,10558.54590
496.00000,10542.04297
496.50000,10532.07520
497.00000,10531.04199
497.50000,10536.17480
498.00000,10544.82520
498.50000,10553.46289
499.00000,10559.85254
499.50000,10563.05664
500.00000,10564.01855
500.50000,10563.24121
501.00000,10560.73828
501.50000,10556.54980
502.00000,10550.13867
502.50000,10541.65820
503.00000,10532.17578
503.50000,10524.12793
504.00000,10519.87305
504.50000,10521.60938
505.00000,10530.94531
505.50000,10546.11719
506.00000,10565.15723
506.50000,10584.15332
507.00000,10599.50000
507.50000,10607.53027
508.00000,10609.41016
508.50000,10606.39258
509.00000,10601.03516
509.50000,10596.34961
510.00000,10594.80957
510.50000,10597.29199
511.00000,10603.20996
511.50000,10610.69043
512.00000,10616.36621
512.50000,10617.46191
513.00000,10612.17480
513.50000,10601.81543
514.00000,10588.69629
514.50000,10577.19727
515.00000,10570.89063
515.50000,10573.68848
516.00000,10582.49414
516.50000,10594.37598
517.00000,10605.32520
517.50000,10612.92090
518.00000,10616.10645
518.50000,10616.82422
519.00000,10617.53223
519.50000,10621.01855
520.00000,10627.64160
520.50000,10636.64551
521.00000,10646.12988
521.50000,10654.08594
522.00000,10658.10938
522.50000,10657.19824
523.00000,10650.74023
523.50000,10638.25098
524.00000,10622.38672
524.50000,10606.37207
525.00000,10593.92871
525.50000,10587.20215
526.00000,10587.99316
526.50000,10593.71680
527.00000,10601.12891
527.50000,10605.92090
528.00000,10605.44824
528.50000,10599.05371
529.00000,10589.12891
529.50000,10578.65234
530.00000,10570.26270
530.50000,10564.69824
531.00000,10561.67969
531.50000,10560.22949
532.00000,10559.14648
532.50000,10558.17188
533.00000,10557.57031
533.50000,10557.46191
534.00000,10557.46973
534.50000,10556.70605
535.00000,10554.28418
535.50000,10549.75098
536.00000,10544.00098
536.50000,10538.63965
537.00000,10535.63867
537.50000,10535.91992
538.00000,10540.42480
538.50000,10547.67578
539.00000,10556.35156
539.50000,10564.34277
540.00000,10569.71777
540.50000,10570.11719
541.00000,10564.85840
541.50000,10555.24902
542.00000,10543.57617
542.50000,10533.45313
543.00000,10527.75391
543.50000,10527.87500
544.00000,10532.08594
544.50000,10537.63379
545.00000,10540.74121
545.50000,10539.33008
546.00000,10533.58887
546.50000,10526.98145
547.00000,10522.77930
547.50000,10523.55469
548.00000,10529.23047
548.50000,10538.96777
549.00000,10549.83984
549.50000,10559.50195
550.00000,10566.02539
550.50000,10569.83691
551.00000,10571.28027
551.50000,10571.19043
552.00000,10570.39258
552.50000,10569.34668
553.00000,10568.41309
553.50000,10567.79785
554.00000,10567.80664
554.50000,10568.64258
555.00000,10570.68164
555.50000,10573.98535
556.00000,10578.03906
556.50000,10581.68359
557.00000,10583.46973
557.50000,10582.20605
558.00000,10577.51855
558.50000,10571.58398
559.00000,10567.88672
559.50000,10569.44824
560.00000,10576.76855
560.50000,10588.96777
561.00000,10601.63379
561.50000,10610.83887
562.00000,10613.29980
562.50000,10609.78906
563.00000,10602.14941
563.50000,10594.45898
564.00000,10589.22852
564.50000,10587.77637
565.00000,10588.55859
565.50000,10589.93652
566.00000,10589.86816
566.50000,10587.16699
567.00000,10580.75488
567.50000,10571.11133
568.00000,10559.87598
568.50000,10550.10938
569.00000,10544.50879
569.50000,10545.37012
570.00000,10553.09277
570.50000,10564.76074
571.00000,10576.78613
571.50000,10585.41797
572.00000,10589.06445
572.50000,10587.78613
573.00000,10585.35840
573.50000,10583.89844
574.00000,10584.01074
574.50000,10584.47559
575.00000,10583.57520
575.50000,10580.89551
576.00000,10577.69824
576.50000,10577.07031
577.00000,10581.15625
577.50000,10590.13672
578.00000,10600.78223
578.50000,10608.69141
579.00000,10608.83398
579.50000,10600.33984
580.00000,10584.65820
580.50000,10565.74316
581.00000,10549.68262
581.50000,10542.43848
582.00000,10546.83594
582.50000,10560.03223
583.00000,10577.87695
583.50000,10593.22266
584.00000,10600.64746
584.50000,10596.37109
585.00000,10583.87598
585.50000,10568.41113
586.00000,10557.97363
586.50000,10558.03320
587.00000,10571.16797
587.50000,10591.43457
588.00000,10613.08594
588.50000,10630.10645
589.00000,10640.44043
589.50000,10643.76367
590.00000,10642.73926
590.50000,10639.86230
591.00000,10635.83496
591.50000,10630.41895
592.00000,10623.27441
592.50000,10615.23340
593.00000,10608.28613
593.50000,10604.79004
594.00000,10605.52734
594.50000,10609.58301
595.00000,10615.27148
595.50000,10620.20215
596.00000,10623.17480
596.50000,10624.51367
597.00000,10625.46875
597.50000,10626.94238
598.00000,10629.20020
598.50000,10632.02930
599.00000,10635.14941
599.50000,10638.22754
600.00000,10640.88574
600.50000,10642.27441
601.00000,10641.34570
601.50000,10636.78711
602.00000,10629.18359
602.50000,10620.16699
603.00000,10612.55469
603.50000,10608.53418
604.00000,10609.50879
604.50000,10614.70703
605.00000,10621.38184
605.50000,10626.31836
606.00000,10627.28027
606.50000,10624.11523
607.00000,10617.60254
607.50000,10610.09961
608.00000,10603.31934
608.50000,10598.56543
609.00000,10596.20020
609.50000,10596.81836
610.00000,10599.98535
610.50000,10605.52246
611.00000,10613.19727
611.50000,10621.62598
612.00000,10629.31738
612.50000,10634.35645
613.00000,10635.36133
613.50000,10630.30371
614.00000,10620.05664
614.50000,10605.87402
615.00000,10590.21875
615.50000,10576.23730
616.00000,10566.81250
616.50000,10562.41992
617.00000,10561.80176
617.50000,10563.62891
618.00000,10565.94434
618.50000,10568.17676
619.00000,10570.84863
619.50000,10574.96289
620.00000,10581.67578
620.50000,10590.83203
621.00000,10601.04004
621.50000,10609.66992
622.00000,10614.69824
622.50000,10614.39941
623.00000,10608.02051
623.50000,10597.29980
624.00000,10584.08496
624.50000,10571.48438
625.00000,10561.91113
625.50000,10557.93848
626.00000,10558.83887
626.50000,10563.56055
627.00000,10570.34180
627.50000,10577.86328
628.00000,10585.94824
628.50000,10594.62793
629.00000,10603.53320
629.50000,10610.99902
630.00000,10615.07129
630.50000,10613.52539
631.00000,10605.80762
631.50000,10594.59766
632.00000,10583.74805
632.50000,10576.45898
633.00000,10573.76660
633.50000,10575.18359
634.00000,10577.87305
634.50000,10580.10547
635.00000,10581.46094
635.50000,10582.96680
636.00000,10586.20313
636.50000,10591.40234
637.00000,10597.42383
637.50000,10602.34668
638.00000,10605.24121
638.50000,10605.86133
639.00000,10604.77051
639.50000,10602.36426
640.00000,10597.77832
640.50000,10590.49121
641.00000,10580.56250
641.50000,10569.98926
642.00000,10562.66016
642.50000,10562.52637
643.00000,10570.15430
643.50000,10582.58887
644.00000,10595.26172
644.50000,10603.68262
645.00000,10605.72852
645.50000,10601.85059
646.00000,10595.76270
646.50000,10590.50586
647.00000,10587.75293
647.50000,10587.11719
648.00000,10587.78516
648.50000,10589.20215
649.00000,10591.85449
649.50000,10596.30273
650.00000,10601.89355
650.50000,10607.19629
651.00000,10610.65430
651.50000,10612.04785
652.00000,10612.85156
652.50000,10616.03711
653.00000,10623.92090
653.50000,10635.99316
654.00000,10648.69043
654.50000,10657.58691
655.00000,10660.14746
655.50000,10656.67871
656.00000,10649.24609
656.50000,10642.27539
657.00000,10638.65527
657.50000,10639.34082
658.00000,10642.61914
658.50000,10646.32031
659.00000,10648.77637
659.50000,10649.77539
660.00000,10649.64746
660.50000,10648.99316
661.00000,10647.52051
661.50000,10644.38184
662.00000,10639.03809
662.50000,10631.19629
663.00000,10622.45117
663.50000,10615.12402
664.00000,10612.95508
664.50000,10616.81250
665.00000,10626.71582
665.50000,10639.66699
666.00000,10651.35938
666.50000,10656.94238
667.00000,10655.29395
667.50000,10647.77832
668.00000,10638.70996
668.50000,10633.66602
669.00000,10637.09570
669.50000,10649.14746
670.00000,10665.25977
670.50000,10679.08203
671.00000,10686.29297
671.50000,10685.30469
672.00000,10677.14160
672.50000,10666.20020
673.00000,10655.80176
673.50000,10648.15039
674.00000,10643.55664
674.50000,10642.11816
675.00000,10642.66895
675.50000,10644.59082
676.00000,10646.65430
676.50000,10647.24707
677.00000,10644.36328
677.50000,10637.33789
678.00000,10627.10254
678.50000,10615.69922
679.00000,10606.22754
679.50000,10601.12793
680.00000,10601.80664
680.50000,10607.07129
681.00000,10615.86230
681.50000,10625.90430
682.00000,10635.31738
682.50000,10642.06738
683.00000,10645.44727
683.50000,10644.92383
684.00000,10641.42480
684.50000,10637.47168
685.00000,10636.17480
685.50000,10639.50098
686.00000,10647.56738
686.50000,10659.01465
687.00000,10670.07227
687.50000,10677.57617
688.00000,10680.03418
688.50000,10678.37598
689.00000,10673.39063
689.50000,10666.66016
690.00000,10658.95508
690.50000,10650.88477
691.00000,10643.60059
691.50000,10639.08594
692.00000,10639.56934
692.50000,10645.71484
693.00000,10657.75488
693.50000,10672.22754
694.00000,10685.48535
694.50000,10694.26074
695.00000,10698.60449
695.50000,10699.73535
696.00000,10700.59180
696.50000,10703.42090
697.00000,10709.18359
697.50000,10715.77539
698.00000,10720.07129
698.50000,10718.16504
699.00000,10709.55762
699.50000,10695.13965
700.00000,10679.86133
700.50000,10668.34961
701.00000,10664.99316
701.50000,10668.69531
702.00000,10676.96387
702.50000,10685.55762
703.00000,10691.01270
703.50000,10691.56445
704.00000,10688.48633
704.50000,10684.19434
705.00000,10680.90625
705.50000,10679.23926
706.00000,10678.70801
706.50000,10678.48828
707.00000,10678.46191
707.50000,10679.48340
708.00000,10682.38574
708.50000,10687.25195
709.00000,10693.48535
709.50000,10699.33691
710.00000,10703.33203
710.50000,10704.45996
711.00000,10703.06055
711.50000,10699.43848
712.00000,10694.69922
712.50000,10689.95215
713.00000,10686.70801
713.50000,10685.87402
714.00000,10688.24219
714.50000,10693.51563
715.00000,10700.16797
715.50000,10706.82715
716.00000,10712.91602
716.50000,10719.22070
717.00000,10727.78906
717.50000,10739.37695
718.00000,10753.07910
718.50000,10764.60352
719.00000,10768.91504
719.50000,10760.64258
720.00000,10741.35938
720.50000,10715.48438
721.00000,10690.42969
721.50000,10672.91016
722.00000,10667.64551
722.50000,10674.24219
723.00000,10687.88867
723.50000,10703.51074
724.00000,10716.18848
724.50000,10723.78711
725.00000,10725.97461
725.50000,10725.27832
726.00000,10723.32715
726.50000,10721.05859
727.00000,10718.67383
727.50000,10716.37988
728.00000,10714.91211
728.50000,10715.43164
729.00000,10719.00684
729.50000,10724.64746
730.00000,10730.07227
730.50000,10731.94531
731.00000,10728.43262
731.50000,10719.19141
732.00000,10709.14258
732.50000,10703.78320
733.00000,10707.44336
733.50000,10718.23535
734.00000,10731.40820
734.50000,10739.63672
735.00000,10738.62793
735.50000,10726.26953
736.00000,10709.19531
736.50000,10693.99512
737.00000,10686.88965
737.50000,10688.22852
738.00000,10695.67773
738.50000,10703.36328
739.00000,10707.32617
739.50000,10706.38281
740.00000,10703.98242
740.50000,10703.46680
741.00000,10707.37012
741.50000,10715.33984
742.00000,10726.21191
742.50000,10737.50879
743.00000,10747.47363
743.50000,10754.31543
744.00000,10757.53613
744.50000,10755.85156
745.00000,10748.45898
745.50000,10736.26660
746.00000,10720.72266
746.50000,10705.95605
747.00000,10695.70117
747.50000,10694.02441
748.00000,10700.24219
748.50000,10713.00977
749.00000,10728.13672
749.50000,10741.23145
750.00000,10748.40625
750.50000,10749.68945
751.00000,10746.79785
751.50000,10742.71680
752.00000,10740.21875
752.50000,10740.26855
753.00000,10741.56250
753.50000,10741.93945
754.00000,10739.70020
754.50000,10735.47461
755.00000,10730.56836
755.50000,10726.40234
756.00000,10723.23828
756.50000,10720.63379
757.00000,10718.13672
757.50000,10716.31445
758.00000,10717.46387
758.50000,10722.98535
759.00000,10733.21680
759.50000,10745.95801
760.00000,10756.84570
760.50000,10761.35547
761.00000,10758.85156
761.50000,10752.28223
762.00000,10746.15137
762.50000,10744.04102
763.00000,10746.98535
763.50000,10753.19922
764.00000,10759.25586
764.50000,10762.93945
765.00000,10764.74414
765.50000,10766.86523
766.00000,10772.15625
766.50000,10780.38281
767.00000,10789.16797
767.50000,10793.79590
768.00000,10790.98828
768.50000,10779.20117
769.00000,10762.71973
769.50000,10746.85645
770.00000,10737.58496
770.50000,10735.92871
771.00000,10741.03516
771.50000,10749.07031
772.00000,10755.98535
772.50000,10759.34375
773.00000,10759.92383
773.50000,10759.72070
774.00000,10760.90527
774.50000,10763.84766
775.00000,10767.76270
775.50000,10771.29785
776.00000,10774.21094
776.50000,10777.95020
777.00000,10784.28516
777.50000,10793.96777
778.00000,10806.20508
778.50000,10818.13965
779.00000,10827.25293
779.50000,10832.72168
780.00000,10836.08105
780.50000,10839.71777
781.00000,10845.23633
781.50000,10852.12988
782.00000,10857.56836
782.50000,10858.75293
783.00000,10853.88477
783.50000,10845.01172
784.00000,10836.70996
784.50000,10834.57324
785.00000,10839.64746
785.50000,10850.29883
786.00000,10861.89551
786.50000,10869.59961
787.00000,10870.38086
787.50000,10865.60742
788.00000,10859.10156
788.50000,10855.23438
789.00000,10855.45801
789.50000,10858.64844
790.00000,10861.16797
790.50000,10859.79785
791.00000,10852.88281
791.50000,10842.74707
792.00000,10833.26172
792.50000,10829.00977
793.00000,10830.34473
793.50000,10836.48145
794.00000,10845.19434
794.50000,10854.29883
795.00000,10863.02051
795.50000,10871.43066
796.00000,10879.53125
796.50000,10886.36914
797.00000,10890.93750
797.50000,10892.22461
798.00000,10890.49023
798.50000,10887.63574
799.00000,10885.90723
799.50000,10886.80273
800.00000,10890.48535
800.50000,10896.33789
801.00000,10902.55957
801.50000,10907.92969
802.00000,10911.46680
802.50000,10912.66406
803.00000,10910.46680
803.50000,10905.24316
804.00000,10898.18262
804.50000,10892.02441
805.00000,10889.81738
805.50000,10894.46777
806.00000,10906.32715
806.50000,10922.51074
807.00000,10938.90527
807.50000,10951.18848
808.00000,10957.04199
808.50000,10955.98730
809.00000,10951.58887
809.50000,10947.28418
810.00000,10946.14063
810.50000,10948.98926
811.00000,10955.98242
811.50000,10964.96484
812.00000,10974.01074
812.50000,10980.86133
813.00000,10984.31641
813.50000,10983.27832
814.00000,10978.50977
814.50000,10972.15820
815.00000,10967.61816
815.50000,10967.90625
816.00000,10975.29688
816.50000,10990.40918
817.00000,11009.83203
817.50000,11029.49414
818.00000,11044.69922
818.50000,11052.80273
819.00000,11052.10840
819.50000,11046.55859
820.00000,11039.50684
820.50000,11034.49609
821.00000,11032.68457
821.50000,11033.34180
822.00000,11033.38281
822.50000,11029.97559
823.00000,11020.51465
823.50000,11007.03906
824.00000,10992.70996
824.50000,10982.29883
825.00000,10978.50391
825.50000,10982.83301
826.00000,10992.14063
826.50000,11002.48242
827.00000,11010.01074
827.50000,11014.04980
828.00000,11015.76074
828.50000,11017.83984
829.00000,11021.74609
829.50000,11027.11621
830.00000,11031.66895
830.50000,11033.35742
831.00000,11030.70801
831.50000,11025.19824
832.00000,11018.43164
832.50000,11012.24902
833.00000,11007.55273
833.50000,11005.06445
834.00000,11004.91113
834.50000,11007.67188
835.00000,11014.41895
835.50000,11024.47266
836.00000,11037.10547
836.50000,11050.71973
837.00000,11064.18359
837.50000,11077.33203
838.00000,11090.63477
838.50000,11103.93262
839.00000,11115.50000
839.50000,11123.38379
840.00000,11125.71973
840.50000,11123.64941
841.00000,11120.69141
841.50000,11121.68262
842.00000,11128.71289
842.50000,11141.34082
843.00000,11156.15430
843.50000,11168.66113
844.00000,11175.88867
844.50000,11178.50488
845.00000,11179.32129
845.50000,11181.25781
846.00000,11185.04297
846.50000,11189.40625
847.00000,11191.99023
847.50000,11192.12012
848.00000,11191.29492
848.50000,11193.25879
849.00000,11200.73340
849.50000,11215.42773
850.00000,11233.49707
850.50000,11250.87207
851.00000,11263.21094
851.50000,11269.41797
852.00000,11269.55273
852.50000,11266.50098
853.00000,11262.70898
853.50000,11259.92676
854.00000,11258.74023
854.50000,11259.84375
855.00000,11264.29102
855.50000,11272.66211
856.00000,11285.98047
856.50000,11302.86133
857.00000,11321.20508
857.50000,11338.42676
858.00000,11353.16895
858.50000,11365.09570
859.00000,11374.91016
859.50000,11383.24707
860.00000,11389.07520
860.50000,11391.31836
861.00000,11389.43457
861.50000,11384.28711
862.00000,11379.38965
862.50000,11378.30078
863.00000,11382.95215
863.50000,11391.92383
864.00000,11402.18359
864.50000,11409.93652
865.00000,11413.52246
865.50000,11413.81250
866.00000,11414.71777
866.50000,11420.41211
867.00000,11433.21973
867.50000,11452.11719
868.00000,11474.76172
868.50000,11496.56152
869.00000,11514.20703
869.50000,11525.53223
870.00000,11532.18750
870.50000,11536.53223
871.00000,11542.24414
871.50000,11551.59473
872.00000,11565.58691
872.50000,11581.45313
873.00000,11595.94336
873.50000,11605.55469
874.00000,11609.86230
874.50000,11609.85352
875.00000,11609.15332
875.50000,11610.89844
876.00000,11617.53320
876.50000,11627.33887
877.00000,11637.52148
877.50000,11643.96777
878.00000,11644.33203
878.50000,11636.71777
879.00000,11622.81641
879.50000,11605.40039
880.00000,11587.45703
880.50000,11571.60254
881.00000,11559.37500
881.50000,11551.35352
882.00000,11546.85352
882.50000,11546.19434
883.00000,11548.97363
883.50000,11554.72656
884.00000,11562.16309
884.50000,11568.26563
885.00000,11569.69336
885.50000,11564.07422
886.00000,11552.55469
886.50000,11537.84863
887.00000,11524.93164
887.50000,11517.21191
888.00000,11516.47852
888.50000,11519.42090
889.00000,11522.27734
889.50000,11521.30176
890.00000,11515.62305
890.50000,11505.93457
891.00000,11495.49902
891.50000,11486.79590
892.00000,11481.44141
892.50000,11478.46191
893.00000,11476.39160
893.50000,11473.37012
894.00000,11468.59668
894.50000,11462.29102
895.00000,11456.38477
895.50000,11453.04395
896.00000,11454.40137
896.50000,11459.76465
897.00000,11467.46582
897.50000,11474.27637
898.00000,11478.21191
898.50000,11478.66504
899.00000,11478.03809
899.50000,11478.53320
900.00000,11481.18652
900.50000,11484.33789
901.00000,11485.07129
901.50000,11481.53223
902.00000,11474.65625
902.50000,11467.76172
903.00000,11464.76660
903.50000,11467.70117
904.00000,11475.47656
904.50000,11483.86426
905.00000,11489.06543
905.50000,11490.22754
906.00000,11489.56934
906.50000,11491.33301
907.00000,11497.91113
907.50000,11509.45020
908.00000,11522.91602
908.50000,11534.12695
909.00000,11539.62500
909.50000,11539.68262
910.00000,11536.72949
910.50000,11534.20801
911.00000,11534.59277
911.50000,11538.70996
912.00000,11545.45703
912.50000,11552.72754
913.00000,11559.30566
913.50000,11565.38184
914.00000,11571.95703
914.50000,11580.05469
915.00000,11588.87207
915.50000,11596.15234
916.00000,11598.83496
916.50000,11595.91309
917.00000,11588.01465
917.50000,11579.88574
918.00000,11576.34180
918.50000,11581.78809
919.00000,11594.34961
919.50000,11610.38281
920.00000,11624.17383
920.50000,11632.56445
921.00000,11634.93652
921.50000,11635.50879
922.00000,11638.22559
922.50000,11645.71777
923.00000,11656.21387
923.50000,11666.58887
924.00000,11673.83594
924.50000,11677.87109
925.00000,11681.15430
925.50000,11687.55273
926.00000,11699.28809
926.50000,11715.62793
927.00000,11731.70508
927.50000,11741.56152
928.00000,11741.55273
928.50000,11732.77148
929.00000,11719.72168
929.50000,11710.64160
930.00000,11712.06934
930.50000,11727.87109
931.00000,11753.96777
931.50000,11784.97070
932.00000,11813.25391
932.50000,11834.38770
933.00000,11845.61914
933.50000,11851.07031
934.00000,11854.32227
934.50000,11858.91699
935.00000,11865.96191
935.50000,11874.89355
936.00000,11883.71484
936.50000,11890.98438
937.00000,11895.91406
937.50000,11899.81445
938.00000,11904.55762
938.50000,11912.74316
939.00000,11925.89355
939.50000,11945.81836
940.00000,11971.43750
940.50000,12000.86328
941.00000,12031.99805
941.50000,12062.69824
942.00000,12092.29590
942.50000,12121.32422
943.00000,12150.87402
943.50000,12182.12598
944.00000,12215.57520
944.50000,12251.78223
945.00000,12292.25293
945.50000,12337.14941
946.00000,12386.64551
946.50000,12438.48438
947.00000,12488.83301
947.50000,12532.78320
948.00000,12568.80469
948.50000,12597.72070
949.00000,12621.99707
949.50000,12645.32617
950.00000,12668.86523
950.50000,12691.76270
951.00000,12712.54980
951.50000,12729.98145
952.00000,12745.31152
952.50000,12759.97656
953.00000,12774.70313
953.50000,12788.61523
954.00000,12799.62598
954.50000,12806.70801
955.00000,12811.19824
955.50000,12816.53418
956.00000,12826.45996
956.50000,12843.37500
957.00000,12867.49707
957.50000,12895.19238
958.00000,12922.84082
958.50000,12946.95313
959.00000,12965.76270
959.50000,12976.86230
960.00000,12981.13086
960.50000,12978.37207
961.00000,12969.18359
961.50000,12956.30176
962.00000,12942.20117
962.50000,12929.56152
963.00000,12919.29883
963.50000,12910.16602
964.00000,12898.21094
964.50000,12878.56152
965.00000,12847.31348
965.50000,12806.40820
966.00000,12760.41895
966.50000,12718.14941
967.00000,12686.09277
967.50000,12668.38086
968.00000,12657.82031
968.50000,12645.54004
969.00000,12622.37109
969.50000,12587.34766
970.00000,12545.61816
970.50000,12509.25488
971.00000,12487.68652
971.50000,12487.62500
972.00000,12501.69727
972.50000,12522.16992
973.00000,12540.16699
973.50000,12551.57031
974.00000,12554.55957
974.50000,12551.38379
975.00000,12543.78223
975.50000,12533.85938
976.00000,12525.57324
976.50000,12523.82910
977.00000,12531.84375
977.50000,12547.67285
978.00000,12565.78906
978.50000,12578.31445
979.00000,12581.31055
979.50000,12576.68262
980.00000,12573.47363
980.50000,12580.73242
981.00000,12601.62598
981.50000,12631.35156
982.00000,12661.84375
982.50000,12686.05957
983.00000,12702.54395
983.50000,12714.94922
984.00000,12729.31055
984.50000,12749.32910
985.00000,12774.49512
985.50000,12802.40039
986.00000,12832.22461
986.50000,12864.70508
987.00000,12902.00195
987.50000,12945.30078
988.00000,12991.96777
988.50000,13038.28125
989.00000,13080.73730
989.50000,13118.63574
990.00000,13153.37793
990.50000,13189.35938
991.00000,13230.89355
991.50000,13282.30078
992.00000,13344.44238
992.50000,13418.99219
993.00000,13502.85547
993.50000,13591.89746
994.00000,13682.11426
994.50000,13770.92090
995.00000,13859.10938
995.50000,13950.37891
996.00000,14047.99023
996.50000,14154.58691
997.00000,14267.54199
997.50000,14382.78516
998.00000,14495.78320
998.50000,14604.47461
999.00000,14708.10352
999.50000,14807.10938
1000.00000,14902.21973
1000.50000,14992.05273
1001.00000,15075.95410
1001.50000,15152.77539
1002.00000,15219.75781
1002.50000,15276.76367
1003.00000,15320.77832
1003.50000,15350.03418
1004.00000,15365.41797
1004.50000,15364.87793
1005.00000,15350.91699
1005.50000,15323.58691
1006.00000,15280.76660
1006.50000,15225.08301
1007.00000,15157.18066
1007.50000,15080.71387
1008.00000,14999.33984
1008.50000,14913.04688
1009.00000,14820.78711
1009.50000,14720.14258
1010.00000,14610.11914
1010.50000,14495.84082
1011.00000,14384.14063
1011.50000,14281.44336
1012.00000,14189.13086
1012.50000,14105.93262
1013.00000,14025.13086
1013.50000,13942.91699
1014.00000,13859.03320
1014.50000,13777.18164
1015.00000,13702.79980
1015.50000,13638.42383
1016.00000,13582.62109
1016.50000,13532.75195
1017.00000,13483.75684
1017.50000,13433.77637
1018.00000,13383.91992
1018.50000,13337.40918
1019.00000,13298.82324
1019.50000,13269.70215
1020.00000,13248.64453
1020.50000,13233.09277
1021.00000,13217.84375
1021.50000,13200.12012
1022.00000,13179.45508
1022.50000,13157.96582
1023.00000,13138.07617
1023.50000,13120.54883
1024.00000,13104.21484
1024.50000,13086.79590
1025.00000,13067.32910
1025.50000,13046.70605
1026.00000,13027.62988
1026.50000,13011.98730
1027.00000,13000.21973
1027.50000,12989.49707
1028.00000,12976.78027
1028.50000,12959.56055
1029.00000,12938.95801
1029.50000,12916.68652
1030.00000,12894.58398
1030.50000,12872.98145
1031.00000,12851.16016
1031.50000,12828.98828
1032.00000,12808.03613
1032.50000,12792.22363
1033.00000,12783.79004
1033.50000,12784.37695
1034.00000,12791.81543
1034.50000,12801.88770
1035.00000,12810.95410
1035.50000,12817.36230
1036.00000,12821.19043
1036.50000,12822.95410
1037.00000,12823.05664
1037.50000,12820.46875
1038.00000,12814.58105
1038.50000,12806.28418
1039.00000,12797.85547
1039.50000,12792.13379
1040.00000,12790.66309
1040.50000,12792.98926
1041.00000,12796.14258
1041.50000,12797.60938
1042.00000,12796.81348
1042.50000,12795.40332
1043.00000,12796.43652
1043.50000,12801.25098
1044.00000,12809.58203
1044.50000,12819.25488
1045.00000,12827.67773
1045.50000,12833.20215
1046.00000,12836.00879
1046.50000,12836.94727
1047.00000,12836.35059
1047.50000,12834.96191
1048.00000,12833.75781
1048.50000,12834.98145
1049.00000,12840.56641
1049.50000,12852.14746
1050.00000,12867.50000
1050.50000,12882.71289
1051.00000,12892.72070
1051.50000,12896.36035
1052.00000,12894.07031
1052.50000,12888.01465
1053.00000,12879.71582
1053.50000,12867.48535
1054.00000,12849.87305
1054.50000,12827.73242
1055.00000,12806.61816
1055.50000,12794.65918
1056.00000,12799.57422
1056.50000,12822.36523
1057.00000,12854.62988
1057.50000,12884.97168
1058.00000,12903.62500
1058.50000,12907.43164
1059.00000,12898.18359
1059.50000,12884.84863
1060.00000,12873.33105
1060.50000,12866.55762
1061.00000,12863.79395
1061.50000,12864.44336
1062.00000,12867.94922
1062.50000,12875.21875
1063.00000,12887.52930
1063.50000,12903.41406
1064.00000,12920.79980
1064.50000,12936.52832
1065.00000,12948.43359
1065.50000,12954.30469
1066.00000,12955.03223
1066.50000,12951.84277
1067.00000,12947.20703
1067.50000,12944.36035
1068.00000,12946.15820
1068.50000,12953.11914
1069.00000,12963.35156
1069.50000,12973.98438
1070.00000,12982.47168
1070.50000,12988.14063
1071.00000,12991.90723
1071.50000,12995.36621
1072.00000,12998.90234
1072.50000,13002.00781
1073.00000,13004.49902
1073.50000,13007.70605
1074.00000,13013.68750
1074.50000,13023.87891
1075.00000,13037.20898
1075.50000,13049.87598
1076.00000,13057.89844
1076.50000,13060.79297
1077.00000,13061.50195
1077.50000,13065.18066
1078.00000,13074.22754
1078.50000,13087.78320
1079.00000,13101.16113
1079.50000,13109.90918
1080.00000,13111.70215
1080.50000,13109.71387
1081.00000,13108.39063
1081.50000,13112.08789
1082.00000,13120.66016
1082.50000,13132.44043
1083.00000,13144.31641
1083.50000,13154.03027
1084.00000,13159.83887
1084.50000,13161.63770
1085.00000,13159.61133
1085.50000,13154.48926
1086.00000,13149.37012
1086.50000,13148.16113
1087.00000,13154.35449
1087.50000,13167.78906
1088.00000,13186.04492
1088.50000,13202.88770
1089.00000,13213.50391
1089.50000,13215.40430
1090.00000,13213.14063
1090.50000,13213.20605
1091.00000,13222.26953
1091.50000,13241.98242
1092.00000,13271.15137
1092.50000,13302.21777
1093.00000,13329.01074
1093.50000,13347.19629
1094.00000,13358.79297
1094.50000,13366.88281
1095.00000,13375.14355
1095.50000,13384.57129
1096.00000,13393.67969
1096.50000,13400.61816
1097.00000,13405.16406
1097.50000,13409.33398
1098.00000,13415.67090
1098.50000,13425.25879
1099.00000,13436.11328
1099.50000,13445.49219
1100.00000,13451.73730
1100.50000,13457.38672
1101.00000,13466.38574
1101.50000,13482.12402
1102.00000,13502.87012
1102.50000,13524.30078
1103.00000,13541.27344
1103.50000,13552.38086
1104.00000,13559.65723
1104.50000,13568.70215
1105.00000,13583.04004
1105.50000,13602.82324
1106.00000,13624.60059
1106.50000,13645.64941
1107.00000,13665.81934
1107.50000,13687.15234
1108.00000,13712.25684
1108.50000,13739.90527
1109.00000,13766.65723
1109.50000,13787.72949
1110.00000,13801.41406
1110.50000,13807.59570
1111.00000,13810.23926
1111.50000,13812.71973
1112.00000,13817.66895
1112.50000,13825.67773
1113.00000,13837.48535
1113.50000,13853.52148
1114.00000,13873.23340
1114.50000,13896.00586
1115.00000,13919.72266
1115.50000,13943.04883
1116.00000,13965.87207
1116.50000,13989.44238
1117.00000,14015.19727
1117.50000,14043.44434
1118.00000,14073.14355
1118.50000,14103.52051
1119.00000,14134.67285
1119.50000,14167.73926
1120.00000,14203.95801
1120.50000,14242.21484
1121.00000,14280.47266
1121.50000,14316.76172
1122.00000,14351.46484
1122.50000,14387.68066
1123.00000,14428.88281
1123.50000,14476.82324
1124.00000,14530.09082
1124.50000,14583.44238
1125.00000,14631.82813
1125.50000,14673.07910
1126.00000,14708.75684
1126.50000,14741.61621
1127.00000,14775.33887
1127.50000,14811.84570
1128.00000,14852.47754
1128.50000,14897.61426
1129.00000,14949.20020
1129.50000,15007.28223
1130.00000,15069.47949
1130.50000,15130.27637
1131.00000,15183.43652
1131.50000,15224.58984
1132.00000,15254.62500
1132.50000,15281.73633
1133.00000,15315.75781
1133.50000,15362.59473
1134.00000,15421.17578
1134.50000,15485.97168
1135.00000,15548.03125
1135.50000,15603.38770
1136.00000,15654.25098
1136.50000,15707.12305
1137.00000,15768.29199
1137.50000,15838.05566
1138.00000,15913.29395
1138.50000,15991.40625
1139.00000,16072.55176
1139.50000,16161.95410
1140.00000,16265.68457
1140.50000,16384.04297
1141.00000,16516.04492
1141.50000,16655.50586
1142.00000,16800.37695
1142.50000,16954.95703
1143.00000,17122.96484
1143.50000,17308.83594
1144.00000,17510.86914
1144.50000,17722.87891
1145.00000,17943.20313
1145.50000,18173.33008
1146.00000,18420.23828
1146.50000,18694.98828
1147.00000,18996.43359
1147.50000,19324.03320
1148.00000,19670.30273
1148.50000,20027.49805
1149.00000,20393.94336
1149.50000,20767.75391
1150.00000,21148.63672
1150.50000,21534.59180
1151.00000,21919.83594
1151.50000,22295.78125
1152.00000,22651.69336
1152.50000,22977.76758
1153.00000,23252.56250
1153.50000,23472.60938
1154.00000,23630.14063
1154.50000,23719.12305
1155.00000,23752.32813
1155.50000,23725.62891
1156.00000,23641.38672
1156.50000,23501.49023
1157.00000,23292.40625
1157.50000,23028.11523
1158.00000,22712.60547
1158.50000,22352.48438
1159.00000,21962.03711
1159.50000,21545.46680
1160.00000,21113.16016
1160.50000,20675.80664
1161.00000,20245.99414
1161.50000,19830.52734
1162.00000,19432.90430
1162.50000,19052.72070
1163.00000,18687.27734
1163.50000,18343.84961
1164.00000,18029.86133
1164.50000,17751.61523
1165.00000,17517.39844
1165.50000,17312.43359
1166.00000,17126.58789
1166.50000,16949.12109
1167.00000,16775.59570
1167.50000,16610.70898
1168.00000,16459.57227
1168.50000,16324.70117
1169.00000,16206.86914
1169.50000,16099.00000
1170.00000,15998.26563
1170.50000,15903.53711
1171.00000,15815.06445
1171.50000,15735.42383
1172.00000,15664.09277
1172.50000,15600.65820
1173.00000,15545.71777
1173.50000,15497.54004
1174.00000,15455.88086
1174.50000,15418.91895
1175.00000,15384.50879
1175.50000,15352.83594
1176.00000,15325.80078
1176.50000,15307.35547
1177.00000,15302.33398
1177.50000,15308.50684
1178.00000,15322.44141
1178.50000,15337.04102
1179.00000,15347.15723
1179.50000,15350.49609
1180.00000,15351.31250
1180.50000,15355.12500
1181.00000,15367.58984
1181.50000,15388.45117
1182.00000,15414.82910
1182.50000,15440.22754
1183.00000,15460.00000
1183.50000,15471.84570
1184.00000,15480.67578
1184.50000,15492.68457
1185.00000,15514.54004
1185.50000,15546.93945
1186.00000,15588.22070
1186.50000,15631.86133
1187.00000,15672.18164
1187.50000,15704.10938
1188.00000,15728.41602
1188.50000,15745.83203
1189.00000,15757.54395
1189.50000,15765.01953
1190.00000,15767.94727
1190.50000,15767.34668
1191.00000,15764.83496
1191.50000,15762.47852
1192.00000,15761.51758
1192.50000,15761.54590
1193.00000,15760.20801
1193.50000,15754.79199
1194.00000,15741.83398
1194.50000,15720.76855
1195.00000,15692.12500
1195.50000,15655.91406
1196.00000,15614.69922
1196.50000,15569.27734
1197.00000,15521.05469
1197.50000,15472.11914
1198.00000,15425.13379
1198.50000,15382.34180
1199.00000,15345.00977
1199.50000,15313.62500
1200.00000,15285.32324
1200.50000,15257.43555
1201.00000,15227.06738
1201.50000,15192.81836
1202.00000,15153.48438
1202.50000,15110.41406
1203.00000,15065.47852
1203.50000,15022.29395
1204.00000,14985.09570
1204.50000,14959.37207
1205.00000,14947.62891
1205.50000,14947.66992
1206.00000,14956.08984
1206.50000,14965.22754
1207.00000,14970.09766
1207.50000,14968.19336
1208.00000,14962.01465
1208.50000,14954.28711
1209.00000,14947.18652
1209.50000,14940.64258
1210.00000,14933.12891
1210.50000,14923.80273
1211.00000,14912.96289
1211.50000,14901.73145
1212.00000,14890.66699
1212.50000,14878.67773
1213.00000,14863.82520
1213.50000,14845.02051
1214.00000,14821.61523
1214.50000,14795.65039
1215.00000,14768.12598
1215.50000,14739.25684
1216.00000,14709.08301
1216.50000,14678.30176
1217.00000,14649.24219
1217.50000,14624.10254
1218.00000,14604.47363
1218.50000,14587.06152
1219.00000,14567.49707
1219.50000,14541.11230
1220.00000,14507.38477
1220.50000,14467.76367
1221.00000,14427.21484
1221.50000,14389.75781
1222.00000,14359.03516
1222.50000,14334.71777
1223.00000,14317.08789
1223.50000,14305.70508
1224.00000,14299.08691
1224.50000,14296.69141
1225.00000,14296.71387
1225.50000,14297.96582
1226.00000,14299.71191
1226.50000,14301.25000
1227.00000,14301.66406
1227.50000,14299.78027
1228.00000,14295.38477
1228.50000,14289.15332
1229.00000,14283.47754
1229.50000,14280.43359
1230.00000,14281.31152
1230.50000,14284.53906
1231.00000,14288.42090
1231.50000,14291.70215
1232.00000,14294.67188
1232.50000,14298.58887
1233.00000,14303.94043
1233.50000,14310.05859
1234.00000,14315.40820
1234.50000,14319.33008
1235.00000,14322.49414
1235.50000,14326.70508
1236.00000,14332.93164
1236.50000,14340.70898
1237.00000,14347.65625
1237.50000,14351.90234
1238.00000,14353.21387
1238.50000,14354.25391
1239.00000,14358.18457
1239.50000,14366.36719
1240.00000,14377.25977
1240.50000,14386.95801
1241.00000,14391.57422
1241.50000,14388.82324
1242.00000,14379.43262
1242.50000,14368.30762
1243.00000,14361.23633
1243.50000,14362.49414
1244.00000,14372.67090
1244.50000,14390.68457
1245.00000,14410.52734
1245.50000,14428.05859
1246.00000,14440.97363
1246.50000,14450.75195
1247.00000,14459.93750
1247.50000,14470.86523
1248.00000,14483.73145
1248.50000,14497.03320
1249.00000,14509.17871
1249.50000,14520.30762
1250.00000,14532.60840
1250.50000,14548.32422
1251.00000,14568.88379
1251.50000,14591.87891
1252.00000,14613.46191
1252.50000,14628.74707
1253.00000,14637.24707
1253.50000,14640.55762
1254.00000,14643.79785
1254.50000,14652.07617
1255.00000,14669.99902
1255.50000,14696.39453
1256.00000,14727.77637
1256.50000,14758.72168
1257.00000,14784.66895
1257.50000,14803.07813
1258.00000,14815.78320
1258.50000,14827.33203
1259.00000,14842.35059
1259.50000,14862.10840
1260.00000,14884.59473
1260.50000,14904.57227
1261.00000,14917.66309
1261.50000,14921.20215
1262.00000,14917.46387
1262.50000,14911.22266
1263.00000,14906.39063
1263.50000,14903.69727
1264.00000,14901.45020
1264.50000,14897.32031
1265.00000,14891.49414
1265.50000,14886.51660
1266.00000,14885.80078
1266.50000,14890.67188
1267.00000,14901.17480
1267.50000,14914.41602
1268.00000,14929.43457
1268.50000,14946.32422
1269.00000,14964.36914
1269.50000,14980.85938
1270.00000,14991.48730
1270.50000,14993.74512
1271.00000,14987.11230
1271.50000,14978.46289
1272.00000,14974.26855
1272.50000,14978.72754
1273.00000,14988.67676
1273.50000,14997.34082
1274.00000,14997.53223
1274.50000,14986.86133
1275.00000,14966.30957
1275.50000,14944.37695
1276.00000,14928.63379
1276.50000,14925.46387
1277.00000,14935.35449
1277.50000,14957.81055
1278.00000,14985.73047
1278.50000,15011.44531
1279.00000,15026.26465
1279.50000,15029.22266
1280.00000,15022.39844
1280.50000,15012.80469
1281.00000,15006.88672
1281.50000,15007.59082
1282.00000,15011.48047
1282.50000,15013.82031
1283.00000,15010.71289
1283.50000,15003.77441
1284.00000,14996.64160
1284.50000,14993.15430
1285.00000,14993.90332
1285.50000,14997.65332
1286.00000,15001.18555
1286.50000,15002.02734
1287.00000,14997.60840
1287.50000,14987.57520
1288.00000,14971.36426
1288.50000,14951.10547
1289.00000,14930.93066
1289.50000,14916.26758
1290.00000,14909.03027
1290.50000,14907.79688
1291.00000,14907.00293
1291.50000,14899.98633
1292.00000,14881.21387
1292.50000,14851.33398
1293.00000,14814.94434
1293.50000,14777.20508
1294.00000,14743.29395
1294.50000,14716.81348
1295.00000,14700.96094
1295.50000,14694.76367
1296.00000,14697.27441
1296.50000,14703.30859
1297.00000,14707.10645
1297.50000,14702.96289
1298.00000,14691.95996
1298.50000,14678.32617
1299.00000,14669.39648
1299.50000,14669.15332
1300.00000,14677.26953
1300.50000,14686.25391
1301.00000,14688.94434
1301.50000,14679.35645
1302.00000,14661.82129
1302.50000,14642.41113
1303.00000,14628.47559
1303.50000,14622.34277
1304.00000,14623.10352
1304.50000,14625.83691
1305.00000,14627.32031
1305.50000,14627.08496
1306.00000,14627.67285
1306.50000,14631.42383
1307.00000,14638.54688
1307.50000,14646.29688
1308.00000,14651.07324
1308.50000,14651.35645
1309.00000,14647.84863
1309.50000,14642.62402
1310.00000,14638.47168
1310.50000,14637.10449
1311.00000,14638.94727
1311.50000,14642.96582
1312.00000,14647.77344
1312.50000,14651.38379
1313.00000,14652.42578
1313.50000,14650.53711
1314.00000,14648.23438
1314.50000,14649.32031
1315.00000,14656.87402
1315.50000,14669.58301
1316.00000,14682.63672
1316.50000,14689.31250
1317.00000,14685.72949
1317.50000,14672.66211
1318.00000,14658.36133
1318.50000,14650.84863
1319.00000,14653.16602
1319.50000,14660.58496
1320.00000,14663.82324
1320.50000,14656.84863
1321.00000,14640.53027
1321.50000,14623.85742
1322.00000,14617.47363
1322.50000,14626.72754
1323.00000,14645.33984
1323.50000,14662.24512
1324.00000,14666.19727
1324.50000,14657.77930
1325.00000,14643.15039
1325.50000,14632.64746
1326.00000,14631.88477
1326.50000,14641.20020
1327.00000,14653.54980
1327.50000,14661.81152
1328.00000,14659.89746
1328.50000,14649.87207
1329.00000,14635.47266
1329.50000,14622.52930
1330.00000,14614.82617
1330.50000,14614.68066
1331.00000,14620.42090
1331.50000,14629.19824
1332.00000,14638.30566
1332.50000,14646.01465
1333.00000,14651.59570
1333.50000,14654.16309
1334.00000,14652.62207
1334.50000,14644.57129
1335.00000,14631.01074
1335.50000,14615.82520
1336.00000,14606.04004
1336.50000,14604.57910
1337.00000,14610.34570
1337.50000,14616.92090
1338.00000,14618.69727
1338.50000,14615.00488
1339.00000,14612.97559
1339.50000,14620.29785
1340.00000,14641.59570
1340.50000,14668.74219
1341.00000,14690.18848
1341.50000,14695.72754
1342.00000,14685.85059
1342.50000,14667.83008
1343.00000,14654.32422
1343.50000,14651.95508
1344.00000,14662.48730
1344.50000,14679.86523
1345.00000,14699.95605
1345.50000,14719.59180
1346.00000,14737.30762
1346.50000,14750.84277
1347.00000,14758.84375
1347.50000,14760.31152
1348.00000,14755.94824
1348.50000,14750.02051
1349.00000,14747.38281
1349.50000,14752.39746
1350.00000,14767.17969
1350.50000,14794.53125
1351.00000,14829.84277
1351.50000,14866.36133
1352.00000,14892.73535
1352.50000,14901.84375
1353.00000,14889.84961
1353.50000,14865.61621
1354.00000,14842.56348
1354.50000,14834.95313
1355.00000,14843.26953
1355.50000,14860.23438
1356.00000,14873.11133
1356.50000,14875.25879
1357.00000,14867.00000
1357.50000,14856.91406
1358.00000,14852.02148
1358.50000,14855.29688
1359.00000,14860.81445
1359.50000,14862.50195
1360.00000,14857.03320
1360.50000,14847.70898
1361.00000,14840.37598
1361.50000,14839.18848
1362.00000,14842.88086
1362.50000,14846.94141
1363.00000,14847.25293
1363.50000,14843.45996
1364.00000,14839.59570
1364.50000,14840.19434
1365.00000,14847.41504
1365.50000,14856.62305
1366.00000,14860.79785
1366.50000,14851.82422
1367.00000,14831.09961
1367.50000,14804.21777
1368.00000,14782.00098
1368.50000,14771.23633
1369.00000,14775.27344
1369.50000,14787.56836
1370.00000,14800.81348
1370.50000,14808.55859
1371.00000,14810.74609
1371.50000,14810.85742
1372.00000,14814.70605
1372.50000,14825.16113
1373.00000,14841.89551
1373.50000,14858.43164
1374.00000,14868.33984
1374.50000,14866.83496
1375.00000,14857.20215
1375.50000,14845.04395
1376.00000,14837.81836
1376.50000,14838.91406
1377.00000,14848.76465
1377.50000,14861.81543
1378.00000,14874.18164
1378.50000,14884.42578
1379.00000,14894.19922
1379.50000,14904.51172
1380.00000,14913.30078
1380.50000,14917.15918
1381.00000,14913.07715
1381.50000,14905.71484
1382.00000,14902.38379
1382.50000,14910.71484
1383.00000,14929.30371
1383.50000,14950.87012
1384.00000,14964.15137
1384.50000,14964.03711
1385.00000,14952.06934
1385.50000,14941.74023
1386.00000,14942.96973
1386.50000,14959.56055
1387.00000,14984.91211
1387.50000,15011.40527
1388.00000,15033.36719
1388.50000,15050.46973
1389.00000,15064.30176
1389.50000,15076.49805
1390.00000,15085.15234
1390.50000,15086.87402
1391.00000,15081.53418
1391.50000,15070.83398
1392.00000,15059.16895
1392.50000,15049.47656
1393.00000,15043.72559
1393.50000,15041.64551
1394.00000,15043.87305
1394.50000,15050.43164
1395.00000,15059.30664
1395.50000,15066.52734
1396.00000,15067.69336
1396.50000,15061.25195
1397.00000,15049.53516
1397.50000,15038.79785
1398.00000,15033.38184
1398.50000,15032.94238
1399.00000,15032.50977
1399.50000,15025.58105
1400.00000,15010.97168
1400.50000,14992.53320
1401.00000,14979.08789
1401.50000,14977.56348
1402.00000,14990.90234
1402.50000,15013.49414
1403.00000,15036.59082
1403.50000,15051.60645
1404.00000,15056.30859
1404.50000,15051.72656
1405.00000,15040.87402
1405.50000,15027.92969
1406.00000,15014.71777
1406.50000,15002.69043
1407.00000,14993.66406
1407.50000,14991.10254
1408.00000,14995.05469
1408.50000,15003.69043
1409.00000,15011.94336
1409.50000,15015.02441
1410.00000,15010.69629
1410.50000,15002.71875
1411.00000,14997.16699
1411.50000,15000.97852
1412.00000,15013.93164
1412.50000,15033.03711
1413.00000,15052.50488
1413.50000,15068.22363
1414.00000,15077.89258
1414.50000,15082.16504
1415.00000,15082.52148
1415.50000,15080.42676
1416.00000,15078.87109
1416.50000,15080.65918
1417.00000,15087.78613
1417.50000,15098.84863
1418.00000,15110.51758
1418.50000,15119.14355
1419.00000,15123.64551
1419.50000,15124.93457
1420.00000,15125.81836
1420.50000,15126.90039
1421.00000,15126.21094
1421.50000,15121.23145
1422.00000,15110.15820
1422.50000,15096.30859
1423.00000,15085.21777
1423.50000,15083.64941
1424.00000,15092.25586
1424.50000,15110.00781
1425.00000,15132.18555
1425.50000,15153.78809
1426.00000,15171.39648
1426.50000,15185.06152
1427.00000,15196.27539
1427.50000,15207.04688
1428.00000,15218.68945
1428.50000,15231.21973
1429.00000,15244.04004
1429.50000,15256.87891
1430.00000,15270.04004
1430.50000,15283.50391
1431.00000,15296.09961
1431.50000,15304.81445
1432.00000,15307.85059
1432.50000,15304.66211
1433.00000,15299.80859
1433.50000,15299.65039
1434.00000,15311.34766
1434.50000,15334.24316
1435.00000,15364.73438
1435.50000,15395.92969
1436.00000,15421.85449
1436.50000,15439.04492
1437.00000,15448.53027
1437.50000,15453.02148
1438.00000,15454.39551
1438.50000,15454.95410
1439.00000,15456.42480
1439.50000,15461.30762
1440.00000,15470.84668
1440.50000,15485.62207
1441.00000,15503.11328
1441.50000,15520.17480
1442.00000,15533.89551
1442.50000,15544.66699
1443.00000,15554.06055
1443.50000,15563.78711
1444.00000,15574.04688
1444.50000,15583.73438
1445.00000,15591.67676
1445.50000,15597.57813
1446.00000,15601.34375
1446.50000,15603.43945
1447.00000,15603.21777
1447.50000,15600.21484
1448.00000,15595.87012
1448.50000,15593.01758
1449.00000,15594.44824
1449.50000,15600.99805
1450.00000,15611.21973
1450.50000,15620.29688
1451.00000,15623.37891
1451.50000,15616.87402
1452.00000,15601.03613
1452.50000,15577.60547
1453.00000,15552.84473
1453.50000,15533.29297
1454.00000,15527.16309
1454.50000,15535.08203
1455.00000,15554.71094
1455.50000,15576.46777
1456.00000,15590.50391
1456.50000,15589.34375
1457.00000,15578.53711
1457.50000,15567.63770
1458.00000,15565.61621
1458.50000,15571.42285
1459.00000,15577.52051
1459.50000,15573.62207
1460.00000,15556.99805
1460.50000,15533.08789
1461.00000,15516.67090
1461.50000,15519.37500
1462.00000,15543.53125
1462.50000,15575.85938
1463.00000,15601.43164
1463.50000,15609.69434
1464.00000,15601.79688
1464.50000,15585.45215
1465.00000,15573.75977
1465.50000,15574.02148
1466.00000,15587.54883
1466.50000,15606.75879
1467.00000,15626.43555
1467.50000,15643.34863
1468.00000,15656.56934
1468.50000,15663.83984
1469.00000,15664.88574
1469.50000,15660.53027
1470.00000,15657.10059
1470.50000,15663.90234
1471.00000,15688.70801
1471.50000,15726.43457
1472.00000,15764.30176
1472.50000,15784.16406
1473.00000,15782.21094
1473.50000,15763.92578
1474.00000,15746.63281
1474.50000,15745.58105
1475.00000,15768.46777
1475.50000,15803.57031
1476.00000,15837.72559
1476.50000,15860.73145
1477.00000,15874.84277
1477.50000,15885.76855
1478.00000,15899.27832
1478.50000,15915.28711
1479.00000,15928.88379
1479.50000,15935.55664
1480.00000,15935.97461
1480.50000,15935.13574
1481.00000,15939.54688
1481.50000,15953.54980
1482.00000,15977.05273
1482.50000,16006.46582
1483.00000,16040.34473
1483.50000,16079.02246
1484.00000,16125.25000
1484.50000,16181.19727
1485.00000,16241.51953
1485.50000,16296.99707
1486.00000,16336.97363
1486.50000,16358.34375
1487.00000,16363.34375
1487.50000,16366.46875
1488.00000,16380.63086
1488.50000,16412.91602
1489.00000,16456.76563
1489.50000,16505.02148
1490.00000,16552.42188
1490.50000,16600.50195
1491.00000,16656.36914
1491.50000,16722.87305
1492.00000,16797.89453
1492.50000,16872.98047
1493.00000,16941.06250
1493.50000,17000.96289
1494.00000,17059.59180
1494.50000,17125.11914
1495.00000,17205.52539
1495.50000,17298.20508
1496.00000,17399.57227
1496.50000,17505.96484
1497.00000,17616.03906
1497.50000,17732.77734
1498.00000,17857.49414
1498.50000,17988.65430
1499.00000,18124.12891
1499.50000,18261.97070
1500.00000,18405.76563
1500.50000,18563.68164
1501.00000,18739.18359
1501.50000,18932.19141
1502.00000,19133.49219
1502.50000,19335.44336
1503.00000,19537.12109
1503.50000,19745.94727
1504.00000,19973.34570
1504.50000,20226.42969
1505.00000,20497.82422
1505.50000,20775.01172
1506.00000,21045.41211
1506.50000,21304.73633
1507.00000,21553.05664
1507.50000,21795.08008
1508.00000,22030.08984
1508.50000,22255.22070
1509.00000,22470.39258
1509.50000,22678.13281
1510.00000,22883.59180
1510.50000,23086.47266
1511.00000,23277.91406
1511.50000,23449.28125
1512.00000,23591.05664
1512.50000,23702.98633
1513.00000,23792.40430
1513.50000,23860.65625
1514.00000,23908.51953
1514.50000,23929.48438
1515.00000,23913.32422
1515.50000,23864.85742
1516.00000,23786.01367
1516.50000,23685.69727
1517.00000,23572.30078
1517.50000,23448.86133
1518.00000,23318.30664
1518.50000,23179.45898
1519.00000,23028.11328
1519.50000,22862.50781
1520.00000,22678.70703
1520.50000,22478.77930
1521.00000,22268.17773
1521.50000,22051.20703
1522.00000,21830.82813
1522.50000,21605.67383
1523.00000,21374.34961
1523.50000,21140.09570
1524.00000,20908.70898
1524.50000,20684.67773
1525.00000,20466.31445
1525.50000,20245.22266
1526.00000,20014.64258
1526.50000,19774.04883
1527.00000,19531.73633
1527.50000,19298.74414
1528.00000,19083.65820
1528.50000,18883.62695
1529.00000,18690.81250
1529.50000,18499.26367
1530.00000,18309.61719
1530.50000,18128.30273
1531.00000,17962.29102
1531.50000,17811.13086
1532.00000,17672.71484
1532.50000,17540.30078
1533.00000,17410.54102
1533.50000,17284.55078
1534.00000,17164.18164
1534.50000,17051.91211
1535.00000,16948.51953
1535.50000,16852.66797
1536.00000,16765.46875
1536.50000,16686.80273
1537.00000,16616.94727
1537.50000,16556.16797
1538.00000,16500.87891
1538.50000,16448.50586
1539.00000,16396.41602
1539.50000,16344.00293
1540.00000,16293.48047
1540.50000,16248.26953
1541.00000,16210.71973
1541.50000,16181.63379
1542.00000,16157.54199
1542.50000,16136.52148
1543.00000,16117.72656
1543.50000,16101.58984
1544.00000,16088.74512
1544.50000,16076.36328
1545.00000,16060.61426
1545.50000,16038.84375
1546.00000,16013.82031
1546.50000,15990.42773
1547.00000,15972.72461
1547.50000,15959.90625
1548.00000,15947.38184
1548.50000,15930.77148
1549.00000,15910.68652
1549.50000,15892.36426
1550.00000,15880.56934
1550.50000,15877.33594
1551.00000,15879.10059
1551.50000,15881.60059
1552.00000,15883.38770
1552.50000,15886.45313
1553.00000,15892.43945
1553.50000,15899.91602
1554.00000,15904.55762
1554.50000,15901.44922
1555.00000,15889.84961
1555.50000,15872.25977
1556.00000,15852.08105
1556.50000,15832.46094
1557.00000,15815.08398
1557.50000,15802.03516
1558.00000,15794.59180
1558.50000,15794.03418
1559.00000,15797.18848
1559.50000,15799.03516
1560.00000,15794.54688
1560.50000,15784.87793
1561.00000,15773.83984
1561.50000,15766.84570
1562.00000,15765.52539
1562.50000,15767.73047
1563.00000,15767.26563
1563.50000,15760.34668
1564.00000,15746.48535
1564.50000,15731.30078
1565.00000,15720.71973
1565.50000,15718.98633
1566.00000,15725.03809
1566.50000,15735.47168
1567.00000,15744.27734
1567.50000,15749.04297
1568.00000,15750.95215
1568.50000,15754.80762
1569.00000,15765.21191
1569.50000,15783.14551
1570.00000,15804.51270
1570.50000,15822.47168
1571.00000,15832.86230
1571.50000,15835.15820
1572.00000,15831.51367
1572.50000,15826.14258
1573.00000,15820.52148
1573.50000,15814.38574
1574.00000,15807.62988
1574.50000,15802.51074
1575.00000,15802.25293
1575.50000,15809.24512
1576.00000,15822.96289
1576.50000,15837.91406
1577.00000,15847.64844
1577.50000,15848.67383
1578.00000,15842.96484
1578.50000,15835.00781
1579.00000,15830.94531
1579.50000,15834.73828
1580.00000,15847.42188
1580.50000,15864.22949
1581.00000,15877.75879
1581.50000,15880.91211
1582.00000,15871.37402
1582.50000,15850.25293
1583.00000,15828.21973
1583.50000,15815.09863
1584.00000,15817.80176
1584.50000,15831.22949
1585.00000,15845.74805
1585.50000,15852.32129
1586.00000,15849.17285
1586.50000,15840.16113
1587.00000,15833.46777
1587.50000,15832.99414
1588.00000,15836.21875
1588.50000,15837.83594
1589.00000,15835.17188
1589.50000,15830.89160
1590.00000,15829.10352
1590.50000,15832.67480
1591.00000,15838.28809
1591.50000,15840.76172
1592.00000,15836.64648
1592.50000,15827.60840
1593.00000,15817.38574
1593.50000,15809.67871
1594.00000,15804.84180
1594.50000,15800.02051
1595.00000,15792.05078
1595.50000,15780.46875
1596.00000,15768.61035
1596.50000,15760.79395
1597.00000,15760.55566
1597.50000,15764.96387
1598.00000,15767.88477
1598.50000,15762.20801
1599.00000,15748.28418
1599.50000,15730.78613
1600.00000,15718.00195
1600.50000,15714.08496
1601.00000,15718.19141
1601.50000,15721.60938
1602.00000,15718.34863
1602.50000,15707.65234
1603.00000,15695.51855
1603.50000,15687.65332
1604.00000,15685.90625
1604.50000,15687.98242
1605.00000,15691.56445
1605.50000,15696.31348
1606.00000,15703.18652
1606.50000,15711.06348
1607.00000,15716.03906
1607.50000,15713.92383
1608.00000,15706.06055
1608.50000,15698.71289
1609.00000,15698.30859
1609.50000,15703.16895
1610.00000,15707.25195
1610.50000,15703.09961
1611.00000,15690.57129
1611.50000,15675.56250
1612.00000,15665.72266
1612.50000,15662.45215
1613.00000,15662.07910
1613.50000,15658.83887
1614.00000,15651.66211
1614.50000,15645.22852
1615.00000,15644.71777
1615.50000,15651.75195
1616.00000,15661.43359
1616.50000,15668.15430
1617.00000,15667.18848
1617.50000,15660.12305
1618.00000,15649.68262
1618.50000,15639.34863
1619.00000,15630.96875
1619.50000,15626.02734
1620.00000,15625.04980
1620.50000,15628.78125
1621.00000,15639.41211
1621.50000,15656.19043
1622.00000,15678.68652
1622.50000,15703.62305
1623.00000,15725.63770
1623.50000,15737.26758
1624.00000,15735.63086
1624.50000,15722.35547
1625.00000,15703.83594
1625.50000,15688.21777
1626.00000,15680.46875
1626.50000,15680.71973
1627.00000,15685.12793
1627.50000,15689.28125
1628.00000,15690.27637
1628.50000,15687.74219
1629.00000,15682.97266
1629.50000,15678.50586
1630.00000,15675.96484
1630.50000,15674.98242
1631.00000,15673.69043
1631.50000,15671.29590
1632.00000,15670.70605
1632.50000,15677.21973
1633.00000,15695.90332
1633.50000,15722.76758
1634.00000,15747.15527
1634.50000,15756.83691
1635.00000,15748.84766
1635.50000,15727.43066
1636.00000,15707.26953
1636.50000,15697.65918
1637.00000,15699.49902
1637.50000,15702.38379
1638.00000,15698.04199
1638.50000,15686.48242
1639.00000,15674.08301
1639.50000,15669.28809
1640.00000,15672.77832
1640.50000,15680.53711
1641.00000,15687.69824
1641.50000,15694.14258
1642.00000,15703.70898
1642.50000,15718.49414
1643.00000,15735.20508
1643.50000,15744.10059
1644.00000,15740.53516
1644.50000,15725.24414
1645.00000,15707.07324
1645.50000,15696.06055
1646.00000,15698.85352
1646.50000,15710.92480
1647.00000,15723.34961
1647.50000,15727.73242
1648.00000,15722.70020
1648.50000,15708.91406
1649.00000,15689.55566
1649.50000,15668.92090
1650.00000,15652.90039
1650.50000,15647.69727
1651.00000,15658.29492
1651.50000,15687.23340
1652.00000,15724.47656
1652.50000,15757.42188
1653.00000,15775.58594
1653.50000,15779.03809
1654.00000,15771.69043
1654.50000,15761.39258
1655.00000,15749.97266
1655.50000,15733.85645
1656.00000,15712.22070
1656.50000,15689.75781
1657.00000,15676.59375
1657.50000,15679.06836
1658.00000,15698.62207
1658.50000,15722.09961
1659.00000,15736.71680
1659.50000,15735.06836
1660.00000,15722.96191
1660.50000,15708.49609
1661.00000,15698.94727
1661.50000,15694.98535
1662.00000,15693.04004
1662.50000,15689.85352
1663.00000,15685.82129
1663.50000,15683.17676
1664.00000,15682.47070
1664.50000,15681.91797
1665.00000,15679.57129
1665.50000,15676.56152
1666.00000,15677.02441
1666.50000,15682.57031
1667.00000,15690.77148
1667.50000,15693.98242
1668.00000,15688.17969
1668.50000,15675.77637
1669.00000,15667.05078
1669.50000,15670.32910
1670.00000,15689.37793
1670.50000,15712.34863
1671.00000,15726.69336
1671.50000,15725.49316
1672.00000,15713.89453
1672.50000,15700.04688
1673.00000,15690.60547
1673.50000,15685.11719
1674.00000,15679.39453
1674.50000,15672.51465
1675.00000,15668.54590
1675.50000,15672.89355
1676.00000,15685.00195
1676.50000,15698.39648
1677.00000,15705.00098
1677.50000,15703.42090
1678.00000,15698.72070
1678.50000,15698.64355
1679.00000,15705.90430
1679.50000,15714.96777
1680.00000,15719.06543
1680.50000,15716.95215
1681.00000,15716.36328
1681.50000,15725.39258
1682.00000,15747.01074
1682.50000,15769.31641
1683.00000,15777.88770
1683.50000,15766.23535
1684.00000,15742.06348
1684.50000,15720.57227
1685.00000,15714.56836
1685.50000,15723.62500
1686.00000,15736.56055
1686.50000,15741.64648
1687.00000,15735.48633
1687.50000,15726.43457
1688.00000,15726.02930
1688.50000,15742.06348
1689.00000,15768.31836
1689.50000,15796.67480
1690.00000,15818.79980
1690.50000,15832.18359
1691.00000,15836.60742
1691.50000,15835.01563
1692.00000,15829.83984
1692.50000,15823.06543
1693.00000,15817.25879
1693.50000,15813.66797
1694.00000,15811.30859
1694.50000,15808.20020
1695.00000,15804.08594
1695.50000,15801.51074
1696.00000,15803.48340
1696.50000,15812.76465
1697.00000,15824.94043
1697.50000,15835.90723
1698.00000,15842.59961
1698.50000,15845.69141
1699.00000,15846.54102
1699.50000,15846.14063
1700.00000,15844.01953
1700.50000,15839.79688
1701.00000,15835.90723
1701.50000,15835.81738
1702.00000,15841.85742
1702.50000,15851.32520
1703.00000,15859.92188
1703.50000,15865.05469
1704.00000,15867.58789
1704.50000,15870.25586
1705.00000,15873.81543
1705.50000,15874.87109
1706.00000,15868.98926
1706.50000,15856.48242
1707.00000,15842.45703
1707.50000,15835.52148
1708.00000,15839.41797
1708.50000,15851.33691
1709.00000,15863.26270
1709.50000,15871.66699
1710.00000,15880.30957
1710.50000,15896.79492
1711.00000,15925.99902
1711.50000,15960.43848
1712.00000,15989.05762
1712.50000,16000.24023
1713.00000,15994.84961
1713.50000,15979.66113
1714.00000,15964.82324
1714.50000,15954.77441
1715.00000,15950.25684
1715.50000,15949.07715
1716.00000,15951.57617
1716.50000,15958.90332
1717.00000,15968.77148
1717.50000,15975.90723
1718.00000,15974.28516
1718.50000,15962.36719
1719.00000,15944.90723
1719.50000,15932.03711
1720.00000,15930.39941
1720.50000,15941.10742
1721.00000,15956.38477
1721.50000,15967.64063
1722.00000,15972.04492
1722.50000,15974.07813
1723.00000,15982.92188
1723.50000,16002.39941
1724.00000,16029.80469
1724.50000,16053.15820
1725.00000,16063.19922
1725.50000,16055.39746
1726.00000,16036.93652
1726.50000,16017.70605
1727.00000,16006.71387
1727.50000,16003.70898
1728.00000,16006.91113
1728.50000,16013.81445
1729.00000,16022.59277
1729.50000,16032.46094
1730.00000,16042.06055
1730.50000,16050.83887
1731.00000,16059.51367
1731.50000,16069.38281
1732.00000,16080.54785
1732.50000,16090.67969
1733.00000,16097.70215
1733.50000,16101.24609
1734.00000,16104.74414
1734.50000,16112.57422
1735.00000,16129.13086
1735.50000,16152.15918
1736.00000,16177.52637
1736.50000,16197.31543
1737.00000,16204.66016
1737.50000,16193.11719
1738.00000,16171.73633
1738.50000,16152.72363
1739.00000,16150.43848
1739.50000,16166.10742
1740.00000,16193.48633
