280.00000,4020.50317
280.50000,4019.94409
281.00000,4016.98291
281.50000,4016.23120
282.00000,4020.49292
282.50000,4028.27637
283.00000,4035.36719
283.50000,4037.88354
284.00000,4036.97168
284.50000,4035.10132
285.00000,4035.62402
285.50000,4039.78076
286.00000,4046.30249
286.50000,4051.31885
287.00000,4052.85254
287.50000,4050.33154
288.00000,4046.61523
288.50000,4044.86060
289.00000,4048.28955
289.50000,4055.87842
290.00000,4065.82959
290.50000,4075.07617
291.00000,4081.39648
291.50000,4082.73462
292.00000,4080.10352
292.50000,4075.29858
293.00000,4070.64746
293.50000,4067.89673
294.00000,4068.48096
294.50000,4071.84985
295.00000,4076.24805
295.50000,4078.71777
296.00000,4077.79321
296.50000,4072.89404
297.00000,4065.48584
297.50000,4058.31836
298.00000,4055.40430
298.50000,4057.55444
299.00000,4064.12256
299.50000,4073.44165
300.00000,4082.76733
300.50000,4090.12744
301.00000,4094.59253
301.50000,4097.05029
302.00000,4098.39502
302.50000,4099.65967
303.00000,4101.36084
303.50000,4103.78320
304.00000,4106.77295
304.50000,4109.92090
305.00000,4112.46045
305.50000,4113.61816
306.00000,4112.17480
306.50000,4108.17871
307.00000,4102.02051
307.50000,4095.61475
308.00000,4091.11011
308.50000,4090.60034
309.00000,4094.79395
309.50000,4103.09229
310.00000,4114.63281
310.50000,4126.41113
311.00000,4136.19336
311.50000,4142.17529
312.00000,4144.24902
312.50000,4142.34131
313.00000,4138.12451
313.50000,4133.83984
314.00000,4131.97852
314.50000,4133.18457
315.00000,4137.58447
315.50000,4144.07568
316.00000,4150.57959
316.50000,4154.61865
317.00000,4155.47070
317.50000,4153.59424
318.00000,4149.99414
318.50000,4146.63818
319.00000,4145.09180
319.50000,4146.50000
320.00000,4150.18213
320.50000,4155.26563
321.00000,4160.43066
321.50000,4164.83008
322.00000,4167.92969
322.50000,4170.20215
323.00000,4172.36816
323.50000,4174.96582
324.00000,4177.82471
324.50000,4180.04199
325.00000,4180.44043
325.50000,4177.85156
326.00000,4171.44580
326.50000,4163.22510
327.00000,4155.25537
327.50000,4150.03369
328.00000,4148.93555
328.50000,4153.19727
329.00000,4160.81982
329.50000,4168.87305
330.00000,4174.30615
330.50000,4175.85986
331.00000,4172.98096
331.50000,4167.27588
332.00000,4161.61865
332.50000,4159.46338
333.00000,4161.63477
333.50000,4167.83252
334.00000,4176.32373
334.50000,4184.20313
335.00000,4188.68604
335.50000,4188.71094
336.00000,4186.02393
336.50000,4182.96582
337.00000,4182.05322
337.50000,4184.83154
338.00000,4191.55811
338.50000,4200.02441
339.00000,4207.49316
339.50000,4212.09668
340.00000,4213.45459
340.50000,4211.63037
341.00000,4208.65137
341.50000,4206.35693
342.00000,4206.72852
342.50000,4210.26758
343.00000,4217.65869
343.50000,4228.12598
344.00000,4240.39502
344.50000,4252.49316
345.00000,4261.89600
345.50000,4266.69189
346.00000,4266.20752
346.50000,4261.85498
347.00000,4255.16211
347.50000,4248.63818
348.00000,4244.15625
348.50000,4242.72754
349.00000,4243.29053
349.50000,4245.25879
350.00000,4248.15820
350.50000,4251.90723
351.00000,4257.12451
351.50000,4263.95996
352.00000,4271.73438
352.50000,4279.15186
353.00000,4284.88965
353.50000,4287.69775
354.00000,4287.20410
354.50000,4284.15039
355.00000,4279.77686
355.50000,4275.66211
356.00000,4272.72803
356.50000,4271.73340
357.00000,4272.52100
357.50000,4275.17969
358.00000,4279.57324
358.50000,4285.27734
359.00000,4292.39258
359.50000,4300.51855
360.00000,4309.26074
360.50000,4317.83643
361.00000,4325.10596
361.50000,4329.63184
362.00000,4330.96191
362.50000,4329.62598
363.00000,4326.50439
363.50000,4323.60010
364.00000,4322.55615
364.50000,4324.66797
365.00000,4328.68164
365.50000,4332.87158
366.00000,4335.26709
366.50000,4334.88281
367.00000,4331.21094
367.50000,4326.15381
368.00000,4321.89795
368.50000,4320.37500
369.00000,4321.70020
369.50000,4325.53760
370.00000,4330.32959
370.50000,4334.67236
371.00000,4337.16943
371.50000,4337.99609
372.00000,4337.61426
372.50000,4336.71973
373.00000,4335.96973
373.50000,4335.84277
374.00000,4336.48828
374.50000,4337.86328
375.00000,4339.69824
375.50000,4341.46338
376.00000,4342.66699
376.50000,4342.91162
377.00000,4342.24219
377.50000,4340.88379
378.00000,4339.57031
378.50000,4338.80713
379.00000,4338.76855
379.50000,4339.00635
380.00000,4338.99170
380.50000,4338.30859
381.00000,4337.14258
381.50000,4336.52051
382.00000,4337.59766
382.50000,4341.18457
383.00000,4347.81494
383.50000,4356.36914
384.00000,4365.60840
384.50000,4373.60254
385.00000,4379.07471
385.50000,4380.95313
386.00000,4379.82861
386.50000,4376.33643
387.00000,4371.43408
387.50000,4366.57080
388.00000,4363.29980
388.50000,4362.53467
389.00000,4364.33203
389.50000,4368.74756
390.00000,4374.46729
390.50000,4380.31348
391.00000,4384.84473
391.50000,4387.24072
392.00000,4387.09863
392.50000,4384.88281
393.00000,4381.32227
393.50000,4377.05811
394.00000,4373.00586
394.50000,4369.93408
395.00000,4368.70508
395.50000,4369.10352
396.00000,4370.85938
396.50000,4373.00098
397.00000,4374.60693
397.50000,4374.77686
398.00000,4373.80664
398.50000,4372.68311
399.00000,4372.99023
399.50000,4375.49756
400.00000,4380.62158
400.50000,4387.32715
401.00000,4394.22510
401.50000,4399.57715
402.00000,4402.72705
402.50000,4403.84717
403.00000,4403.62402
403.50000,4402.93506
404.00000,4402.25488
404.50000,4401.74316
405.00000,4401.32813
405.50000,4400.93408
406.00000,4400.60010
406.50000,4400.43359
407.00000,4400.53662
407.50000,4400.98047
408.00000,4402.07373
408.50000,4404.20605
409.00000,4407.87402
409.50000,4413.37012
410.00000,4419.86035
410.50000,4426.18945
411.00000,4430.78320
411.50000,4432.72754
412.00000,4431.35400
412.50000,4428.35107
413.00000,4425.99170
413.50000,4426.55371
414.00000,4430.52100
414.50000,4437.80615
415.00000,4446.70898
415.50000,4455.07373
416.00000,4460.44043
416.50000,4462.66504
417.00000,4462.17480
417.50000,4460.08789
418.00000,4458.14600
418.50000,4457.92725
419.00000,4460.54248
419.50000,4466.21582
420.00000,4474.63281
420.50000,4484.01318
421.00000,4492.79004
421.50000,4499.19873
422.00000,4502.64014
422.50000,4502.71729
423.00000,4500.58740
423.50000,4498.01709
424.00000,4496.53955
424.50000,4496.66504
425.00000,4498.49463
425.50000,4501.65625
426.00000,4505.44238
426.50000,4509.54883
427.00000,4513.85889
427.50000,4518.37646
428.00000,4522.99951
428.50000,4527.38770
429.00000,4531.05029
429.50000,4533.41748
430.00000,4534.20459
430.50000,4532.98779
431.00000,4530.07861
431.50000,4525.84863
432.00000,4520.81006
432.50000,4516.02100
433.00000,4512.62158
433.50000,4511.79395
434.00000,4513.74219
434.50000,4518.08447
435.00000,4523.29541
435.50000,4528.07520
436.00000,4531.27881
436.50000,4533.02246
437.00000,4533.89697
437.50000,4535.18066
438.00000,4537.67334
438.50000,4541.56689
439.00000,4546.01563
439.50000,4550.07031
440.00000,4552.66602
440.50000,4553.59863
441.00000,4552.79785
441.50000,4550.94434
442.00000,4548.79102
442.50000,4546.77344
443.00000,4545.02002
443.50000,4543.41357
444.00000,4541.64600
444.50000,4539.47998
445.00000,4536.97314
445.50000,4534.87939
446.00000,4534.17041
446.50000,4536.34668
447.00000,4541.41553
447.50000,4548.82422
448.00000,4556.75977
448.50000,4562.56250
449.00000,4564.05957
449.50000,4561.65771
450.00000,4557.41992
450.50000,4554.35889
451.00000,4554.65771
451.50000,4559.11914
452.00000,4566.31055
452.50000,4572.51563
453.00000,4574.19824
453.50000,4570.43262
454.00000,4562.42236
454.50000,4552.25195
455.00000,4543.11670
455.50000,4537.10156
456.00000,4535.27197
456.50000,4536.36279
457.00000,4539.31250
457.50000,4542.83057
458.00000,4546.10498
458.50000,4548.39209
459.00000,4549.52295
459.50000,4549.43750
460.00000,4548.77783
460.50000,4548.73584
461.00000,4550.44531
461.50000,4553.90674
462.00000,4558.24219
462.50000,4561.63525
463.00000,4562.57666
463.50000,4560.03955
464.00000,4555.13232
464.50000,4550.24609
465.00000,4547.57813
465.50000,4547.71143
466.00000,4550.03271
466.50000,4553.01855
467.00000,4554.94727
467.50000,4554.84766
468.00000,4553.42822
468.50000,4551.85303
469.00000,4550.93018
469.50000,4550.60254
470.00000,4550.37744
470.50000,4549.71045
471.00000,4548.77734
471.50000,4548.70850
472.00000,4550.85107
472.50000,4555.66650
473.00000,4563.28223
473.50000,4572.07959
474.00000,4580.47119
474.50000,4586.67871
475.00000,4589.97559
475.50000,4589.87451
476.00000,4587.16113
476.50000,4582.82178
477.00000,4577.75293
477.50000,4573.19629
478.00000,4570.19336
478.50000,4569.64355
479.00000,4571.26367
479.50000,4574.02344
480.00000,4576.05127
480.50000,4576.05029
481.00000,4572.98584
481.50000,4568.14600
482.00000,4563.26514
482.50000,4560.79834
483.00000,4562.10596
483.50000,4567.20996
484.00000,4573.77051
484.50000,4579.46484
485.00000,4582.02051
485.50000,4581.66406
486.00000,4579.43018
486.50000,4577.48779
487.00000,4577.51758
487.50000,4579.64893
488.00000,4582.01025
488.50000,4582.75195
489.00000,4580.30566
489.50000,4575.65039
490.00000,4570.49072
490.50000,4567.20166
491.00000,4566.79590
491.50000,4568.46631
492.00000,4569.76221
492.50000,4569.02490
493.00000,4565.67334
493.50000,4561.53027
494.00000,4558.84277
494.50000,4559.32520
495.00000,4562.35352
495.50000,4565.34375
496.00000,4565.79785
496.50000,4563.10693
497.00000,4558.87354
497.50000,4556.62695
498.00000,4559.92773
498.50000,4569.95557
499.00000,4584.19629
499.50000,4597.42139
500.00000,4605.06787
500.50000,4604.80615
501.00000,4596.40771
501.50000,4583.93506
502.00000,4571.18799
502.50000,4561.86377
503.00000,4557.73438
503.50000,4559.23535
504.00000,4563.70508
504.50000,4569.13672
505.00000,4573.36377
505.50000,4575.25049
506.00000,4574.23096
506.50000,4571.36816
507.00000,4568.56543
507.50000,4568.41846
508.00000,4571.43896
508.50000,4577.17139
509.00000,4583.70654
509.50000,4588.71240
510.00000,4590.22900
510.50000,4588.29834
511.00000,4584.34619
511.50000,4580.54053
512.00000,4578.11279
512.50000,4576.82471
513.00000,4575.19141
513.50000,4571.69385
514.00000,4565.13330
514.50000,4556.26465
515.00000,4546.86035
515.50000,4540.11377
516.00000,4537.63916
516.50000,4540.63379
517.00000,4548.87744
517.50000,4560.39355
518.00000,4573.19922
518.50000,4584.62695
519.00000,4592.60449
519.50000,4594.57715
520.00000,4591.35596
520.50000,4583.83398
521.00000,4574.05420
521.50000,4564.34277
522.00000,4556.86719
522.50000,4552.60254
523.00000,4551.84424
523.50000,4554.59229
524.00000,4559.18018
524.50000,4564.05273
525.00000,4567.63330
525.50000,4569.04834
526.00000,4567.57568
526.50000,4564.15234
527.00000,4559.94141
527.50000,4556.42383
528.00000,4554.41016
528.50000,4553.74609
529.00000,4553.24707
529.50000,4551.84473
530.00000,4548.82031
530.50000,4544.90918
531.00000,4541.35986
531.50000,4539.89697
532.00000,4541.19434
532.50000,4545.32422
533.00000,4550.65332
533.50000,4555.60596
534.00000,4558.75879
534.50000,4560.06592
535.00000,4559.88916
535.50000,4559.04053
536.00000,4558.30420
536.50000,4557.84424
537.00000,4557.05664
537.50000,4555.19189
538.00000,4551.30273
538.50000,4545.72900
539.00000,4539.06104
539.50000,4532.59766
540.00000,4527.66211
540.50000,4525.74658
541.00000,4527.28516
541.50000,4531.66406
542.00000,4538.15967
542.50000,4545.02588
543.00000,4550.76514
543.50000,4553.78076
544.00000,4553.41846
544.50000,4548.84863
545.00000,4541.09717
545.50000,4531.92285
546.00000,4523.86182
546.50000,4518.58008
547.00000,4517.15625
547.50000,4519.28174
548.00000,4523.32861
548.50000,4527.79053
549.00000,4531.43994
549.50000,4534.00391
550.00000,4535.90332
550.50000,4537.80664
551.00000,4539.66162
551.50000,4540.81689
552.00000,4540.61230
552.50000,4538.39600
553.00000,4534.81934
553.50000,4530.94238
554.00000,4528.29346
554.50000,4527.52344
555.00000,4528.52441
555.50000,4530.32764
556.00000,4531.87012
556.50000,4532.24170
557.00000,4531.38379
557.50000,4529.52881
558.00000,4527.13574
558.50000,4524.80518
559.00000,4523.01025
559.50000,4522.03760
560.00000,4521.96582
560.50000,4522.93164
561.00000,4524.53711
561.50000,4526.46484
562.00000,4528.46191
562.50000,4530.55713
563.00000,4533.20557
563.50000,4536.78223
564.00000,4540.96289
564.50000,4544.44873
565.00000,4545.58252
565.50000,4542.70264
566.00000,4535.08984
566.50000,4524.65088
567.00000,4514.33691
567.50000,4508.01904
568.00000,4507.85205
568.50000,4514.23877
569.00000,4522.98535
569.50000,4530.18066
570.00000,4532.14404
570.50000,4528.56104
571.00000,4520.77881
571.50000,4513.07568
572.00000,4509.18115
572.50000,4512.48682
573.00000,4520.25879
573.50000,4529.30957
574.00000,4535.38281
574.50000,4536.14404
575.00000,4530.15430
575.50000,4519.75684
576.00000,4507.96289
576.50000,4498.45068
577.00000,4493.45361
577.50000,4494.00537
578.00000,4499.20654
578.50000,4506.99756
579.00000,4515.68311
579.50000,4523.62842
580.00000,4530.04932
580.50000,4534.55371
581.00000,4537.69775
581.50000,4539.63379
582.00000,4540.44434
582.50000,4540.17383
583.00000,4538.67236
583.50000,4536.50049
584.00000,4534.29883
584.50000,4532.69336
585.00000,4531.58301
585.50000,4530.16797
586.00000,4527.18359
586.50000,4522.06055
587.00000,4515.64111
587.50000,4510.58594
588.00000,4509.61279
588.50000,4514.88135
589.00000,4524.82324
589.50000,4536.58496
590.00000,4545.58643
590.50000,4548.79736
591.00000,4544.08154
591.50000,4535.49072
592.00000,4527.56836
592.50000,4524.44678
593.00000,4526.53271
593.50000,4532.23584
594.00000,4537.27734
594.50000,4538.22412
595.00000,4532.30322
595.50000,4522.15771
596.00000,4511.63672
596.50000,4505.82227
597.00000,4506.48145
597.50000,4513.91309
598.00000,4524.60889
598.50000,4534.78223
599.00000,4540.51514
599.50000,4541.21729
600.00000,4537.26416
600.50000,4530.67920
601.00000,4523.81738
601.50000,4517.70850
602.00000,4512.00781
602.50000,4506.04883
603.00000,4499.52441
603.50000,4493.19336
604.00000,4488.48291
604.50000,4486.79688
605.00000,4488.09375
605.50000,4491.41846
606.00000,4493.93945
606.50000,4493.37891
607.00000,4488.25537
607.50000,4480.28662
608.00000,4471.94238
608.50000,4466.61719
609.00000,4466.31543
609.50000,4472.60449
610.00000,4483.16895
610.50000,4495.02002
611.00000,4504.00635
611.50000,4508.33154
612.00000,4507.43213
612.50000,4503.29102
613.00000,4498.79443
613.50000,4496.72803
614.00000,4497.79736
614.50000,4501.29297
615.00000,4505.09131
615.50000,4506.87598
616.00000,4505.00049
616.50000,4500.13086
617.00000,4493.76367
617.50000,4486.98584
618.00000,4480.19678
618.50000,4472.95752
619.00000,4464.73291
619.50000,4456.05566
620.00000,4448.77295
620.50000,4445.46484
621.00000,4447.89160
621.50000,4456.77783
622.00000,4468.47070
622.50000,4479.51221
623.00000,4486.23730
623.50000,4487.68164
624.00000,4483.89307
624.50000,4477.60791
625.00000,4471.54102
625.50000,4468.19922
626.00000,4467.87939
626.50000,4470.03857
627.00000,4473.27246
627.50000,4476.19336
628.00000,4477.67432
628.50000,4477.30322
629.00000,4475.15283
629.50000,4471.52588
630.00000,4467.62695
630.50000,4464.64502
631.00000,4463.84131
631.50000,4465.65137
632.00000,4470.36279
632.50000,4477.17188
633.00000,4485.34717
633.50000,4494.11328
634.00000,4502.39258
634.50000,4508.90186
635.00000,4512.23584
635.50000,4511.74707
636.00000,4506.46094
636.50000,4497.68652
637.00000,4487.26270
637.50000,4477.39355
638.00000,4469.53174
638.50000,4464.66650
639.00000,4462.87207
639.50000,4463.61230
640.00000,4466.94971
640.50000,4472.08691
641.00000,4478.25342
641.50000,4483.89502
642.00000,4487.07178
642.50000,4485.75928
643.00000,4479.52881
643.50000,4469.60547
644.00000,4457.69727
644.50000,4446.56104
645.00000,4438.21582
645.50000,4434.27979
646.00000,4434.40088
646.50000,4438.57520
647.00000,4445.68555
647.50000,4454.31641
648.00000,4462.87451
648.50000,4469.91260
649.00000,4474.36914
649.50000,4475.75537
650.00000,4474.95752
650.50000,4472.68018
651.00000,4469.79053
651.50000,4466.52881
652.00000,4462.48193
652.50000,4457.60156
653.00000,4452.50830
653.50000,4448.93457
654.00000,4448.31055
654.50000,4451.88574
655.00000,4458.51416
655.50000,4465.99365
656.00000,4471.26416
656.50000,4472.80273
657.00000,4470.20752
657.50000,4465.18066
658.00000,4460.70703
658.50000,4460.03760
659.00000,4464.00439
659.50000,4471.98291
660.00000,4482.54980
660.50000,4492.98975
661.00000,4501.10449
661.50000,4505.21387
662.00000,4505.13379
662.50000,4500.48291
663.00000,4492.77637
663.50000,4483.44336
664.00000,4474.17041
664.50000,4466.33154
665.00000,4460.86670
665.50000,4457.96338
666.00000,4456.99902
666.50000,4457.37158
667.00000,4457.96045
667.50000,4458.09619
668.00000,4457.58154
668.50000,4457.09668
669.00000,4457.88135
669.50000,4461.19287
670.00000,4467.11279
670.50000,4474.66016
671.00000,4481.35498
671.50000,4484.87842
672.00000,4483.31299
672.50000,4477.64160
673.00000,4469.46533
673.50000,4461.67188
674.00000,4456.26807
674.50000,4454.57471
675.00000,4455.20215
675.50000,4456.60254
676.00000,4457.35742
676.50000,4457.36475
677.00000,4457.30566
677.50000,4458.07715
678.00000,4459.95654
678.50000,4462.70215
679.00000,4465.38232
679.50000,4467.42529
680.00000,4468.82861
680.50000,4470.26807
681.00000,4472.57959
681.50000,4476.01367
682.00000,4480.02051
682.50000,4483.68262
683.00000,4486.40088
683.50000,4488.03418
684.00000,4488.99463
684.50000,4489.85498
685.00000,4490.67041
685.50000,4490.84619
686.00000,4489.48291
686.50000,4485.41943
687.00000,4479.25000
687.50000,4472.34473
688.00000,4467.11133
688.50000,4465.12061
689.00000,4467.49170
689.50000,4472.69385
690.00000,4478.49219
690.50000,4481.95313
691.00000,4481.66602
691.50000,4477.05762
692.00000,4469.54932
692.50000,4461.67920
693.00000,4456.22021
693.50000,4454.52588
694.00000,4456.33594
694.50000,4460.33252
695.00000,4464.02148
695.50000,4465.33496
696.00000,4463.34717
696.50000,4458.91846
697.00000,4453.95850
697.50000,4451.16455
698.00000,4452.54395
698.50000,4459.11719
699.00000,4468.69873
699.50000,4478.27002
700.00000,4484.37012
700.50000,4485.62500
701.00000,4481.43311
701.50000,4474.47656
702.00000,4467.00781
702.50000,4461.11084
703.00000,4457.41064
703.50000,4456.15381
704.00000,4456.96777
704.50000,4459.67627
705.00000,4464.93311
705.50000,4472.25537
706.00000,4480.70166
706.50000,4488.18164
707.00000,4492.97705
707.50000,4493.75342
708.00000,4491.34229
708.50000,4487.52539
709.00000,4484.30908
709.50000,4482.65625
710.00000,4482.39355
710.50000,4482.26807
711.00000,4481.03516
711.50000,4478.05273
712.00000,4474.14746
712.50000,4470.64893
713.00000,4468.90820
713.50000,4468.85791
714.00000,4470.05762
714.50000,4471.57813
715.00000,4472.68164
715.50000,4473.00342
716.00000,4472.78906
716.50000,4472.48438
717.00000,4472.77002
717.50000,4474.14990
718.00000,4477.18604
718.50000,4481.93506
719.00000,4487.46143
719.50000,4492.05225
720.00000,4494.04297
720.50000,4492.46436
721.00000,4487.20508
721.50000,4480.56201
722.00000,4474.96436
722.50000,4472.55225
723.00000,4473.61816
723.50000,4477.62207
724.00000,4482.30518
724.50000,4486.09424
725.00000,4488.11230
725.50000,4488.90186
726.00000,4488.83691
726.50000,4487.74658
727.00000,4485.00830
727.50000,4479.52637
728.00000,4471.91455
728.50000,4463.46484
729.00000,4456.35840
729.50000,4452.00342
730.00000,4451.18506
730.50000,4452.96924
731.00000,4455.94775
731.50000,4459.32129
732.00000,4463.00977
732.50000,4467.44043
733.00000,4472.60059
733.50000,4477.50488
734.00000,4480.57617
734.50000,4480.87256
735.00000,4478.67383
735.50000,4474.92969
736.00000,4471.41699
736.50000,4468.89795
737.00000,4466.94189
737.50000,4464.22900
738.00000,4459.42090
738.50000,4452.75439
739.00000,4445.90625
739.50000,4441.97266
740.00000,4442.53760
740.50000,4448.60449
741.00000,4459.40771
741.50000,4472.38135
742.00000,4484.99121
742.50000,4494.98340
743.00000,4501.20313
743.50000,4502.77734
744.00000,4501.33984
744.50000,4498.21924
745.00000,4495.13818
745.50000,4493.10107
746.00000,4492.29004
746.50000,4491.55811
747.00000,4489.71729
747.50000,4485.62988
748.00000,4479.62695
748.50000,4472.36279
749.00000,4465.20801
749.50000,4459.45068
750.00000,4456.65479
750.50000,4457.16162
751.00000,4460.95264
751.50000,4467.41064
752.00000,4474.40332
752.50000,4479.70605
753.00000,4481.48584
753.50000,4479.85400
754.00000,4476.26758
754.50000,4473.64844
755.00000,4474.10889
755.50000,4478.59570
756.00000,4485.20947
756.50000,4491.50146
757.00000,4495.05713
757.50000,4495.17725
758.00000,4492.03418
758.50000,4487.89844
759.00000,4484.58154
759.50000,4483.63525
760.00000,4485.23047
760.50000,4489.50684
761.00000,4495.44531
761.50000,4501.67041
762.00000,4506.15625
762.50000,4507.58105
763.00000,4505.11914
763.50000,4499.39160
764.00000,4492.87646
764.50000,4488.23486
765.00000,4486.98828
765.50000,4488.73877
766.00000,4491.79199
766.50000,4493.52051
767.00000,4492.41064
767.50000,4488.58105
768.00000,4483.90674
768.50000,4480.25781
769.00000,4478.26514
769.50000,4477.41992
770.00000,4476.94727
770.50000,4476.52197
771.00000,4476.81982
771.50000,4478.92236
772.00000,4482.95313
772.50000,4488.05566
773.00000,4492.06250
773.50000,4493.26270
774.00000,4490.89063
774.50000,4487.36035
775.00000,4485.99902
775.50000,4490.07959
776.00000,4499.84473
776.50000,4513.20020
777.00000,4525.23389
777.50000,4532.09521
778.00000,4531.06885
778.50000,4524.62744
779.00000,4515.89209
779.50000,4508.92236
780.00000,4505.75586
780.50000,4507.01904
781.00000,4510.31299
781.50000,4513.46533
782.00000,4514.77979
782.50000,4514.38867
783.00000,4513.08789
783.50000,4512.16064
784.00000,4512.39453
784.50000,4514.32715
785.00000,4517.63574
785.50000,4522.06201
786.00000,4527.01367
786.50000,4531.45801
787.00000,4534.12207
787.50000,4534.35498
788.00000,4532.62744
788.50000,4530.31348
789.00000,4529.49756
789.50000,4531.58447
790.00000,4536.62695
790.50000,4542.50977
791.00000,4546.52441
791.50000,4546.78516
792.00000,4543.33740
792.50000,4537.61768
793.00000,4532.49805
793.50000,4529.54346
794.00000,4528.90479
794.50000,4529.12695
795.00000,4528.80908
795.50000,4527.52246
796.00000,4526.10547
796.50000,4526.53027
797.00000,4529.85303
797.50000,4536.39746
798.00000,4544.83789
798.50000,4552.82617
799.00000,4557.89209
799.50000,4559.04541
800.00000,4556.41504
800.50000,4550.46777
801.00000,4543.20068
801.50000,4536.05859
802.00000,4530.55322
802.50000,4527.59912
803.00000,4528.25977
803.50000,4531.75879
804.00000,4536.65381
804.50000,4540.66064
805.00000,4542.08057
805.50000,4540.12012
806.00000,4536.01270
806.50000,4532.22656
807.00000,4531.64111
807.50000,4535.15039
808.00000,4542.29688
808.50000,4551.47021
809.00000,4560.27686
809.50000,4567.00146
810.00000,4570.99316
810.50000,4572.43164
811.00000,4571.06982
811.50000,4567.85889
812.00000,4563.93848
812.50000,4561.30713
813.00000,4561.47900
813.50000,4565.29004
814.00000,4571.08447
814.50000,4575.82080
815.00000,4575.33740
815.50000,4568.70996
816.00000,4556.75732
816.50000,4542.88330
817.00000,4531.47559
817.50000,4526.22168
818.00000,4527.80762
818.50000,4534.75195
819.00000,4545.28906
819.50000,4556.42676
820.00000,4566.33447
820.50000,4573.25000
821.00000,4576.60596
821.50000,4575.86719
822.00000,4572.52002
822.50000,4568.70703
823.00000,4566.96338
823.50000,4567.94873
824.00000,4571.01563
824.50000,4573.92383
825.00000,4574.67676
825.50000,4572.34473
826.00000,4568.63184
826.50000,4566.03320
827.00000,4567.38916
827.50000,4572.56738
828.00000,4580.39014
828.50000,4588.20801
829.00000,4594.13916
829.50000,4597.29980
830.00000,4598.67432
830.50000,4599.39209
831.00000,4600.19482
831.50000,4600.98193
832.00000,4600.96973
832.50000,4599.27832
833.00000,4595.82764
833.50000,4591.11572
834.00000,4586.81592
834.50000,4584.59961
835.00000,4586.08545
835.50000,4590.54297
836.00000,4596.44580
836.50000,4601.00000
837.00000,4602.22607
837.50000,4598.95410
838.00000,4593.45996
838.50000,4588.72168
839.00000,4587.79297
839.50000,4590.83105
840.00000,4596.76611
840.50000,4603.02393
841.00000,4607.89941
841.50000,4610.97852
842.00000,4613.71533
842.50000,4617.33398
843.00000,4622.06982
843.50000,4626.57520
844.00000,4628.98730
844.50000,4628.57764
845.00000,4626.36572
845.50000,4624.50977
846.00000,4624.83691
846.50000,4627.78076
847.00000,4632.11572
847.50000,4635.90137
848.00000,4638.24414
848.50000,4640.26514
849.00000,4643.83594
849.50000,4650.63477
850.00000,4659.16553
850.50000,4666.82373
851.00000,4670.38037
851.50000,4669.12305
852.00000,4663.78955
852.50000,4657.67529
853.00000,4653.40723
853.50000,4652.59277
854.00000,4653.74023
854.50000,4655.11035
855.00000,4655.25928
855.50000,4654.37402
856.00000,4653.66797
856.50000,4654.34277
857.00000,4656.49805
857.50000,4659.13477
858.00000,4660.77197
858.50000,4660.72461
859.00000,4659.79297
859.50000,4659.74951
860.00000,4662.45898
860.50000,4667.84961
861.00000,4674.76416
861.50000,4681.30273
862.00000,4686.15576
862.50000,4689.01221
863.00000,4690.94336
863.50000,4693.44336
864.00000,4697.81006
864.50000,4703.84473
865.00000,4710.66211
865.50000,4716.92773
866.00000,4721.95117
866.50000,4725.84424
867.00000,4729.78467
867.50000,4735.03320
868.00000,4742.70361
868.50000,4752.02051
869.00000,4761.40088
869.50000,4768.19287
870.00000,4770.68311
870.50000,4767.27637
871.00000,4758.76367
871.50000,4747.66992
872.00000,4737.46240
872.50000,4731.27881
873.00000,4731.30957
873.50000,4738.22217
874.00000,4749.22900
874.50000,4761.33838
875.00000,4771.26953
875.50000,4777.66699
876.00000,4780.35010
876.50000,4781.80273
877.00000,4783.79736
877.50000,4787.14453
878.00000,4790.91699
878.50000,4793.37939
879.00000,4793.29248
879.50000,4790.57617
880.00000,4785.49365
880.50000,4779.24561
881.00000,4772.09277
881.50000,4764.15771
882.00000,4756.12256
882.50000,4749.79688
883.00000,4747.19873
883.50000,4749.45654
884.00000,4756.33740
884.50000,4764.16699
885.00000,4769.56787
885.50000,4770.25439
886.00000,4767.02002
886.50000,4761.77148
887.00000,4757.28223
887.50000,4754.84863
888.00000,4754.65820
888.50000,4755.48633
889.00000,4756.75000
889.50000,4758.31055
890.00000,4760.12891
890.50000,4761.61963
891.00000,4761.72412
891.50000,4759.61328
892.00000,4755.31250
892.50000,4750.75537
893.00000,4748.17480
893.50000,4748.92236
894.00000,4752.27490
894.50000,4756.41748
895.00000,4759.10645
895.50000,4759.39551
896.00000,4757.60498
896.50000,4755.27197
897.00000,4753.21826
897.50000,4751.27246
898.00000,4748.76123
898.50000,4745.22510
899.00000,4741.46387
899.50000,4738.79053
900.00000,4738.73193
900.50000,4741.43311
901.00000,4746.81104
901.50000,4753.76807
902.00000,4761.14063
902.50000,4767.49805
903.00000,4771.51123
903.50000,4771.48242
904.00000,4765.87695
904.50000,4755.61426
905.00000,4742.37891
905.50000,4729.98682
906.00000,4721.71484
906.50000,4720.98975
907.00000,4726.20410
907.50000,4735.29297
908.00000,4744.78271
908.50000,4752.11475
909.00000,4756.31104
909.50000,4759.00635
910.00000,4762.49561
910.50000,4769.23730
911.00000,4778.97510
911.50000,4790.15234
912.00000,4799.46875
912.50000,4804.43066
913.00000,4803.10498
913.50000,4797.10449
914.00000,4788.98340
914.50000,4781.73242
915.00000,4777.12305
915.50000,4775.93896
916.00000,4777.87695
916.50000,4782.10791
917.00000,4788.57275
917.50000,4796.35303
918.00000,4803.96338
918.50000,4808.48877
919.00000,4808.07617
919.50000,4801.72754
920.00000,4791.98682
920.50000,4783.58447
921.00000,4782.24316
921.50000,4789.15332
922.00000,4802.40332
922.50000,4817.02100
923.00000,4827.85547
923.50000,4832.43896
924.00000,4832.89844
924.50000,4833.51318
925.00000,4838.20361
925.50000,4846.50928
926.00000,4855.44141
926.50000,4860.45020
927.00000,4859.97852
927.50000,4854.90186
928.00000,4849.49512
928.50000,4847.58789
929.00000,4851.84424
929.50000,4860.12939
930.00000,4869.91602
930.50000,4878.45703
931.00000,4884.62646
931.50000,4888.03613
932.00000,4889.30762
932.50000,4889.10107
933.00000,4888.01904
933.50000,4887.47168
934.00000,4889.14795
934.50000,4894.67090
935.00000,4903.64404
935.50000,4914.70410
936.00000,4924.88037
936.50000,4931.91406
937.00000,4934.08936
937.50000,4933.25684
938.00000,4931.54736
938.50000,4931.58984
939.00000,4934.61816
939.50000,4941.20703
940.00000,4950.12939
940.50000,4960.08740
941.00000,4969.93652
941.50000,4979.01709
942.00000,4987.08057
942.50000,4994.33594
943.00000,5001.35693
943.50000,5008.87793
944.00000,5017.51709
944.50000,5027.65576
945.00000,5039.55371
945.50000,5052.49561
946.00000,5065.69971
946.50000,5078.10889
947.00000,5089.14014
947.50000,5098.62549
948.00000,5107.69922
948.50000,5117.70264
949.00000,5129.79199
949.50000,5143.21436
950.00000,5155.94727
950.50000,5165.11328
951.00000,5169.26904
951.50000,5167.91895
952.00000,5164.44287
952.50000,5162.31055
953.00000,5164.79736
953.50000,5171.81104
954.00000,5182.11572
954.50000,5192.96289
955.00000,5202.46387
955.50000,5209.60791
956.00000,5215.08496
956.50000,5219.37939
957.00000,5222.82080
957.50000,5225.98682
958.00000,5229.96875
958.50000,5236.21729
959.00000,5245.36475
959.50000,5256.77295
960.00000,5266.92090
960.50000,5271.73193
961.00000,5267.78174
961.50000,5256.59961
962.00000,5241.52930
962.50000,5228.44189
963.00000,5221.07520
963.50000,5221.45703
964.00000,5225.45850
964.50000,5228.81299
965.00000,5227.22070
965.50000,5219.75537
966.00000,5206.71045
966.50000,5191.04590
967.00000,5175.19482
967.50000,5160.96533
968.00000,5148.58105
968.50000,5137.99854
969.00000,5128.88232
969.50000,5120.81641
970.00000,5113.90674
970.50000,5108.16211
971.00000,5103.80273
971.50000,5101.51904
972.00000,5101.39795
972.50000,5103.87598
973.00000,5108.73486
973.50000,5114.86816
974.00000,5120.60254
974.50000,5123.95459
975.00000,5123.43408
975.50000,5118.14551
976.00000,5110.26660
976.50000,5102.66748
977.00000,5098.88623
977.50000,5100.60742
978.00000,5108.73242
978.50000,5120.36670
979.00000,5132.79883
979.50000,5143.62109
980.00000,5152.28369
980.50000,5158.83301
981.00000,5163.60107
981.50000,5166.39453
982.00000,5165.92236
982.50000,5162.57959
983.00000,5157.80518
983.50000,5154.83057
984.00000,5156.36426
984.50000,5164.36328
985.00000,5177.43750
985.50000,5192.59912
986.00000,5207.02246
986.50000,5219.68408
987.00000,5231.21631
987.50000,5243.06299
988.00000,5255.77783
988.50000,5268.58154
989.00000,5280.05420
989.50000,5289.85107
990.00000,5299.45117
990.50000,5311.79004
991.00000,5329.54492
991.50000,5353.48193
992.00000,5380.66113
992.50000,5407.26465
993.00000,5429.94531
993.50000,5447.95410
994.00000,5462.27588
994.50000,5476.40576
995.00000,5492.75586
995.50000,5512.49170
996.00000,5534.87500
996.50000,5559.41455
997.00000,5585.51221
997.50000,5613.21680
998.00000,5642.90674
998.50000,5673.80908
999.00000,5705.09375
999.50000,5735.97510
1000.00000,5766.47852
1000.50000,5797.19629
1001.00000,5828.33789
1001.50000,5858.90918
1002.00000,5885.96875
1002.50000,5907.33301
1003.00000,5920.88428
1003.50000,5927.26807
1004.00000,5929.52295
1004.50000,5930.30615
1005.00000,5931.80176
1005.50000,5934.45068
1006.00000,5937.69824
1006.50000,5940.41699
1007.00000,5940.99658
1007.50000,5936.99854
1008.00000,5925.83447
1008.50000,5902.62500
1009.00000,5868.26367
1009.50000,5825.62207
1010.00000,5781.26660
1010.50000,5742.29395
1011.00000,5712.88281
1011.50000,5690.54492
1012.00000,5668.97607
1012.50000,5641.02441
1013.00000,5605.52393
1013.50000,5565.38721
1014.00000,5527.13867
1014.50000,5495.57129
1015.00000,5472.83252
1015.50000,5456.04883
1016.00000,5441.58398
1016.50000,5427.79785
1017.00000,5415.13770
1017.50000,5405.15186
1018.00000,5398.47412
1018.50000,5393.37939
1019.00000,5387.83594
1019.50000,5380.88281
1020.00000,5373.39014
1020.50000,5367.34277
1021.00000,5363.30176
1021.50000,5360.27246
1022.00000,5355.86816
1022.50000,5348.76123
1023.00000,5339.18115
1023.50000,5329.58936
1024.00000,5321.97461
1024.50000,5316.98291
1025.00000,5312.34766
1025.50000,5305.55127
1026.00000,5295.29053
1026.50000,5283.18359
1027.00000,5272.63135
1027.50000,5266.78369
1028.00000,5266.79199
1028.50000,5272.03760
1029.00000,5278.49121
1029.50000,5282.61279
1030.00000,5281.82031
1030.50000,5276.22412
1031.00000,5266.73291
1031.50000,5256.31250
1032.00000,5247.27490
1032.50000,5241.61475
1033.00000,5239.25684
1033.50000,5240.08740
1034.00000,5243.23730
1034.50000,5247.68701
1035.00000,5252.59521
1035.50000,5256.71191
1036.00000,5258.72021
1036.50000,5257.23193
1037.00000,5252.86963
1037.50000,5247.08789
1038.00000,5242.67480
1038.50000,5241.62451
1039.00000,5245.15820
1039.50000,5251.02930
1040.00000,5256.61230
1040.50000,5259.19678
1041.00000,5258.41553
1041.50000,5254.90137
1042.00000,5250.59326
1042.50000,5246.91992
1043.00000,5244.78125
1043.50000,5244.03320
1044.00000,5244.77539
1044.50000,5247.18457
1045.00000,5250.76123
1045.50000,5254.49219
1046.00000,5256.71240
1046.50000,5256.35645
1047.00000,5252.98926
1047.50000,5248.76318
1048.00000,5245.94092
1048.50000,5246.43555
1049.00000,5249.85107
1049.50000,5254.80811
1050.00000,5259.11230
1050.50000,5261.78174
1051.00000,5263.13525
1051.50000,5264.94873
1052.00000,5268.58838
1052.50000,5274.17920
1053.00000,5280.18359
1053.50000,5284.40967
1054.00000,5285.63281
1054.50000,5284.05225
1055.00000,5280.92285
1055.50000,5278.35449
1056.00000,5277.62061
1056.50000,5278.90332
1057.00000,5281.40771
1057.50000,5284.69531
1058.00000,5288.66650
1058.50000,5293.63721
1059.00000,5299.69629
1059.50000,5305.69922
1060.00000,5309.85059
1060.50000,5310.69043
1061.00000,5308.64209
1061.50000,5305.51172
1062.00000,5304.27197
1062.50000,5306.70068
1063.00000,5312.69873
1063.50000,5319.02783
1064.00000,5321.99316
1064.50000,5319.35693
1065.00000,5312.16162
1065.50000,5303.42822
1066.00000,5297.55566
1066.50000,5297.23242
1067.00000,5302.80762
1067.50000,5310.47070
1068.00000,5315.84131
1068.50000,5315.64502
1069.00000,5310.05371
1069.50000,5301.58740
1070.00000,5295.21484
1070.50000,5294.24658
1071.00000,5299.26074
1071.50000,5306.38574
1072.00000,5311.16650
1072.50000,5311.20459
1073.00000,5308.07910
1073.50000,5306.64844
1074.00000,5311.20313
1074.50000,5323.21729
1075.00000,5339.58740
1075.50000,5354.18604
1076.00000,5361.74561
1076.50000,5362.15430
1077.00000,5359.09277
1077.50000,5357.97803
1078.00000,5361.75781
1078.50000,5370.49512
1079.00000,5381.33887
1079.50000,5390.98193
1080.00000,5397.37744
1080.50000,5400.78711
1081.00000,5401.94043
1081.50000,5400.80225
1082.00000,5397.74512
1082.50000,5393.01855
1083.00000,5388.00537
1083.50000,5384.53711
1084.00000,5384.57031
1084.50000,5388.19189
1085.00000,5394.73047
1085.50000,5403.40771
1086.00000,5412.87305
1086.50000,5422.14795
1087.00000,5429.82861
1087.50000,5434.71240
1088.00000,5435.35303
1088.50000,5432.77393
1089.00000,5428.85791
1089.50000,5426.23535
1090.00000,5426.26953
1090.50000,5429.13037
1091.00000,5433.37939
1091.50000,5437.39844
1092.00000,5439.97656
1092.50000,5440.87939
1093.00000,5439.85693
1093.50000,5436.48389
1094.00000,5431.48047
1094.50000,5426.45410
1095.00000,5424.32959
1095.50000,5427.29736
1096.00000,5437.06592
1096.50000,5450.50391
1097.00000,5463.85742
1097.50000,5473.05664
1098.00000,5477.41650
1098.50000,5478.10596
1099.00000,5478.50000
1099.50000,5481.00195
1100.00000,5486.77344
1100.50000,5494.13525
1101.00000,5501.41602
1101.50000,5507.23779
1102.00000,5511.59668
1102.50000,5515.02295
1103.00000,5518.56982
1103.50000,5523.01465
1104.00000,5529.12158
1104.50000,5536.50635
1105.00000,5544.47021
1105.50000,5551.62744
1106.00000,5556.90088
1106.50000,5559.58447
1107.00000,5560.65674
1107.50000,5561.66309
1108.00000,5564.42090
1108.50000,5569.29932
1109.00000,5575.97021
1109.50000,5583.16992
1110.00000,5589.56104
1110.50000,5593.95996
1111.00000,5596.24756
1111.50000,5596.96777
1112.00000,5597.55664
1112.50000,5600.14648
1113.00000,5607.00439
1113.50000,5619.06201
1114.00000,5634.56787
1114.50000,5650.45068
1115.00000,5663.09668
1115.50000,5670.68994
1116.00000,5673.21387
1116.50000,5673.98535
1117.00000,5675.80078
1117.50000,5680.46582
1118.00000,5687.80859
1118.50000,5697.32764
1119.00000,5707.81641
1119.50000,5718.41846
1120.00000,5727.70313
1120.50000,5734.31494
1121.00000,5736.96533
1121.50000,5736.73535
1122.00000,5736.88721
1122.50000,5742.54102
1123.00000,5755.84375
1123.50000,5776.55371
1124.00000,5801.32910
1124.50000,5824.87695
1125.00000,5843.29053
1125.50000,5855.71436
1126.00000,5863.75977
1126.50000,5869.26025
1127.00000,5875.02148
1127.50000,5883.31543
1128.00000,5896.63916
1128.50000,5915.14502
1129.00000,5937.53955
1129.50000,5958.83594
1130.00000,5973.95508
1130.50000,5977.87695
1131.00000,5974.49854
1131.50000,5970.14600
1132.00000,5973.56543
1132.50000,5988.22119
1133.00000,6013.99121
1133.50000,6044.04395
1134.00000,6072.35547
1134.50000,6095.27002
1135.00000,6114.98047
1135.50000,6134.25439
1136.00000,6154.78467
1136.50000,6175.31396
1137.00000,6192.69189
1137.50000,6205.26221
1138.00000,6213.86426
1138.50000,6221.51367
1139.00000,6232.25781
1139.50000,6249.45361
1140.00000,6274.83740
1140.50000,6307.23389
1141.00000,6345.43506
1141.50000,6385.15771
1142.00000,6422.23975
1142.50000,6452.54932
1143.00000,6477.15723
1143.50000,6500.07422
1144.00000,6529.22070
1144.50000,6570.95654
1145.00000,6631.96045
1145.50000,6708.83838
1146.00000,6796.42871
1146.50000,6888.18848
1147.00000,6977.97021
1147.50000,7063.05371
1148.00000,7144.17383
1148.50000,7224.22510
1149.00000,7306.91553
1149.50000,7394.63916
1150.00000,7488.73975
1150.50000,7589.55859
1151.00000,7694.35645
1151.50000,7800.50391
1152.00000,7904.36426
1152.50000,8002.96240
1153.00000,8091.60059
1153.50000,8169.06592
1154.00000,8232.60547
1154.50000,8278.06738
1155.00000,8305.08398
1155.50000,8307.69434
1156.00000,8284.23242
1156.50000,8236.39160
1157.00000,8163.65576
1157.50000,8077.72559
1158.00000,7986.87402
1158.50000,7898.77930
1159.00000,7815.53955
1159.50000,7734.86621
1160.00000,7651.52441
1160.50000,7562.30811
1161.00000,7466.12207
1161.50000,7366.89941
1162.00000,7267.16016
1162.50000,7168.18750
1163.00000,7070.01563
1163.50000,6974.13281
1164.00000,6884.06055
1164.50000,6804.14063
1165.00000,6740.30566
1165.50000,6689.18945
1166.00000,6646.85645
1166.50000,6606.50098
1167.00000,6563.08691
1167.50000,6514.35156
1168.00000,6462.01758
1168.50000,6408.48096
1169.00000,6356.56934
1169.50000,6308.67578
1170.00000,6268.36377
1170.50000,6238.89648
1171.00000,6220.27881
1171.50000,6212.05762
1172.00000,6208.33887
1172.50000,6204.18408
1173.00000,6196.08301
1173.50000,6184.89160
1174.00000,6172.93652
1174.50000,6162.82764
1175.00000,6155.18164
1175.50000,6149.58545
1176.00000,6144.88428
1176.50000,6141.17773
1177.00000,6139.65723
1177.50000,6140.60791
1178.00000,6143.68848
1178.50000,6147.26514
1179.00000,6149.94287
1179.50000,6151.07129
1180.00000,6151.53857
1180.50000,6152.42676
1181.00000,6154.79736
1181.50000,6158.85010
1182.00000,6164.84180
1182.50000,6172.51855
1183.00000,6181.32471
1183.50000,6190.43359
1184.00000,6198.64307
1184.50000,6204.93799
1185.00000,6208.64648
1185.50000,6210.25977
1186.00000,6210.17627
1186.50000,6209.47119
1187.00000,6209.40576
1187.50000,6212.22559
1188.00000,6219.02783
1188.50000,6230.36035
1189.00000,6244.38916
1189.50000,6257.02246
1190.00000,6263.45313
1190.50000,6262.14014
1191.00000,6255.20166
1191.50000,6247.79395
1192.00000,6245.30078
1192.50000,6250.21875
1193.00000,6260.48633
1193.50000,6270.41602
1194.00000,6273.81787
1194.50000,6268.40186
1195.00000,6255.42969
1195.50000,6238.10938
1196.00000,6221.41553
1196.50000,6208.01514
1197.00000,6198.15234
1197.50000,6189.77490
1198.00000,6180.49170
1198.50000,6168.85547
1199.00000,6154.81689
1199.50000,6139.20166
1200.00000,6123.54346
1200.50000,6108.67627
1201.00000,6094.79688
1201.50000,6081.69824
1202.00000,6069.64404
1202.50000,6058.93799
1203.00000,6049.88672
1203.50000,6042.29150
1204.00000,6034.85205
1204.50000,6026.39648
1205.00000,6016.85303
1205.50000,6007.57080
1206.00000,6001.05908
1206.50000,5998.33838
1207.00000,5999.04053
1207.50000,6001.16357
1208.00000,6002.21875
1208.50000,6001.14990
1209.00000,5999.09766
1209.50000,5997.97070
1210.00000,5999.10205
1210.50000,6000.94775
1211.00000,6000.68311
1211.50000,5995.23779
1212.00000,5985.17188
1212.50000,5973.23340
1213.00000,5964.23584
1213.50000,5960.93604
1214.00000,5963.77881
1214.50000,5967.45313
1215.00000,5966.51270
1215.50000,5956.77686
1216.00000,5940.11133
1216.50000,5921.12256
1217.00000,5906.17822
1217.50000,5898.25000
1218.00000,5897.63525
1218.50000,5898.66797
1219.00000,5896.28857
1219.50000,5886.75342
1220.00000,5870.96436
1220.50000,5851.32861
1221.00000,5832.27783
1221.50000,5816.81934
1222.00000,5807.37842
1222.50000,5802.73828
1223.00000,5801.89404
1223.50000,5802.86279
1224.00000,5803.48486
1224.50000,5801.72314
1225.00000,5796.83301
1225.50000,5789.27148
1226.00000,5780.93359
1226.50000,5774.88086
1227.00000,5774.00049
1227.50000,5779.12793
1228.00000,5787.53809
1228.50000,5794.91602
1229.00000,5797.45850
1229.50000,5794.13770
1230.00000,5786.99072
1230.50000,5780.97803
1231.00000,5779.59717
1231.50000,5782.49756
1232.00000,5785.76855
1232.50000,5784.48779
1233.00000,5778.01563
1233.50000,5769.55273
1234.00000,5765.52979
1234.50000,5769.40332
1235.00000,5781.22510
1235.50000,5795.55078
1236.00000,5806.79639
1236.50000,5811.53223
1237.00000,5812.56641
1237.50000,5813.57031
1238.00000,5817.19287
1238.50000,5822.16357
1239.00000,5825.66064
1239.50000,5825.98584
1240.00000,5823.98340
1240.50000,5821.61523
1241.00000,5820.34131
1241.50000,5820.21631
1242.00000,5821.16797
1242.50000,5824.13428
1243.00000,5831.85889
1243.50000,5845.17871
1244.00000,5861.57031
1244.50000,5874.61523
1245.00000,5878.95703
1245.50000,5872.25488
1246.00000,5858.10010
1246.50000,5844.54395
1247.00000,5838.83350
1247.50000,5842.58301
1248.00000,5853.03174
1248.50000,5865.84326
1249.00000,5877.14209
1249.50000,5885.63428
1250.00000,5891.40039
1250.50000,5895.34131
1251.00000,5898.09375
1251.50000,5901.02930
1252.00000,5905.41260
1252.50000,5912.00830
1253.00000,5919.28125
1253.50000,5925.04590
1254.00000,5927.89697
1254.50000,5929.20947
1255.00000,5932.39697
1255.50000,5940.04053
1256.00000,5951.83252
1256.50000,5964.23535
1257.00000,5972.82324
1257.50000,5975.39893
1258.00000,5974.60400
1258.50000,5975.21338
1259.00000,5981.15869
1259.50000,5991.25537
1260.00000,6001.92285
1260.50000,6008.59131
1261.00000,6010.33789
1261.50000,6008.64990
1262.00000,6007.30176
1262.50000,6008.66895
1263.00000,6012.85059
1263.50000,6016.61475
1264.00000,6016.73242
1264.50000,6011.16016
1265.00000,6002.23389
1265.50000,5993.86523
1266.00000,5990.34180
1266.50000,5992.98926
1267.00000,6000.60645
1267.50000,6008.07373
1268.00000,6011.84961
1268.50000,6010.85156
1269.00000,6008.16260
1269.50000,6007.68652
1270.00000,6011.63477
1270.50000,6018.97412
1271.00000,6026.73242
1271.50000,6032.02490
1272.00000,6034.13916
1272.50000,6034.43457
1273.00000,6034.76123
1273.50000,6035.12842
1274.00000,6033.83496
1274.50000,6029.47168
1275.00000,6022.09277
1275.50000,6015.39160
1276.00000,6013.20166
1276.50000,6017.37891
1277.00000,6025.22705
1277.50000,6032.07959
1278.00000,6033.48145
1278.50000,6028.10254
1279.00000,6017.02148
1279.50000,6005.21289
1280.00000,5996.39746
1280.50000,5992.40869
1281.00000,5991.85205
1281.50000,5992.51367
1282.00000,5992.00537
1282.50000,5989.61084
1283.00000,5985.99170
1283.50000,5982.89355
1284.00000,5981.45313
1284.50000,5981.37598
1285.00000,5981.22314
1285.50000,5979.24316
1286.00000,5975.08496
1286.50000,5969.67822
1287.00000,5965.28320
1287.50000,5963.83008
1288.00000,5966.47021
1288.50000,5971.99121
1289.00000,5977.54102
1289.50000,5979.37500
1290.00000,5975.86572
1290.50000,5967.09912
1291.00000,5955.11865
1291.50000,5943.55518
1292.00000,5934.87402
1292.50000,5928.87158
1293.00000,5923.40234
1293.50000,5915.81641
1294.00000,5905.66797
1294.50000,5894.39209
1295.00000,5884.96924
1295.50000,5879.04541
1296.00000,5876.58789
1296.50000,5874.99170
1297.00000,5871.93115
1297.50000,5866.78516
1298.00000,5862.27100
1298.50000,5861.86914
1299.00000,5868.05811
1299.50000,5878.60010
1300.00000,5888.76807
1300.50000,5893.19482
1301.00000,5889.87646
1301.50000,5879.01318
1302.00000,5866.49609
1302.50000,5857.29834
1303.00000,5855.18896
1303.50000,5859.39941
1304.00000,5867.71875
1304.50000,5875.77930
1305.00000,5880.64600
1305.50000,5880.50586
1306.00000,5877.43066
1306.50000,5873.75391
1307.00000,5871.95557
1307.50000,5872.53125
1308.00000,5874.32227
1308.50000,5874.99854
1309.00000,5873.14014
1309.50000,5868.44336
1310.00000,5862.90674
1310.50000,5858.38623
1311.00000,5855.96973
1311.50000,5855.10547
1312.00000,5854.73584
1312.50000,5853.98193
1313.00000,5853.10352
1313.50000,5853.52637
1314.00000,5856.42822
1314.50000,5862.78564
1315.00000,5872.05273
1315.50000,5882.38867
1316.00000,5891.33887
1316.50000,5896.66895
1317.00000,5896.72607
1317.50000,5890.63281
1318.00000,5881.04688
1318.50000,5871.16992
1319.00000,5864.71729
1319.50000,5863.17969
1320.00000,5866.63379
1320.50000,5871.85986
1321.00000,5876.57910
1321.50000,5880.05029
1322.00000,5883.75977
1322.50000,5889.45361
1323.00000,5896.84521
1323.50000,5903.48828
1324.00000,5905.04883
1324.50000,5900.14404
1325.00000,5889.36670
1325.50000,5876.30176
1326.00000,5865.75439
1326.50000,5861.68652
1327.00000,5864.57471
1327.50000,5872.30811
1328.00000,5882.04150
1328.50000,5890.31250
1329.00000,5895.21143
1329.50000,5896.39014
1330.00000,5895.26855
1330.50000,5892.85498
1331.00000,5889.90332
1331.50000,5886.28955
1332.00000,5881.17529
1332.50000,5874.55273
1333.00000,5866.79346
1333.50000,5858.88477
1334.00000,5851.64111
1334.50000,5845.59521
1335.00000,5841.01904
1335.50000,5838.88232
1336.00000,5841.80127
1336.50000,5850.22754
1337.00000,5863.74463
1337.50000,5878.58936
1338.00000,5889.74219
1338.50000,5892.07861
1339.00000,5885.88037
1339.50000,5874.41406
1340.00000,5863.13037
1340.50000,5856.61230
1341.00000,5857.12305
1341.50000,5863.35596
1342.00000,5871.70264
1342.50000,5878.58594
1343.00000,5882.23242
1343.50000,5882.81543
1344.00000,5882.15088
1344.50000,5883.01172
1345.00000,5887.36523
1345.50000,5894.75732
1346.00000,5902.48291
1346.50000,5906.76221
1347.00000,5906.39551
1347.50000,5902.67969
1348.00000,5899.32080
1348.50000,5899.45850
1349.00000,5903.75195
1349.50000,5909.32373
1350.00000,5913.37354
1350.50000,5914.87744
1351.00000,5916.02051
1351.50000,5918.89990
1352.00000,5923.77783
1352.50000,5928.06299
1353.00000,5928.61572
1353.50000,5925.02441
1354.00000,5919.95117
1354.50000,5917.66846
1355.00000,5919.73779
1355.50000,5924.73193
1356.00000,5929.09180
1356.50000,5930.82715
1357.00000,5930.31982
1357.50000,5930.01904
1358.00000,5931.33936
1358.50000,5933.85840
1359.00000,5935.46094
1359.50000,5934.94873
1360.00000,5933.02051
1360.50000,5931.73730
1361.00000,5932.77393
1361.50000,5935.78125
1362.00000,5939.47607
1362.50000,5943.16553
1363.00000,5947.05664
1363.50000,5951.29639
1364.00000,5954.65430
1364.50000,5955.02490
1365.00000,5949.84277
1365.50000,5940.04492
1366.00000,5928.55762
1366.50000,5919.56787
1367.00000,5914.85791
1367.50000,5914.03955
1368.00000,5914.38135
1368.50000,5914.02441
1369.00000,5913.26855
1369.50000,5914.01025
1370.00000,5917.65039
1370.50000,5924.16406
1371.00000,5930.94824
1371.50000,5935.32471
1372.00000,5935.92676
1372.50000,5933.89014
1373.00000,5931.66064
1373.50000,5931.95020
1374.00000,5935.67529
1374.50000,5941.91895
1375.00000,5947.86035
1375.50000,5951.02100
1376.00000,5950.70703
1376.50000,5948.52686
1377.00000,5947.39844
1377.50000,5949.60254
1378.00000,5955.73828
1378.50000,5964.36475
1379.00000,5972.31592
1379.50000,5976.74756
1380.00000,5976.69141
1380.50000,5972.83496
1381.00000,5966.02979
1381.50000,5958.71484
1382.00000,5953.27393
1382.50000,5952.75342
1383.00000,5958.20117
1383.50000,5969.93994
1384.00000,5984.50000
1384.50000,5997.37646
1385.00000,6002.90381
1385.50000,6001.23291
1386.00000,5994.28320
1386.50000,5986.48242
1387.00000,5981.79688
1387.50000,5982.60742
1388.00000,5987.77881
1388.50000,5994.98340
1389.00000,6001.99414
1389.50000,6007.85303
1390.00000,6012.86475
1390.50000,6017.90869
1391.00000,6023.05615
1391.50000,6026.69336
1392.00000,6026.70801
1392.50000,6021.94482
1393.00000,6012.80859
1393.50000,6003.56494
1394.00000,5998.78320
1394.50000,6001.55420
1395.00000,6010.27734
1395.50000,6020.95801
1396.00000,6027.84717
1396.50000,6027.93750
1397.00000,6020.92529
1397.50000,6010.78369
1398.00000,6000.37451
1398.50000,5991.69141
1399.00000,5985.22510
1399.50000,5981.89355
1400.00000,5982.00586
1400.50000,5985.81885
1401.00000,5992.45801
1401.50000,5998.69434
1402.00000,6001.15723
1402.50000,5998.43701
1403.00000,5992.00977
1403.50000,5984.44385
1404.00000,5978.60010
1404.50000,5975.71143
1405.00000,5975.82666
1405.50000,5977.60303
1406.00000,5980.45166
1406.50000,5984.00684
1407.00000,5988.05420
1407.50000,5992.16162
1408.00000,5995.60791
1408.50000,5997.59668
1409.00000,5997.25342
1409.50000,5994.61182
1410.00000,5989.82031
1410.50000,5984.29053
1411.00000,5979.77002
1411.50000,5978.32959
1412.00000,5979.78271
1412.50000,5982.97852
1413.00000,5985.90381
1413.50000,5987.64111
1414.00000,5988.55908
1414.50000,5989.66113
1415.00000,5990.81934
1415.50000,5989.70703
1416.00000,5984.29297
1416.50000,5973.74756
1417.00000,5960.81885
1417.50000,5950.86670
1418.00000,5949.01758
1418.50000,5954.95996
1419.00000,5965.13916
1419.50000,5974.63379
1420.00000,5980.46143
1420.50000,5982.37988
1421.00000,5982.48340
1421.50000,5983.00049
1422.00000,5984.97314
1422.50000,5988.31299
1423.00000,5993.23096
1423.50000,6000.92920
1424.00000,6011.32520
1424.50000,6023.27295
1425.00000,6033.60010
1425.50000,6039.55078
1426.00000,6039.13037
1426.50000,6034.73730
1427.00000,6029.65576
1427.50000,6027.19971
1428.00000,6027.52637
1428.50000,6028.79639
1429.00000,6028.51123
1429.50000,6026.00488
1430.00000,6022.68945
1430.50000,6021.60596
1431.00000,6024.99414
1431.50000,6033.43994
1432.00000,6043.87158
1432.50000,6052.82568
1433.00000,6058.08691
1433.50000,6060.83203
1434.00000,6064.39111
1434.50000,6071.93213
1435.00000,6084.44678
1435.50000,6099.86621
1436.00000,6113.68848
1436.50000,6121.95068
1437.00000,6124.22998
1437.50000,6123.51172
1438.00000,6124.57959
1438.50000,6130.02734
1439.00000,6139.58496
1439.50000,6149.96582
1440.00000,6157.22949
1440.50000,6158.68848
1441.00000,6155.71045
1441.50000,6151.79785
1442.00000,6151.17822
1442.50000,6154.49414
1443.00000,6159.25781
1443.50000,6160.73682
1444.00000,6156.69287
1444.50000,6148.09863
1445.00000,6140.75879
1445.50000,6140.00098
1446.00000,6149.46387
1446.50000,6163.84668
1447.00000,6176.29639
1447.50000,6180.49512
1448.00000,6177.93311
1448.50000,6174.07617
1449.00000,6175.51563
1449.50000,6184.15479
1450.00000,6197.04053
1450.50000,6207.03223
1451.00000,6208.84619
1451.50000,6201.45508
1452.00000,6188.53516
1452.50000,6173.57471
1453.00000,6158.99023
1453.50000,6145.59180
1454.00000,6134.96094
1454.50000,6128.66748
1455.00000,6128.76953
1455.50000,6134.50244
1456.00000,6142.01074
1456.50000,6146.12500
1457.00000,6144.26660
1457.50000,6137.21484
1458.00000,6127.80078
1458.50000,6119.59277
1459.00000,6114.75928
1459.50000,6113.85742
1460.00000,6116.26758
1460.50000,6121.59766
1461.00000,6127.83496
1461.50000,6132.84033
1462.00000,6134.87939
1462.50000,6135.06787
1463.00000,6136.29980
1463.50000,6141.73584
1464.00000,6151.63721
1464.50000,6163.11328
1465.00000,6170.71094
1465.50000,6170.58008
1466.00000,6162.23779
1466.50000,6151.37695
1467.00000,6143.06299
1467.50000,6139.86230
1468.00000,6140.77490
1468.50000,6143.42627
1469.00000,6145.05859
1469.50000,6144.68994
1470.00000,6142.70215
1470.50000,6140.69922
1471.00000,6140.99707
1471.50000,6145.74658
1472.00000,6155.95850
1472.50000,6171.50342
1473.00000,6187.60938
1473.50000,6199.18066
1474.00000,6202.36279
1474.50000,6199.01855
1475.00000,6194.07471
1475.50000,6193.37256
1476.00000,6198.44580
1476.50000,6207.53906
1477.00000,6216.27490
1477.50000,6223.00293
1478.00000,6229.15527
1478.50000,6237.07568
1479.00000,6247.22656
1479.50000,6256.29248
1480.00000,6261.00488
1480.50000,6260.18994
1481.00000,6257.80469
1481.50000,6257.92920
1482.00000,6262.44971
1482.50000,6269.30469
1483.00000,6275.25830
1483.50000,6279.01611
1484.00000,6282.35547
1484.50000,6288.46436
1485.00000,6297.94238
1485.50000,6309.92334
1486.00000,6322.99658
1486.50000,6337.36475
1487.00000,6355.16162
1487.50000,6376.22412
1488.00000,6397.40576
1488.50000,6412.73828
1489.00000,6420.42236
1489.50000,6422.52002
1490.00000,6426.06250
1490.50000,6436.49170
1491.00000,6456.24414
1491.50000,6479.76855
1492.00000,6501.40967
1492.50000,6517.39648
1493.00000,6529.92822
1493.50000,6542.29053
1494.00000,6557.14502
1494.50000,6574.78027
1495.00000,6594.90234
1495.50000,6616.53662
1496.00000,6639.73389
1496.50000,6664.63867
1497.00000,6690.76123
1497.50000,6718.47412
1498.00000,6748.70752
1498.50000,6782.26904
1499.00000,6819.43994
1499.50000,6857.33105
1500.00000,6893.20605
1500.50000,6925.86816
1501.00000,6957.97656
1501.50000,6994.16406
1502.00000,7037.22559
1502.50000,7087.12744
1503.00000,7143.16553
1503.50000,7202.54395
1504.00000,7264.77148
1504.50000,7329.34473
1505.00000,7394.47021
1505.50000,7457.62744
1506.00000,7518.13965
1506.50000,7577.97266
1507.00000,7641.75732
1507.50000,7711.95557
1508.00000,7788.70654
1508.50000,7868.13086
1509.00000,7945.52441
1509.50000,8018.22803
1510.00000,8087.57861
1510.50000,8155.23047
1511.00000,8221.40723
1511.50000,8284.92969
1512.00000,8342.98633
1512.50000,8393.17969
1513.00000,8434.66016
1513.50000,8465.63867
1514.00000,8488.33008
1514.50000,8504.97168
1515.00000,8518.94629
1515.50000,8533.99121
1516.00000,8551.55371
1516.50000,8570.04199
1517.00000,8585.93848
1517.50000,8594.00879
1518.00000,8591.70020
1518.50000,8575.46484
1519.00000,8540.80273
1519.50000,8490.23730
1520.00000,8426.65234
1520.50000,8358.93066
1521.00000,8294.72363
1521.50000,8236.09863
1522.00000,8176.44971
1522.50000,8108.59424
1523.00000,8029.47754
1523.50000,7946.15918
1524.00000,7868.80713
1524.50000,7803.38281
1525.00000,7746.37012
1525.50000,7686.90137
1526.00000,7617.56201
1526.50000,7538.49268
1527.00000,7457.48828
1527.50000,7382.94092
1528.00000,7319.13672
1528.50000,7262.50781
1529.00000,7208.06982
1529.50000,7153.23096
1530.00000,7098.14258
1530.50000,7042.31982
1531.00000,6982.95752
1531.50000,6917.97021
1532.00000,6848.06738
1532.50000,6780.71533
1533.00000,6724.64014
1533.50000,6687.17285
1534.00000,6662.68408
1534.50000,6644.76367
1535.00000,6625.96143
1535.50000,6603.40869
1536.00000,6577.66357
1536.50000,6551.23926
1537.00000,6525.05566
1537.50000,6499.14355
1538.00000,6474.26758
1538.50000,6452.79053
1539.00000,6436.82861
1539.50000,6425.59912
1540.00000,6416.43115
1540.50000,6405.01270
1541.00000,6389.35938
1541.50000,6369.67090
1542.00000,6348.39209
1542.50000,6326.82568
1543.00000,6305.64795
1543.50000,6285.53906
1544.00000,6269.09131
1544.50000,6258.71875
1545.00000,6255.26758
1545.50000,6257.05908
1546.00000,6258.79883
1546.50000,6255.62354
1547.00000,6245.82373
1547.50000,6231.95166
1548.00000,6219.17188
1548.50000,6211.77588
1549.00000,6210.77246
1549.50000,6214.16797
1550.00000,6217.81885
1550.50000,6219.10303
1551.00000,6218.05078
1551.50000,6216.52393
1552.00000,6216.51514
1552.50000,6217.41406
1553.00000,6217.14014
1553.50000,6213.30566
1554.00000,6206.24805
1554.50000,6198.18164
1555.00000,6192.58057
1555.50000,6191.09277
1556.00000,6192.82520
1556.50000,6194.35303
1557.00000,6194.11035
1557.50000,6193.16113
1558.00000,6194.22559
1558.50000,6199.31299
1559.00000,6206.06738
1559.50000,6209.60938
1560.00000,6204.56494
1560.50000,6192.93018
1561.00000,6179.81982
1561.50000,6172.94043
1562.00000,6175.58252
1562.50000,6187.07568
1563.00000,6199.68506
1563.50000,6206.92334
1564.00000,6205.22168
1564.50000,6198.22266
1565.00000,6189.79053
1565.50000,6183.16260
1566.00000,6178.61084
1566.50000,6175.29590
1567.00000,6172.78906
1567.50000,6172.42725
1568.00000,6176.44922
1568.50000,6184.14795
1569.00000,6193.24561
1569.50000,6199.95703
1570.00000,6202.38818
1570.50000,6201.67920
1571.00000,6202.12793
1571.50000,6206.82764
1572.00000,6216.48926
1572.50000,6227.23047
1573.00000,6234.18115
1573.50000,6233.96338
1574.00000,6228.00000
1574.50000,6220.34277
1575.00000,6215.79150
1575.50000,6216.53564
1576.00000,6221.87305
1576.50000,6227.93750
1577.00000,6231.20752
1577.50000,6230.54053
1578.00000,6227.49268
1578.50000,6224.25000
1579.00000,6222.40723
1579.50000,6222.04639
1580.00000,6222.08057
1580.50000,6221.35938
1581.00000,6219.92871
1581.50000,6219.29102
1582.00000,6220.89258
1582.50000,6225.66992
1583.00000,6231.41064
1583.50000,6234.88525
1584.00000,6232.31396
1584.50000,6223.83203
1585.00000,6212.18359
1585.50000,6202.43115
1586.00000,6197.69531
1586.50000,6198.67969
1587.00000,6200.65430
1587.50000,6198.71729
1588.00000,6190.42041
1588.50000,6178.66504
1589.00000,6168.10449
1589.50000,6162.58154
1590.00000,6162.83154
1590.50000,6167.87988
1591.00000,6174.66553
1591.50000,6182.26367
1592.00000,6190.69043
1592.50000,6199.40967
1593.00000,6206.20117
1593.50000,6208.65381
1594.00000,6205.77930
1594.50000,6198.77832
1595.00000,6192.29443
1595.50000,6189.28125
1596.00000,6189.74756
1596.50000,6190.98975
1597.00000,6190.01465
1597.50000,6186.45313
1598.00000,6182.29248
1598.50000,6180.35791
1599.00000,6180.62695
1599.50000,6180.74805
1600.00000,6177.25732
1600.50000,6169.10352
1601.00000,6157.99512
1601.50000,6149.35303
1602.00000,6147.14453
1602.50000,6152.79248
1603.00000,6162.24365
1603.50000,6170.85059
1604.00000,6174.81006
1604.50000,6173.80322
1605.00000,6170.11230
1605.50000,6167.18604
1606.00000,6165.88525
1606.50000,6164.37939
1607.00000,6159.89453
1607.50000,6150.74365
1608.00000,6139.72266
1608.50000,6132.14990
1609.00000,6134.24756
1609.50000,6144.86182
1610.00000,6159.74219
1610.50000,6170.92822
1611.00000,6172.92285
1611.50000,6164.30615
1612.00000,6151.47070
1612.50000,6140.87402
1613.00000,6137.72070
1613.50000,6140.06348
1614.00000,6144.11768
1614.50000,6144.83301
1615.00000,6140.87939
1615.50000,6133.65576
1616.00000,6127.13525
1616.50000,6124.53467
1617.00000,6128.78857
1617.50000,6138.53467
1618.00000,6151.65381
1618.50000,6164.05225
1619.00000,6172.41943
1619.50000,6173.94971
1620.00000,6169.94238
1620.50000,6163.50049
1621.00000,6159.35840
1621.50000,6159.83203
1622.00000,6164.43701
1622.50000,6169.42822
1623.00000,6170.80762
1623.50000,6165.58057
1624.00000,6155.80127
1624.50000,6145.54395
1625.00000,6139.34326
1625.50000,6137.75684
1626.00000,6139.25635
1626.50000,6140.45898
1627.00000,6139.45020
1627.50000,6136.82178
1628.00000,6135.90967
1628.50000,6138.91992
1629.00000,6145.62354
1629.50000,6151.89844
1630.00000,6152.78418
1630.50000,6145.95068
1631.00000,6134.94287
1631.50000,6127.71777
1632.00000,6130.47217
1632.50000,6144.91211
1633.00000,6165.91455
1633.50000,6182.44824
1634.00000,6184.29932
1634.50000,6171.72949
1635.00000,6152.54834
1635.50000,6137.33447
1636.00000,6131.69287
1636.50000,6134.93701
1637.00000,6140.59131
1637.50000,6142.43506
1638.00000,6139.50098
1638.50000,6135.85596
1639.00000,6135.31689
1639.50000,6139.64648
1640.00000,6145.46826
1640.50000,6149.49609
1641.00000,6150.19922
1641.50000,6148.75146
1642.00000,6146.22607
1642.50000,6143.13037
1643.00000,6139.24707
1643.50000,6134.82422
1644.00000,6131.27881
1644.50000,6130.06592
1645.00000,6131.76416
1645.50000,6135.40430
1646.00000,6140.09424
1646.50000,6144.96729
1647.00000,6149.61572
1647.50000,6153.39600
1648.00000,6155.89014
1648.50000,6156.91016
1649.00000,6157.05029
1649.50000,6156.95313
1650.00000,6155.93799
1650.50000,6152.67236
1651.00000,6146.53662
1651.50000,6138.85303
1652.00000,6133.14209
1652.50000,6132.52539
1653.00000,6135.79688
1653.50000,6138.60010
1654.00000,6135.85498
1654.50000,6127.03174
1655.00000,6114.99365
1655.50000,6105.43262
1656.00000,6101.47168
1656.50000,6103.75146
1657.00000,6110.36377
1657.50000,6119.41309
1658.00000,6130.58740
1658.50000,6142.69092
1659.00000,6153.23291
1659.50000,6158.20850
1660.00000,6156.54980
1660.50000,6149.25342
1661.00000,6141.43262
1661.50000,6138.18213
1662.00000,6142.28564
1662.50000,6150.04883
1663.00000,6157.22900
1663.50000,6159.94531
1664.00000,6158.24756
1664.50000,6153.76172
1665.00000,6149.33838
1665.50000,6145.88525
1666.00000,6142.96680
1666.50000,6139.71826
1667.00000,6136.20801
1667.50000,6133.57617
1668.00000,6132.66797
1668.50000,6133.76025
1669.00000,6136.01416
1669.50000,6138.69482
1670.00000,6141.70313
1670.50000,6145.13867
1671.00000,6148.58887
1671.50000,6150.67822
1672.00000,6150.33643
1672.50000,6147.26709
1673.00000,6143.75586
1673.50000,6142.88379
1674.00000,6147.33789
1674.50000,6155.46826
1675.00000,6164.65674
1675.50000,6171.57178
1676.00000,6174.78662
1676.50000,6173.73633
1677.00000,6169.65527
1677.50000,6162.77490
1678.00000,6152.85059
1678.50000,6141.76416
1679.00000,6132.82666
1679.50000,6130.08545
1680.00000,6133.94531
1680.50000,6143.30566
1681.00000,6154.03564
1681.50000,6163.66992
1682.00000,6171.50586
1682.50000,6178.44434
1683.00000,6183.75488
1683.50000,6185.08936
1684.00000,6180.97656
1684.50000,6171.47021
1685.00000,6161.66846
1685.50000,6156.50244
1686.00000,6158.39014
1686.50000,6163.72266
1687.00000,6167.63721
1687.50000,6166.47217
1688.00000,6161.26123
1688.50000,6156.80273
1689.00000,6157.33691
1689.50000,6163.96094
1690.00000,6174.04736
1690.50000,6182.29346
1691.00000,6184.59863
1691.50000,6181.69385
1692.00000,6177.16699
1692.50000,6175.66504
1693.00000,6179.05078
1693.50000,6186.79883
1694.00000,6195.10059
1694.50000,6199.87402
1695.00000,6197.51172
1695.50000,6187.56055
1696.00000,6172.07520
1696.50000,6155.60791
1697.00000,6144.74707
1697.50000,6144.36084
1698.00000,6155.24268
1698.50000,6171.02637
1699.00000,6183.08740
1699.50000,6185.47754
1700.00000,6180.39111
1700.50000,6174.67139
1701.00000,6174.93994
1701.50000,6182.59863
1702.00000,6192.79541
1702.50000,6199.83252
1703.00000,6203.06201
1703.50000,6207.28906
1704.00000,6216.24561
1704.50000,6228.83838
1705.00000,6237.04199
1705.50000,6233.92139
1706.00000,6219.72852
1706.50000,6202.37988
1707.00000,6191.17627
1707.50000,6189.50195
1708.00000,6193.48828
1708.50000,6196.01123
1709.00000,6193.94385
1709.50000,6189.10449
1710.00000,6187.05176
1710.50000,6191.34521
1711.00000,6201.78027
1711.50000,6213.54492
1712.00000,6223.01514
1712.50000,6228.16357
1713.00000,6230.18066
1713.50000,6230.04688
1714.00000,6228.19141
1714.50000,6224.58154
1715.00000,6219.62402
1715.50000,6215.64795
1716.00000,6215.48730
1716.50000,6220.63135
1717.00000,6228.65332
1717.50000,6236.10352
1718.00000,6239.94531
1718.50000,6240.28125
1719.00000,6240.56104
1719.50000,6244.66797
1720.00000,6254.01855
1720.50000,6266.71875
1721.00000,6278.23975
1721.50000,6284.61230
1722.00000,6285.91992
1722.50000,6284.34473
1723.00000,6281.75293
1723.50000,6278.90381
1724.00000,6274.89600
1724.50000,6269.20557
1725.00000,6263.11621
1725.50000,6258.92627
1726.00000,6258.19775
1726.50000,6260.96484
1727.00000,6266.78174
1727.50000,6274.40381
1728.00000,6284.06494
1728.50000,6295.33887
1729.00000,6305.82666
1729.50000,6310.57080
1730.00000,6307.56982
1730.50000,6298.43799
1731.00000,6288.14404
1731.50000,6282.62354
1732.00000,6285.54150
1732.50000,6295.35107
1733.00000,6308.03662
1733.50000,6321.53564
1734.00000,6334.92725
1734.50000,6347.21924
1735.00000,6354.82568
1735.50000,6355.49658
1736.00000,6348.16260
1736.50000,6336.48340
1737.00000,6326.37744
1737.50000,6323.07031
1738.00000,6324.68555
1738.50000,6327.22363
1739.00000,6326.54883
1739.50000,6322.64844
1740.00000,6318.33789
