280.00000,6650.02686
280.50000,6646.54639
281.00000,6631.77881
281.50000,6622.02979
282.00000,6628.94336
282.50000,6651.30420
283.00000,6677.48682
283.50000,6693.58496
284.00000,6697.82373
284.50000,6693.27246
285.00000,6687.14209
285.50000,6685.27197
286.00000,6688.95020
286.50000,6693.46533
287.00000,6695.84912
287.50000,6695.35498
288.00000,6694.62842
288.50000,6696.51953
289.00000,6702.52539
289.50000,6710.01611
290.00000,6716.33057
290.50000,6720.08105
291.00000,6721.56006
291.50000,6722.00098
292.00000,6722.79102
292.50000,6723.81348
293.00000,6724.54590
293.50000,6725.28857
294.00000,6727.75830
294.50000,6733.99609
295.00000,6745.18555
295.50000,6759.42822
296.00000,6772.31104
296.50000,6779.75830
297.00000,6779.58984
297.50000,6773.33496
298.00000,6764.41846
298.50000,6758.08984
299.00000,6756.65820
299.50000,6761.03369
300.00000,6768.98291
300.50000,6778.71777
301.00000,6788.18018
301.50000,6796.32129
302.00000,6802.37061
302.50000,6806.42090
303.00000,6808.61377
303.50000,6809.54053
304.00000,6810.67578
304.50000,6813.36035
305.00000,6817.78076
305.50000,6823.11816
306.00000,6828.10547
306.50000,6831.84766
307.00000,6834.39990
307.50000,6837.34863
308.00000,6842.08154
308.50000,6849.26660
309.00000,6857.92871
309.50000,6866.36621
310.00000,6872.25879
310.50000,6875.24658
311.00000,6876.16748
311.50000,6876.27637
312.00000,6876.56787
312.50000,6877.15625
313.00000,6877.29688
313.50000,6876.14502
314.00000,6873.29980
314.50000,6869.62305
315.00000,6865.94092
315.50000,6863.18652
316.00000,6861.84521
316.50000,6862.78906
317.00000,6866.23535
317.50000,6872.58643
318.00000,6882.79785
318.50000,6896.00684
319.00000,6911.42383
319.50000,6927.02148
320.00000,6940.56787
320.50000,6949.86426
321.00000,6954.27295
321.50000,6953.66211
322.00000,6947.80225
322.50000,6938.88232
323.00000,6929.55762
323.50000,6923.27783
324.00000,6922.22900
324.50000,6928.76172
325.00000,6941.32861
325.50000,6957.12793
326.00000,6970.96338
326.50000,6979.40723
327.00000,6980.63867
327.50000,6975.95654
328.00000,6968.80469
328.50000,6963.19043
329.00000,6962.21387
329.50000,6966.26074
330.00000,6974.23730
330.50000,6983.45654
331.00000,6991.95361
331.50000,6998.41455
332.00000,7002.58496
332.50000,7004.68994
333.00000,7005.67822
333.50000,7005.98291
334.00000,7006.08936
334.50000,7006.65332
335.00000,7008.80957
335.50000,7013.81592
336.00000,7021.87451
336.50000,7033.22461
337.00000,7046.12646
337.50000,7058.83350
338.00000,7069.09717
338.50000,7075.76465
339.00000,7078.78857
339.50000,7079.88330
340.00000,7080.77295
340.50000,7083.03955
341.00000,7086.93848
341.50000,7092.14453
342.00000,7097.72461
342.50000,7103.31787
343.00000,7109.55176
343.50000,7117.35693
344.00000,7127.26611
344.50000,7139.22168
345.00000,7150.89111
345.50000,7159.51318
346.00000,7162.99121
346.50000,7161.65967
347.00000,7156.48047
347.50000,7150.58447
348.00000,7147.05713
348.50000,7148.48926
349.00000,7153.88916
349.50000,7162.22559
350.00000,7171.56738
350.50000,7180.16895
351.00000,7186.56201
351.50000,7190.36523
352.00000,7191.98096
352.50000,7191.78955
353.00000,7190.98291
353.50000,7190.75928
354.00000,7192.56543
354.50000,7197.51904
355.00000,7206.38428
355.50000,7217.65381
356.00000,7229.65576
356.50000,7240.13086
357.00000,7247.64844
357.50000,7251.10352
358.00000,7251.03027
358.50000,7249.55322
359.00000,7248.21582
359.50000,7247.79443
360.00000,7248.08447
360.50000,7248.01367
361.00000,7246.40723
361.50000,7242.98828
362.00000,7239.40576
362.50000,7237.85205
363.00000,7241.38574
363.50000,7250.31885
364.00000,7264.02246
364.50000,7279.54590
365.00000,7292.66846
365.50000,7300.41016
366.00000,7302.52930
366.50000,7300.79932
367.00000,7297.74805
367.50000,7296.55957
368.00000,7299.01953
368.50000,7304.90137
369.00000,7312.42871
369.50000,7320.06396
370.00000,7326.46777
370.50000,7331.05078
371.00000,7333.05371
371.50000,7333.05713
372.00000,7331.30566
372.50000,7328.32227
373.00000,7325.03223
373.50000,7322.40918
374.00000,7321.15723
374.50000,7321.45410
375.00000,7322.88867
375.50000,7324.62549
376.00000,7326.39941
376.50000,7328.39746
377.00000,7331.04395
377.50000,7334.82715
378.00000,7339.28174
378.50000,7343.30518
379.00000,7345.66064
379.50000,7346.32959
380.00000,7345.96533
380.50000,7346.29248
381.00000,7349.08936
381.50000,7355.61279
382.00000,7364.26123
382.50000,7372.95703
383.00000,7379.02393
383.50000,7381.35840
384.00000,7379.53418
384.50000,7375.17773
385.00000,7371.01807
385.50000,7369.39502
386.00000,7370.76904
386.50000,7374.77783
387.00000,7380.33740
387.50000,7385.85059
388.00000,7390.35352
388.50000,7394.25732
389.00000,7398.65723
389.50000,7405.04297
390.00000,7413.66357
390.50000,7423.94873
391.00000,7433.80127
391.50000,7440.29785
392.00000,7440.91699
392.50000,7436.03760
393.00000,7428.21436
393.50000,7421.64111
394.00000,7420.36621
394.50000,7427.36914
395.00000,7442.89502
395.50000,7460.94482
396.00000,7475.59668
396.50000,7482.11963
397.00000,7479.26221
397.50000,7467.26904
398.00000,7452.94287
398.50000,7443.24609
399.00000,7443.84814
399.50000,7454.84473
400.00000,7475.56201
400.50000,7500.89844
401.00000,7525.86426
401.50000,7544.75439
402.00000,7555.47900
402.50000,7557.87549
403.00000,7553.47900
403.50000,7545.66357
404.00000,7537.29590
404.50000,7531.12793
405.00000,7528.73926
405.50000,7530.91406
406.00000,7535.30859
406.50000,7540.22900
407.00000,7544.06250
407.50000,7546.37842
408.00000,7547.61328
408.50000,7549.33154
409.00000,7552.81543
409.50000,7558.32080
410.00000,7564.36963
410.50000,7569.14990
411.00000,7571.01758
411.50000,7569.78076
412.00000,7566.09912
412.50000,7562.78076
413.00000,7562.18311
413.50000,7566.04443
414.00000,7573.49414
414.50000,7583.36865
415.00000,7593.51025
415.50000,7602.28564
416.00000,7608.86230
416.50000,7614.69092
417.00000,7621.30225
417.50000,7630.22461
418.00000,7641.43066
418.50000,7654.11426
419.00000,7666.02588
419.50000,7674.73584
420.00000,7677.88037
420.50000,7676.36279
421.00000,7671.39063
421.50000,7665.30518
422.00000,7660.74316
422.50000,7660.08154
423.00000,7664.09229
423.50000,7671.37549
424.00000,7680.03906
424.50000,7687.61523
425.00000,7692.47119
425.50000,7693.99951
426.00000,7693.64160
426.50000,7693.90576
427.00000,7697.54053
427.50000,7705.47559
428.00000,7717.83789
428.50000,7731.69580
429.00000,7744.27393
429.50000,7752.82959
430.00000,7756.73633
430.50000,7756.74072
431.00000,7755.60742
431.50000,7755.01709
432.00000,7755.61816
432.50000,7756.43408
433.00000,7756.09912
433.50000,7753.64014
434.00000,7749.94873
434.50000,7747.43945
435.00000,7748.23633
435.50000,7753.23242
436.00000,7762.20703
436.50000,7772.28516
437.00000,7780.59229
437.50000,7784.61475
438.00000,7784.89600
438.50000,7783.11035
439.00000,7782.11328
439.50000,7783.86621
440.00000,7789.54150
440.50000,7797.66260
441.00000,7806.15137
441.50000,7812.39014
442.00000,7815.54150
442.50000,7815.45020
443.00000,7813.90234
443.50000,7812.43457
444.00000,7812.32422
444.50000,7813.53613
445.00000,7815.34180
445.50000,7816.82031
446.00000,7818.03369
446.50000,7820.20996
447.00000,7824.78271
447.50000,7832.97021
448.00000,7845.05811
448.50000,7858.82080
449.00000,7871.09912
449.50000,7879.29785
450.00000,7882.63232
450.50000,7880.50830
451.00000,7875.14648
451.50000,7867.94580
452.00000,7860.25391
452.50000,7853.15332
453.00000,7847.89746
453.50000,7845.79346
454.00000,7847.85010
454.50000,7855.58740
455.00000,7867.10645
455.50000,7880.18164
456.00000,7890.86230
456.50000,7896.50928
457.00000,7895.61816
457.50000,7889.74072
458.00000,7881.06348
458.50000,7871.71875
459.00000,7863.57129
459.50000,7858.01709
460.00000,7856.88623
460.50000,7860.89209
461.00000,7871.98535
461.50000,7889.10107
462.00000,7909.77441
462.50000,7929.57959
463.00000,7943.91260
463.50000,7948.43457
464.00000,7943.08350
464.50000,7932.62891
465.00000,7921.83008
465.50000,7914.91943
466.00000,7913.57764
466.50000,7917.64258
467.00000,7923.66309
467.50000,7928.51953
468.00000,7930.36426
468.50000,7929.49414
469.00000,7926.56396
469.50000,7923.04688
470.00000,7919.86133
470.50000,7917.77734
471.00000,7917.07080
471.50000,7918.22559
472.00000,7920.97168
472.50000,7924.53613
473.00000,7927.85596
473.50000,7930.04248
474.00000,7930.84277
474.50000,7930.94434
475.00000,7931.95996
475.50000,7935.47754
476.00000,7941.26611
476.50000,7947.69336
477.00000,7952.09424
477.50000,7952.90479
478.00000,7949.75830
478.50000,7944.41016
479.00000,7940.76074
479.50000,7942.83252
480.00000,7951.30176
480.50000,7964.06982
481.00000,7977.29102
481.50000,7986.51660
482.00000,7988.61475
482.50000,7982.76270
483.00000,7972.39844
483.50000,7962.07324
484.00000,7955.58984
484.50000,7954.22998
485.00000,7958.48828
485.50000,7965.78516
486.00000,7974.70850
486.50000,7984.35986
487.00000,7994.60986
487.50000,8005.32373
488.00000,8015.18457
488.50000,8022.14600
489.00000,8022.95410
489.50000,8017.53467
490.00000,8006.58594
490.50000,7993.82813
491.00000,7984.49609
491.50000,7983.64844
492.00000,7991.37207
492.50000,8005.62695
493.00000,8022.74414
493.50000,8037.81396
494.00000,8046.99170
494.50000,8048.27148
495.00000,8042.42334
495.50000,8030.89111
496.00000,8017.26074
496.50000,8004.38965
497.00000,7995.68018
497.50000,7992.69141
498.00000,7997.02930
498.50000,8007.83594
499.00000,8022.03320
499.50000,8035.32129
500.00000,8044.36084
500.50000,8047.52197
501.00000,8044.71240
501.50000,8038.97461
502.00000,8033.14209
502.50000,8029.83350
503.00000,8029.97607
503.50000,8032.99023
504.00000,8036.48828
504.50000,8038.79688
505.00000,8038.79883
505.50000,8037.03613
506.00000,8034.67285
506.50000,8033.59277
507.00000,8035.36230
507.50000,8041.43506
508.00000,8050.43311
508.50000,8060.97998
509.00000,8070.90967
509.50000,8078.41748
510.00000,8081.75098
510.50000,8080.79736
511.00000,8076.37891
511.50000,8069.76514
512.00000,8063.52100
512.50000,8059.58301
513.00000,8059.65527
513.50000,8063.72754
514.00000,8071.42871
514.50000,8080.24658
515.00000,8087.36328
515.50000,8088.82813
516.00000,8085.12109
516.50000,8077.87402
517.00000,8071.08105
517.50000,8068.52295
518.00000,8073.49658
518.50000,8084.77539
519.00000,8099.01953
519.50000,8110.71387
520.00000,8116.29590
520.50000,8114.84863
521.00000,8108.62744
521.50000,8101.34229
522.00000,8095.86719
522.50000,8092.79492
523.00000,8090.98535
523.50000,8088.31299
524.00000,8083.83838
524.50000,8078.66553
525.00000,8075.26416
525.50000,8075.35205
526.00000,8079.96729
526.50000,8086.92188
527.00000,8093.41895
527.50000,8096.04443
528.00000,8093.67627
528.50000,8086.83691
529.00000,8078.27441
529.50000,8070.64746
530.00000,8066.45166
530.50000,8066.00830
531.00000,8069.05566
531.50000,8074.66211
532.00000,8081.09082
532.50000,8087.06445
533.00000,8091.87744
533.50000,8095.52783
534.00000,8098.16309
534.50000,8100.40283
535.00000,8102.50342
535.50000,8104.33789
536.00000,8105.46631
536.50000,8105.05273
537.00000,8102.99414
537.50000,8100.00684
538.00000,8097.37061
538.50000,8096.29053
539.00000,8097.51807
539.50000,8100.87451
540.00000,8104.96338
540.50000,8108.16504
541.00000,8109.32666
541.50000,8108.68457
542.00000,8107.28027
542.50000,8106.65918
543.00000,8107.84961
543.50000,8111.05273
544.00000,8115.31201
544.50000,8119.34131
545.00000,8121.82813
545.50000,8122.02393
546.00000,8119.51025
546.50000,8115.11816
547.00000,8109.36914
547.50000,8103.24219
548.00000,8097.88574
548.50000,8094.90381
549.00000,8095.17529
549.50000,8099.12109
550.00000,8106.33643
550.50000,8114.20850
551.00000,8120.37109
551.50000,8122.85938
552.00000,8121.49902
552.50000,8116.79785
553.00000,8111.34277
553.50000,8107.46729
554.00000,8107.47607
554.50000,8111.10107
555.00000,8117.34180
555.50000,8124.47705
556.00000,8131.23242
556.50000,8136.99072
557.00000,8142.10010
557.50000,8146.95459
558.00000,8151.55420
558.50000,8155.16260
559.00000,8156.16309
559.50000,8153.56299
560.00000,8147.60156
560.50000,8139.07471
561.00000,8130.48975
561.50000,8124.00098
562.00000,8121.43457
562.50000,8122.40918
563.00000,8126.08203
563.50000,8130.28662
564.00000,8133.64502
564.50000,8135.70508
565.00000,8137.40332
565.50000,8139.79736
566.00000,8143.73633
566.50000,8148.88477
567.00000,8154.19678
567.50000,8158.00391
568.00000,8159.24268
568.50000,8157.54297
569.00000,8154.65479
569.50000,8152.41846
570.00000,8152.96924
570.50000,8157.11328
571.00000,8165.29004
571.50000,8175.75977
572.00000,8186.22998
572.50000,8193.30664
573.00000,8195.84375
573.50000,8193.20020
574.00000,8186.42920
574.50000,8177.93213
575.00000,8169.81641
575.50000,8163.43359
576.00000,8158.85498
576.50000,8155.18799
577.00000,8150.84814
577.50000,8145.14160
578.00000,8138.92773
578.50000,8134.07861
579.00000,8133.43896
579.50000,8138.14307
580.00000,8148.24902
580.50000,8162.66211
581.00000,8177.92041
581.50000,8190.58691
582.00000,8197.77148
582.50000,8199.20410
583.00000,8194.55859
583.50000,8186.30859
584.00000,8176.47607
584.50000,8167.22168
585.00000,8160.00000
585.50000,8155.97559
586.00000,8155.37354
586.50000,8157.70752
587.00000,8162.55762
587.50000,8168.54688
588.00000,8174.56641
588.50000,8179.13428
589.00000,8181.21191
589.50000,8179.47803
590.00000,8173.80518
590.50000,8165.14111
591.00000,8155.13086
591.50000,8146.88623
592.00000,8143.10205
592.50000,8145.95459
593.00000,8154.60596
593.50000,8167.88916
594.00000,8182.43359
594.50000,8195.17480
595.00000,8202.87793
595.50000,8205.67676
596.00000,8204.14160
596.50000,8200.53418
597.00000,8196.98535
597.50000,8194.57715
598.00000,8193.37109
598.50000,8193.07910
599.00000,8193.82617
599.50000,8195.78516
600.00000,8199.49805
600.50000,8204.88184
601.00000,8210.46289
601.50000,8213.65918
602.00000,8212.68164
602.50000,8207.12695
603.00000,8197.69141
603.50000,8187.50537
604.00000,8179.10352
604.50000,8173.96973
605.00000,8171.31104
605.50000,8169.33057
606.00000,8165.93799
606.50000,8160.98682
607.00000,8156.34619
607.50000,8154.66211
608.00000,8158.43018
608.50000,8167.98730
609.00000,8180.98438
609.50000,8194.01660
610.00000,8203.50879
610.50000,8207.41992
611.00000,8205.31348
611.50000,8200.84473
612.00000,8197.12891
612.50000,8196.81543
613.00000,8200.43359
613.50000,8207.39355
614.00000,8214.61914
614.50000,8219.12695
615.00000,8217.92285
615.50000,8211.12012
616.00000,8199.93359
616.50000,8188.45557
617.00000,8180.16064
617.50000,8178.40283
618.00000,8182.21875
618.50000,8189.65234
619.00000,8197.20313
619.50000,8201.90918
620.00000,8202.14160
620.50000,8199.23828
621.00000,8195.98340
621.50000,8195.29688
622.00000,8197.21094
622.50000,8200.21387
623.00000,8201.41309
623.50000,8199.04883
624.00000,8192.68555
624.50000,8184.99072
625.00000,8179.37158
625.50000,8179.88818
626.00000,8186.28906
626.50000,8196.30762
627.00000,8205.42578
627.50000,8210.26563
628.00000,8208.50000
628.50000,8201.55762
629.00000,8191.96436
629.50000,8182.47852
630.00000,8174.92432
630.50000,8170.06299
631.00000,8167.89404
631.50000,8168.05615
632.00000,8171.06885
632.50000,8176.63916
633.00000,8183.94434
633.50000,8191.18066
634.00000,8196.26953
634.50000,8197.57617
635.00000,8195.17090
635.50000,8190.98096
636.00000,8187.38379
636.50000,8186.01660
637.00000,8186.60791
637.50000,8187.34131
638.00000,8186.37305
638.50000,8182.88037
639.00000,8177.96777
639.50000,8173.81055
640.00000,8173.07861
640.50000,8176.38086
641.00000,8183.22021
641.50000,8191.99609
642.00000,8200.37988
642.50000,8206.88379
643.00000,8211.00098
643.50000,8212.79883
644.00000,8211.60156
644.50000,8207.58496
645.00000,8200.65430
645.50000,8191.32324
646.00000,8181.44482
646.50000,8173.27246
647.00000,8168.87500
647.50000,8168.91748
648.00000,8173.23145
648.50000,8179.15723
649.00000,8184.56543
649.50000,8187.59473
650.00000,8188.21484
650.50000,8187.39404
651.00000,8187.44189
651.50000,8190.30566
652.00000,8197.91602
652.50000,8208.78516
653.00000,8220.51465
653.50000,8229.51758
654.00000,8233.86621
654.50000,8232.37012
655.00000,8226.87012
655.50000,8219.77539
656.00000,8213.35840
656.50000,8208.52246
657.00000,8205.11035
657.50000,8202.33594
658.00000,8199.86035
658.50000,8198.89941
659.00000,8200.95801
659.50000,8206.85742
660.00000,8216.45215
660.50000,8226.84766
661.00000,8234.99121
661.50000,8238.27930
662.00000,8236.63965
662.50000,8230.94824
663.00000,8224.41699
663.50000,8219.65234
664.00000,8218.96875
664.50000,8221.67871
665.00000,8226.90527
665.50000,8232.89941
666.00000,8237.93652
666.50000,8239.96875
667.00000,8238.15137
667.50000,8232.16602
668.00000,8222.66211
668.50000,8212.52246
669.00000,8205.07031
669.50000,8203.26465
670.00000,8207.25586
670.50000,8215.43555
671.00000,8223.58105
671.50000,8228.56543
672.00000,8228.66797
672.50000,8225.82227
673.00000,8222.90430
673.50000,8222.91699
674.00000,8226.63867
674.50000,8233.08789
675.00000,8238.81543
675.50000,8240.96973
676.00000,8238.63867
676.50000,8233.99219
677.00000,8229.50000
677.50000,8227.08105
678.00000,8226.75391
678.50000,8227.15918
679.00000,8226.13965
679.50000,8222.37793
680.00000,8215.97852
680.50000,8208.85449
681.00000,8203.37695
681.50000,8201.30762
682.00000,8202.68652
682.50000,8207.12988
683.00000,8212.49609
683.50000,8217.03613
684.00000,8219.00293
684.50000,8217.85742
685.00000,8213.36035
685.50000,8207.18457
686.00000,8201.46387
686.50000,8199.04199
687.00000,8200.87598
687.50000,8206.94434
688.00000,8214.97266
688.50000,8222.20996
689.00000,8226.39551
689.50000,8227.52734
690.00000,8226.90430
690.50000,8226.73438
691.00000,8228.72070
691.50000,8233.60449
692.00000,8240.41895
692.50000,8247.08496
693.00000,8250.87402
693.50000,8250.20703
694.00000,8244.89453
694.50000,8235.81934
695.00000,8226.18555
695.50000,8219.51855
696.00000,8218.97363
696.50000,8225.24512
697.00000,8238.12207
697.50000,8253.21289
698.00000,8266.33301
698.50000,8273.51953
699.00000,8274.99414
699.50000,8272.72852
700.00000,8271.15039
700.50000,8272.73535
701.00000,8277.70410
701.50000,8282.50977
702.00000,8283.24414
702.50000,8276.59082
703.00000,8263.90137
703.50000,8248.20410
704.00000,8234.71484
704.50000,8226.94531
705.00000,8227.43848
705.50000,8232.99707
706.00000,8240.16699
706.50000,8245.47461
707.00000,8248.06055
707.50000,8248.54688
708.00000,8248.80469
708.50000,8249.87012
709.00000,8251.43262
709.50000,8251.79883
710.00000,8249.18457
710.50000,8242.85449
711.00000,8234.54102
711.50000,8227.21875
712.00000,8224.17871
712.50000,8226.87402
713.00000,8235.45508
713.50000,8246.58398
714.00000,8257.64063
714.50000,8266.32813
715.00000,8272.06348
715.50000,8274.50684
716.00000,8274.39648
716.50000,8272.08789
717.00000,8267.52832
717.50000,8261.79590
718.00000,8256.37793
718.50000,8253.50293
719.00000,8254.16113
719.50000,8257.89844
720.00000,8261.47070
720.50000,8261.43750
721.00000,8254.52734
721.50000,8242.23145
722.00000,8227.76074
722.50000,8216.59863
723.00000,8212.45703
723.50000,8217.82129
724.00000,8228.81445
724.50000,8240.53613
725.00000,8247.18848
725.50000,8246.99902
726.00000,8241.01270
726.50000,8233.31836
727.00000,8227.65234
727.50000,8226.68945
728.00000,8229.30664
728.50000,8233.46582
729.00000,8236.50293
729.50000,8237.02051
730.00000,8234.54980
730.50000,8230.12207
731.00000,8225.07715
731.50000,8220.72070
732.00000,8218.03223
732.50000,8217.99805
733.00000,8221.54590
733.50000,8228.15918
734.00000,8236.92480
734.50000,8245.43848
735.00000,8251.47168
735.50000,8252.67773
736.00000,8250.10645
736.50000,8245.52148
737.00000,8241.96582
737.50000,8241.59473
738.00000,8245.57031
738.50000,8252.28418
739.00000,8259.15430
739.50000,8263.10840
740.00000,8263.24609
740.50000,8259.30859
741.00000,8252.32617
741.50000,8244.25879
742.00000,8236.89453
742.50000,8231.66992
743.00000,8229.36328
743.50000,8230.73340
744.00000,8234.67578
744.50000,8240.36328
745.00000,8246.61816
745.50000,8252.65625
746.00000,8258.35547
746.50000,8264.15430
747.00000,8270.26563
747.50000,8276.21875
748.00000,8280.95703
748.50000,8283.07910
749.00000,8281.90625
749.50000,8278.21387
750.00000,8273.27441
750.50000,8268.93164
751.00000,8266.05273
751.50000,8264.38770
752.00000,8262.42969
752.50000,8258.81055
753.00000,8253.50000
753.50000,8248.25879
754.00000,8246.10547
754.50000,8248.28223
755.00000,8254.30176
755.50000,8261.31348
756.00000,8265.37988
756.50000,8263.20703
757.00000,8254.91602
757.50000,8243.74805
758.00000,8234.75293
758.50000,8231.76172
759.00000,8236.43066
759.50000,8247.52930
760.00000,8260.41895
760.50000,8270.88672
761.00000,8276.82715
761.50000,8279.02441
762.00000,8279.27051
762.50000,8280.18750
763.00000,8283.02930
763.50000,8287.71582
764.00000,8292.68750
764.50000,8295.86816
765.00000,8295.60742
765.50000,8291.30371
766.00000,8282.57715
766.50000,8271.84766
767.00000,8261.53809
767.50000,8254.64063
768.00000,8252.58105
768.50000,8255.88867
769.00000,8262.04883
769.50000,8268.28027
770.00000,8271.67285
770.50000,8271.63477
771.00000,8268.59863
771.50000,8264.57910
772.00000,8261.89160
772.50000,8262.71094
773.00000,8267.31836
773.50000,8274.97949
774.00000,8284.24902
774.50000,8292.86328
775.00000,8299.03906
775.50000,8301.87695
776.00000,8302.04590
776.50000,8300.69336
777.00000,8299.51660
777.50000,8299.47949
778.00000,8301.10254
778.50000,8303.94043
779.00000,8307.75586
779.50000,8312.18848
780.00000,8316.75977
780.50000,8320.55176
781.00000,8322.57422
781.50000,8322.05664
782.00000,8319.02930
782.50000,8315.54688
783.00000,8314.42871
783.50000,8318.10645
784.00000,8326.69727
784.50000,8338.44434
785.00000,8349.13770
785.50000,8355.36133
786.00000,8354.63770
786.50000,8348.39258
787.00000,8338.58105
787.50000,8328.84082
788.00000,8322.12891
788.50000,8321.65527
789.00000,8327.03418
789.50000,8337.23535
790.00000,8349.22168
790.50000,8359.00586
791.00000,8363.00195
791.50000,8360.97070
792.00000,8355.73242
792.50000,8352.60449
793.00000,8355.21094
793.50000,8364.40430
794.00000,8376.92188
794.50000,8387.11914
795.00000,8389.68652
795.50000,8384.01758
796.00000,8373.11719
796.50000,8362.10352
797.00000,8355.66797
797.50000,8356.18848
798.00000,8362.92188
798.50000,8372.39551
799.00000,8381.55957
799.50000,8388.33984
800.00000,8392.17480
800.50000,8392.77246
801.00000,8391.14160
801.50000,8387.56348
802.00000,8382.43164
802.50000,8376.34375
803.00000,8369.69629
803.50000,8363.04199
804.00000,8356.85449
804.50000,8351.94922
805.00000,8348.91016
805.50000,8348.76855
806.00000,8352.10840
806.50000,8358.55176
807.00000,8367.75879
807.50000,8378.00293
808.00000,8387.62402
808.50000,8394.48828
809.00000,8397.60352
809.50000,8395.85645
810.00000,8390.19141
810.50000,8382.79688
811.00000,8376.33887
811.50000,8372.86523
812.00000,8373.32910
812.50000,8377.67480
813.00000,8384.15625
813.50000,8391.78418
814.00000,8399.84180
814.50000,8408.05273
815.00000,8415.97266
815.50000,8422.87109
816.00000,8428.00684
816.50000,8431.38770
817.00000,8434.60352
817.50000,8439.84082
818.00000,8448.14453
818.50000,8458.18262
819.00000,8465.75684
819.50000,8467.24219
820.00000,8460.57617
820.50000,8447.06152
821.00000,8431.73145
821.50000,8419.41406
822.00000,8412.59277
822.50000,8410.65820
823.00000,8411.83789
823.50000,8413.26367
824.00000,8414.03516
824.50000,8414.50684
825.00000,8415.35645
825.50000,8416.57715
826.00000,8417.35059
826.50000,8417.14258
827.00000,8416.50195
827.50000,8417.29688
828.00000,8421.62207
828.50000,8429.99219
829.00000,8440.24902
829.50000,8449.24121
830.00000,8454.42676
830.50000,8455.12207
831.00000,8452.08887
831.50000,8448.37305
832.00000,8446.42285
832.50000,8447.87793
833.00000,8452.63379
833.50000,8460.27344
834.00000,8468.91016
834.50000,8476.79102
835.00000,8481.84766
835.50000,8483.49219
836.00000,8481.55176
836.50000,8477.57129
837.00000,8473.80566
837.50000,8472.62793
838.00000,8474.67773
838.50000,8479.50391
839.00000,8485.96875
839.50000,8492.72949
840.00000,8499.32129
840.50000,8505.72363
841.00000,8511.87012
841.50000,8517.00098
842.00000,8520.30566
842.50000,8521.07129
843.00000,8519.35645
843.50000,8516.85645
844.00000,8515.73633
844.50000,8517.89551
845.00000,8523.81934
845.50000,8533.36328
846.00000,8543.92773
846.50000,8553.07910
847.00000,8558.33984
847.50000,8559.32031
848.00000,8556.24316
848.50000,8551.50684
849.00000,8547.61914
849.50000,8546.89160
850.00000,8548.99609
850.50000,8552.86133
851.00000,8556.57324
851.50000,8558.95898
852.00000,8560.00977
852.50000,8561.09473
853.00000,8563.43066
853.50000,8567.57520
854.00000,8572.23340
854.50000,8575.96191
855.00000,8578.02930
855.50000,8579.54980
856.00000,8583.04785
856.50000,8590.58301
857.00000,8602.59570
857.50000,8618.03711
858.00000,8633.60254
858.50000,8646.83789
859.00000,8656.65430
859.50000,8663.84668
860.00000,8668.94531
860.50000,8672.19727
861.00000,8672.83008
861.50000,8669.64746
862.00000,8663.78809
862.50000,8657.23926
863.00000,8653.06641
863.50000,8653.13281
864.00000,8658.79980
864.50000,8668.36426
865.00000,8680.25293
865.50000,8693.18848
866.00000,8706.24121
866.50000,8718.84668
867.00000,8730.19141
867.50000,8739.49512
868.00000,8745.75391
868.50000,8749.83301
869.00000,8752.98438
869.50000,8756.67090
870.00000,8761.24023
870.50000,8765.81055
871.00000,8768.83398
871.50000,8769.72070
872.00000,8768.98438
872.50000,8768.51953
873.00000,8769.47266
873.50000,8771.61621
874.00000,8773.20020
874.50000,8772.26563
875.00000,8768.52832
875.50000,8763.52832
876.00000,8760.16016
876.50000,8760.33398
877.00000,8764.74902
877.50000,8772.35352
878.00000,8780.80371
878.50000,8788.41211
879.00000,8794.43359
879.50000,8798.76172
880.00000,8800.56738
880.50000,8799.39648
881.00000,8794.14063
881.50000,8784.75977
882.00000,8773.44824
882.50000,8763.45605
883.00000,8757.86426
883.50000,8757.89844
884.00000,8762.91406
884.50000,8768.68848
885.00000,8771.51270
885.50000,8768.85547
886.00000,8761.51465
886.50000,8751.70605
887.00000,8743.40039
887.50000,8739.47852
888.00000,8742.13281
888.50000,8749.48926
889.00000,8759.34375
889.50000,8768.26172
890.00000,8773.70508
890.50000,8773.47266
891.00000,8768.56055
891.50000,8760.81250
892.00000,8753.01660
892.50000,8747.60156
893.00000,8745.85059
893.50000,8746.73633
894.00000,8747.69141
894.50000,8745.54492
895.00000,8739.36328
895.50000,8730.17090
896.00000,8721.30762
896.50000,8716.40430
897.00000,8718.36230
897.50000,8726.42188
898.00000,8737.40234
898.50000,8747.75781
899.00000,8755.18750
899.50000,8759.15723
900.00000,8760.40820
900.50000,8760.59277
901.00000,8760.53027
901.50000,8760.76953
902.00000,8761.86133
902.50000,8765.27246
903.00000,8771.73047
903.50000,8781.61328
904.00000,8793.81348
904.50000,8805.75684
905.00000,8814.85156
905.50000,8820.07617
906.00000,8822.03516
906.50000,8821.50195
907.00000,8819.78516
907.50000,8816.74805
908.00000,8811.98340
908.50000,8806.21973
909.00000,8801.65039
909.50000,8801.05078
910.00000,8805.77734
910.50000,8815.44141
911.00000,8825.48047
911.50000,8831.67969
912.00000,8831.89746
912.50000,8828.98926
913.00000,8828.20117
913.50000,8833.99316
914.00000,8847.14355
914.50000,8864.86523
915.00000,8880.69727
915.50000,8889.65039
916.00000,8890.34863
916.50000,8886.14453
917.00000,8881.32520
917.50000,8879.45020
918.00000,8881.16211
918.50000,8885.05469
919.00000,8888.59375
919.50000,8890.76465
920.00000,8892.42773
920.50000,8895.29102
921.00000,8901.00879
921.50000,8908.96289
922.00000,8917.51465
922.50000,8924.16699
923.00000,8927.59766
923.50000,8927.15820
924.00000,8924.00098
924.50000,8920.07227
925.00000,8917.49902
925.50000,8917.49316
926.00000,8920.50879
926.50000,8926.14746
927.00000,8932.71289
927.50000,8938.71875
928.00000,8943.17188
928.50000,8946.16406
929.00000,8948.58496
929.50000,8952.01660
930.00000,8957.91016
930.50000,8967.51172
931.00000,8980.39551
931.50000,8995.80859
932.00000,9011.38184
932.50000,9024.61523
933.00000,9032.33496
933.50000,9034.89941
934.00000,9033.65625
934.50000,9031.96777
935.00000,9032.94238
935.50000,9038.15430
936.00000,9045.65820
936.50000,9052.28418
937.00000,9054.68066
937.50000,9053.54395
938.00000,9051.62012
938.50000,9053.42480
939.00000,9061.18164
939.50000,9075.14355
940.00000,9091.20313
940.50000,9105.22559
941.00000,9113.79785
941.50000,9118.34961
942.00000,9122.00684
942.50000,9129.60156
943.00000,9144.21582
943.50000,9168.71777
944.00000,9201.11621
944.50000,9238.28125
945.00000,9275.66895
945.50000,9308.74512
946.00000,9334.09375
946.50000,9351.55273
947.00000,9364.60840
947.50000,9377.64551
948.00000,9394.25977
948.50000,9414.82715
949.00000,9436.66211
949.50000,9455.62988
950.00000,9468.68652
950.50000,9476.05176
951.00000,9480.49316
951.50000,9484.58105
952.00000,9489.54199
952.50000,9494.85840
953.00000,9499.65430
953.50000,9504.50391
954.00000,9511.83984
954.50000,9524.21191
955.00000,9541.81738
955.50000,9562.68555
956.00000,9581.69434
956.50000,9594.75195
957.00000,9599.97266
957.50000,9600.79590
958.00000,9601.72461
958.50000,9606.90625
959.00000,9616.97754
959.50000,9629.76758
960.00000,9640.23926
960.50000,9644.38965
961.00000,9640.30371
961.50000,9630.82715
962.00000,9619.67090
962.50000,9611.18066
963.00000,9607.23828
963.50000,9607.79102
964.00000,9608.67090
964.50000,9605.46973
965.00000,9594.12109
965.50000,9574.71973
966.00000,9548.72656
966.50000,9521.42090
967.00000,9497.50000
967.50000,9481.41992
968.00000,9472.19727
968.50000,9467.99414
969.00000,9465.23926
969.50000,9461.23633
970.00000,9455.36523
970.50000,9449.67285
971.00000,9446.93262
971.50000,9450.37109
972.00000,9459.32324
972.50000,9471.87012
973.00000,9483.59375
973.50000,9490.48438
974.00000,9488.73438
974.50000,9479.56836
975.00000,9466.09570
975.50000,9453.27539
976.00000,9445.18262
976.50000,9443.96387
977.00000,9448.03320
977.50000,9453.62891
978.00000,9457.41797
978.50000,9458.93457
979.00000,9460.35059
979.50000,9465.89941
980.00000,9477.55957
980.50000,9495.50195
981.00000,9516.04395
981.50000,9534.88574
982.00000,9548.48633
982.50000,9557.79883
983.00000,9565.24609
983.50000,9574.01074
984.00000,9585.42480
984.50000,9599.29492
985.00000,9614.06055
985.50000,9628.71680
986.00000,9643.29590
986.50000,9658.25977
987.00000,9673.44434
987.50000,9687.63379
988.00000,9699.85547
988.50000,9710.23926
989.00000,9721.42188
989.50000,9736.67871
990.00000,9760.09082
990.50000,9790.12695
991.00000,9824.08789
991.50000,9857.36426
992.00000,9886.94238
992.50000,9912.04785
993.00000,9935.46289
993.50000,9960.45508
994.00000,9990.50781
994.50000,10025.85645
995.00000,10066.80762
995.50000,10113.05664
996.00000,10163.40332
996.50000,10217.27246
997.00000,10272.42383
997.50000,10326.65039
998.00000,10377.92480
998.50000,10426.86621
999.00000,10475.15723
999.50000,10525.00098
1000.00000,10576.77344
1000.50000,10628.72754
1001.00000,10677.82715
1001.50000,10722.20605
1002.00000,10761.58301
1002.50000,10798.79688
1003.00000,10834.93750
1003.50000,10868.05176
1004.00000,10893.74512
1004.50000,10904.29004
1005.00000,10899.23730
1005.50000,10881.65723
1006.00000,10858.08203
1006.50000,10835.78320
1007.00000,10815.99023
1007.50000,10793.23145
1008.00000,10760.10840
1008.50000,10708.39551
1009.00000,10642.26465
1009.50000,10569.84082
1010.00000,10503.04785
1010.50000,10448.51465
1011.00000,10407.61621
1011.50000,10373.51465
1012.00000,10338.35449
1012.50000,10296.56836
1013.00000,10249.85742
1013.50000,10202.37891
1014.00000,10159.10547
1014.50000,10121.19824
1015.00000,10087.75195
1015.50000,10055.83887
1016.00000,10023.95508
1016.50000,9992.92773
1017.00000,9964.39746
1017.50000,9939.59082
1018.00000,9918.23242
1018.50000,9898.54199
1019.00000,9880.16602
1019.50000,9864.43555
1020.00000,9853.67969
1020.50000,9851.26074
1021.00000,9854.90625
1021.50000,9861.05371
1022.00000,9864.11426
1022.50000,9860.99805
1023.00000,9850.99023
1023.50000,9838.12793
1024.00000,9826.53223
1024.50000,9819.33887
1025.00000,9815.38867
1025.50000,9812.58691
1026.00000,9808.77148
1026.50000,9803.71582
1027.00000,9798.49512
1027.50000,9794.11035
1028.00000,9790.11621
1028.50000,9784.54395
1029.00000,9776.12793
1029.50000,9764.74512
1030.00000,9752.21875
1030.50000,9740.56250
1031.00000,9730.62012
1031.50000,9721.18652
1032.00000,9710.99902
1032.50000,9700.10449
1033.00000,9690.57520
1033.50000,9685.12695
1034.00000,9684.46289
1034.50000,9686.17969
1035.00000,9686.50879
1035.50000,9683.40820
1036.00000,9678.11621
1036.50000,9675.10449
1037.00000,9677.75195
1037.50000,9686.53516
1038.00000,9696.44629
1038.50000,9701.39258
1039.00000,9696.25098
1039.50000,9684.69629
1040.00000,9673.50488
1040.50000,9671.32031
1041.00000,9680.14941
1041.50000,9697.64844
1042.00000,9715.36914
1042.50000,9726.31934
1043.00000,9725.69629
1043.50000,9718.00684
1044.00000,9708.77539
1044.50000,9704.03906
1045.00000,9705.60742
1045.50000,9713.14063
1046.00000,9723.39941
1046.50000,9733.81836
1047.00000,9742.95313
1047.50000,9750.96094
1048.00000,9758.14844
1048.50000,9764.79395
1049.00000,9771.06348
1049.50000,9776.79395
1050.00000,9781.57813
1050.50000,9784.56543
1051.00000,9783.77539
1051.50000,9778.90918
1052.00000,9770.28418
1052.50000,9760.71484
1053.00000,9754.26270
1053.50000,9755.61523
1054.00000,9765.35645
1054.50000,9781.05273
1055.00000,9797.57227
1055.50000,9809.09668
1056.00000,9811.70996
1056.50000,9805.74121
1057.00000,9796.08691
1057.50000,9789.00488
1058.00000,9789.19043
1058.50000,9797.86719
1059.00000,9813.10254
1059.50000,9828.47461
1060.00000,9838.25391
1060.50000,9839.25195
1061.00000,9833.25977
1061.50000,9824.37207
1062.00000,9818.76270
1062.50000,9820.30273
1063.00000,9830.29199
1063.50000,9844.12207
1064.00000,9856.36719
1064.50000,9861.89160
1065.00000,9859.49902
1065.50000,9850.24414
1066.00000,9840.13672
1066.50000,9834.51074
1067.00000,9837.75781
1067.50000,9848.45215
1068.00000,9863.38867
1068.50000,9876.79395
1069.00000,9884.81836
1069.50000,9885.38672
1070.00000,9882.41602
1070.50000,9880.41406
1071.00000,9883.88867
1071.50000,9893.00586
1072.00000,9905.53125
1072.50000,9916.62988
1073.00000,9923.08594
1073.50000,9923.36133
1074.00000,9921.12988
1074.50000,9920.13867
1075.00000,9923.54492
1075.50000,9930.87012
1076.00000,9939.84668
1076.50000,9946.95996
1077.00000,9950.42480
1077.50000,9950.01855
1078.00000,9948.85156
1078.50000,9949.93359
1079.00000,9955.71191
1079.50000,9965.91406
1080.00000,9979.34277
1080.50000,9992.85254
1081.00000,10003.78418
1081.50000,10009.39941
1082.00000,10010.18555
1082.50000,10007.08594
1083.00000,10002.79395
1083.50000,10000.28223
1084.00000,10002.34570
1084.50000,10009.06641
1085.00000,10018.91016
1085.50000,10028.83496
1086.00000,10035.69727
1086.50000,10037.47070
1087.00000,10034.82129
1087.50000,10030.89258
1088.00000,10029.66797
1088.50000,10033.29395
1089.00000,10041.51367
1089.50000,10051.75781
1090.00000,10060.27148
1090.50000,10065.00488
1091.00000,10067.23340
1091.50000,10070.46484
1092.00000,10078.79688
1092.50000,10092.18652
1093.00000,10107.79297
1093.50000,10120.34375
1094.00000,10126.89258
1094.50000,10127.46387
1095.00000,10126.82422
1095.50000,10130.05176
1096.00000,10140.79395
1096.50000,10155.85742
1097.00000,10170.23926
1097.50000,10178.53418
1098.00000,10180.54395
1098.50000,10179.17090
1099.00000,10179.90723
1099.50000,10185.72266
1100.00000,10196.91504
1100.50000,10209.13086
1101.00000,10219.10840
1101.50000,10225.81543
1102.00000,10231.62793
1102.50000,10239.43848
1103.00000,10250.03418
1103.50000,10261.51465
1104.00000,10270.18262
1104.50000,10274.70215
1105.00000,10276.11328
1105.50000,10278.28418
1106.00000,10284.63184
1106.50000,10296.94629
1107.00000,10312.71777
1107.50000,10328.40039
1108.00000,10340.57910
1108.50000,10349.28027
1109.00000,10355.77344
1109.50000,10362.10645
1110.00000,10369.18262
1110.50000,10376.51758
1111.00000,10383.11133
1111.50000,10388.86914
1112.00000,10395.11523
1112.50000,10403.56738
1113.00000,10415.37988
1113.50000,10429.76074
1114.00000,10444.38867
1114.50000,10456.97754
1115.00000,10467.33203
1115.50000,10477.01953
1116.00000,10488.83691
1116.50000,10503.92285
1117.00000,10521.71582
1117.50000,10539.38574
1118.00000,10554.36914
1118.50000,10565.28125
1119.00000,10574.10547
1119.50000,10583.27246
1120.00000,10594.92383
1120.50000,10608.97266
1121.00000,10625.05273
1121.50000,10643.16016
1122.00000,10664.35059
1122.50000,10691.20117
1123.00000,10722.95898
1123.50000,10756.90332
1124.00000,10787.62109
1124.50000,10811.36523
1125.00000,10826.59375
1125.50000,10837.22461
1126.00000,10848.86621
1126.50000,10866.99805
1127.00000,10891.51758
1127.50000,10920.12109
1128.00000,10948.81152
1128.50000,10974.92285
1129.00000,10997.73145
1129.50000,11018.65039
1130.00000,11039.07617
1130.50000,11059.51465
1131.00000,11079.69531
1131.50000,11099.18945
1132.00000,11117.85254
1132.50000,11136.01563
1133.00000,11154.05664
1133.50000,11172.62891
1134.00000,11192.71582
1134.50000,11216.63379
1135.00000,11245.43164
1135.50000,11280.33008
1136.00000,11320.95801
1136.50000,11364.86523
1137.00000,11410.02051
1137.50000,11454.53320
1138.00000,11497.61230
1138.50000,11538.58105
1139.00000,11577.44434
1139.50000,11613.64355
1140.00000,11647.37109
1140.50000,11680.38281
1141.00000,11716.24023
1141.50000,11758.87305
1142.00000,11811.40625
1142.50000,11877.03125
1143.00000,11952.78613
1143.50000,12037.15723
1144.00000,12127.85547
1144.50000,12223.78027
1145.00000,12328.02832
1145.50000,12442.64258
1146.00000,12569.52930
1146.50000,12709.61719
1147.00000,12857.80957
1147.50000,13011.10449
1148.00000,13167.62207
1148.50000,13328.29688
1149.00000,13497.52637
1149.50000,13675.78906
1150.00000,13860.85156
1150.50000,14046.30176
1151.00000,14225.10059
1151.50000,14391.97266
1152.00000,14547.11328
1152.50000,14693.50684
1153.00000,14829.77051
1153.50000,14953.14160
1154.00000,15054.97363
1154.50000,15123.26660
1155.00000,15157.36621
1155.50000,15153.03027
1156.00000,15116.36035
1156.50000,15054.94727
1157.00000,14968.84766
1157.50000,14864.38379
1158.00000,14740.95410
1158.50000,14596.71289
1159.00000,14433.98242
1159.50000,14251.20410
1160.00000,14053.52637
1160.50000,13848.80566
1161.00000,13648.04688
1161.50000,13459.63184
1162.00000,13288.24121
1162.50000,13132.15039
1163.00000,12983.47461
1163.50000,12837.55176
1164.00000,12693.66211
1164.50000,12555.53125
1165.00000,12430.29785
1165.50000,12317.81836
1166.00000,12216.97559
1166.50000,12124.24512
1167.00000,12036.98633
1167.50000,11957.65332
1168.00000,11887.75977
1168.50000,11826.94922
1169.00000,11772.58203
1169.50000,11719.17090
1170.00000,11665.19434
1170.50000,11613.41602
1171.00000,11567.87500
1171.50000,11531.91016
1172.00000,11501.68848
1172.50000,11471.83203
1173.00000,11438.31641
1173.50000,11403.66211
1174.00000,11374.86133
1174.50000,11358.64844
1175.00000,11354.69824
1175.50000,11358.19238
1176.00000,11359.30664
1176.50000,11352.55469
1177.00000,11338.21191
1177.50000,11323.72949
1178.00000,11316.48926
1178.50000,11320.03906
1179.00000,11332.37695
1179.50000,11350.31250
1180.00000,11368.76563
1180.50000,11385.19141
1181.00000,11398.26172
1181.50000,11408.49902
1182.00000,11416.26953
1182.50000,11422.89258
1183.00000,11429.91895
1183.50000,11439.28516
1184.00000,11451.55371
1184.50000,11466.71094
1185.00000,11483.65430
1185.50000,11500.25879
1186.00000,11514.04688
1186.50000,11523.38477
1187.00000,11528.37305
1187.50000,11530.75000
1188.00000,11535.11328
1188.50000,11545.67969
1189.00000,11564.44922
1189.50000,11587.73242
1190.00000,11609.30957
1190.50000,11623.17969
1191.00000,11627.79785
1191.50000,11625.46875
1192.00000,11623.20215
1192.50000,11624.53418
1193.00000,11628.15723
1193.50000,11628.64160
1194.00000,11619.12695
1194.50000,11598.45898
1195.00000,11569.91113
1195.50000,11539.47754
1196.00000,11513.23242
1196.50000,11494.21582
1197.00000,11481.92090
1197.50000,11473.18555
1198.00000,11465.43262
1198.50000,11456.37012
1199.00000,11444.58008
1199.50000,11428.28516
1200.00000,11407.55469
1200.50000,11382.38281
1201.00000,11354.65723
1201.50000,11327.37988
1202.00000,11304.37109
1202.50000,11287.58789
1203.00000,11277.66016
1203.50000,11273.73633
1204.00000,11271.69336
1204.50000,11267.72852
1205.00000,11259.31152
1205.50000,11247.10449
1206.00000,11234.20117
1206.50000,11225.37012
1207.00000,11224.32910
1207.50000,11233.12109
1208.00000,11248.23438
1208.50000,11265.65332
1209.00000,11280.22559
1209.50000,11288.85938
1210.00000,11288.77051
1210.50000,11281.97754
1211.00000,11270.33398
1211.50000,11256.44141
1212.00000,11242.89160
1212.50000,11231.07129
1213.00000,11220.97949
1213.50000,11211.88086
1214.00000,11203.30469
1214.50000,11195.20996
1215.00000,11188.10156
1215.50000,11182.20508
1216.00000,11176.61426
1216.50000,11169.61035
1217.00000,11159.89648
1217.50000,11147.39551
1218.00000,11132.61621
1218.50000,11117.19727
1219.00000,11101.84473
1219.50000,11086.81152
1220.00000,11072.31348
1220.50000,11059.44824
1221.00000,11049.36914
1221.50000,11042.51270
1222.00000,11038.31250
1222.50000,11034.11035
1223.00000,11027.87305
1223.50000,11019.23828
1224.00000,11010.22754
1224.50000,11004.01855
1225.00000,11002.33105
1225.50000,11004.92773
1226.00000,11010.26563
1226.50000,11015.58691
1227.00000,11019.16797
1227.50000,11019.88281
1228.00000,11017.30078
1228.50000,11010.08789
1229.00000,10998.99023
1229.50000,10986.04980
1230.00000,10975.53711
1230.50000,10970.95605
1231.00000,10974.42480
1231.50000,10983.65430
1232.00000,10993.77051
1232.50000,11000.13379
1233.00000,11002.20898
1233.50000,11002.53418
1234.00000,11005.75781
1234.50000,11014.26074
1235.00000,11028.14746
1235.50000,11044.14648
1236.00000,11058.83984
1236.50000,11069.66309
1237.00000,11076.92871
1237.50000,11080.99414
1238.00000,11081.74512
1238.50000,11079.84766
1239.00000,11076.49902
1239.50000,11074.94629
1240.00000,11078.40430
1240.50000,11090.10449
1241.00000,11107.16992
1241.50000,11125.22852
1242.00000,11138.37695
1242.50000,11144.25879
1243.00000,11143.00000
1243.50000,11139.26270
1244.00000,11137.68848
1244.50000,11142.39844
1245.00000,11152.39160
1245.50000,11165.61914
1246.00000,11178.54883
1246.50000,11188.54297
1247.00000,11194.08789
1247.50000,11196.55078
1248.00000,11198.43555
1248.50000,11202.77148
1249.00000,11210.06543
1249.50000,11218.82422
1250.00000,11225.31641
1250.50000,11226.83691
1251.00000,11222.45605
1251.50000,11216.24512
1252.00000,11213.36719
1252.50000,11219.19434
1253.00000,11232.41309
1253.50000,11249.49902
1254.00000,11264.75098
1254.50000,11275.35352
1255.00000,11282.00000
1255.50000,11289.60938
1256.00000,11302.40918
1256.50000,11322.90527
1257.00000,11347.67480
1257.50000,11372.30957
1258.00000,11392.07031
1258.50000,11405.11816
1259.00000,11409.71582
1259.50000,11407.67285
1260.00000,11400.60254
1260.50000,11390.98730
1261.00000,11382.59766
1261.50000,11378.69531
1262.00000,11380.16211
1262.50000,11384.70020
1263.00000,11388.45215
1263.50000,11388.58398
1264.00000,11385.27051
1264.50000,11382.02930
1265.00000,11383.01270
1265.50000,11390.80566
1266.00000,11403.55469
1266.50000,11417.30469
1267.00000,11428.58203
1267.50000,11437.47070
1268.00000,11445.56738
1268.50000,11454.29785
1269.00000,11462.98535
1269.50000,11469.36133
1270.00000,11472.18848
1270.50000,11472.67188
1271.00000,11473.76660
1271.50000,11477.47754
1272.00000,11483.06348
1272.50000,11486.79297
1273.00000,11485.55664
1273.50000,11478.34863
1274.00000,11469.05273
1274.50000,11462.24219
1275.00000,11461.55859
1275.50000,11464.50977
1276.00000,11467.16309
1276.50000,11466.24902
1277.00000,11462.66797
1277.50000,11459.94531
1278.00000,11461.30273
1278.50000,11466.51758
1279.00000,11471.61230
1279.50000,11471.55664
1280.00000,11463.59082
1280.50000,11450.14844
1281.00000,11437.75977
1281.50000,11433.84473
1282.00000,11440.37891
1282.50000,11454.78809
1283.00000,11471.13184
1283.50000,11482.91309
1284.00000,11486.80176
1284.50000,11484.55273
1285.00000,11480.85156
1285.50000,11480.18164
1286.00000,11483.97363
1286.50000,11490.92188
1287.00000,11497.31152
1287.50000,11499.16602
1288.00000,11493.04199
1288.50000,11478.64160
1289.00000,11459.20313
1289.50000,11439.62695
1290.00000,11425.22363
1290.50000,11418.83301
1291.00000,11419.98730
1291.50000,11422.74121
1292.00000,11420.59668
1292.50000,11410.03809
1293.00000,11392.83105
1293.50000,11373.56836
1294.00000,11358.31543
1294.50000,11350.77832
1295.00000,11352.58984
1295.50000,11361.21094
1296.00000,11375.09863
1296.50000,11391.03613
1297.00000,11405.29883
1297.50000,11411.98926
1298.00000,11408.92773
1298.50000,11396.32520
1299.00000,11379.90234
1299.50000,11368.59668
1300.00000,11369.87500
1300.50000,11381.76660
1301.00000,11396.22266
1301.50000,11401.27539
1302.00000,11392.29785
1302.50000,11370.07422
1303.00000,11342.95703
1303.50000,11321.25977
1304.00000,11312.86914
1304.50000,11317.06348
1305.00000,11328.65234
1305.50000,11341.01465
1306.00000,11349.05957
1306.50000,11351.15234
1307.00000,11348.99707
1307.50000,11346.10156
1308.00000,11344.87598
1308.50000,11345.32422
1309.00000,11345.92969
1309.50000,11344.52246
1310.00000,11340.76465
1310.50000,11335.71387
1311.00000,11331.93555
1311.50000,11331.47266
1312.00000,11336.17285
1312.50000,11345.40820
1313.00000,11358.35840
1313.50000,11374.08398
1314.00000,11390.06836
1314.50000,11402.61035
1315.00000,11407.08008
1315.50000,11401.76563
1316.00000,11386.32324
1316.50000,11367.44727
1317.00000,11352.22852
1317.50000,11347.51270
1318.00000,11352.43750
1318.50000,11363.05664
1319.00000,11371.77051
1319.50000,11373.63867
1320.00000,11366.72266
1320.50000,11356.42676
1321.00000,11348.71582
1321.50000,11349.11328
1322.00000,11356.91992
1322.50000,11368.42871
1323.00000,11377.74512
1323.50000,11381.73340
1324.00000,11380.09766
1324.50000,11377.79883
1325.00000,11379.40332
1325.50000,11387.49902
1326.00000,11399.14453
1326.50000,11409.19629
1327.00000,11412.97559
1327.50000,11410.04395
1328.00000,11403.39844
1328.50000,11399.50879
1329.00000,11402.77051
1329.50000,11413.55371
1330.00000,11427.42773
1330.50000,11439.60938
1331.00000,11446.81641
1331.50000,11448.63086
1332.00000,11445.57813
1332.50000,11440.61816
1333.00000,11435.54492
1333.50000,11431.86914
1334.00000,11429.97949
1334.50000,11429.47754
1335.00000,11428.44824
1335.50000,11424.77344
1336.00000,11416.78516
1336.50000,11406.85547
1337.00000,11399.11621
1337.50000,11398.83105
1338.00000,11407.78320
1338.50000,11425.80371
1339.00000,11446.76074
1339.50000,11464.57227
1340.00000,11473.56836
1340.50000,11474.55859
1341.00000,11470.09863
1341.50000,11465.29395
1342.00000,11464.06836
1342.50000,11469.01172
1343.00000,11478.70508
1343.50000,11491.61816
1344.00000,11506.49707
1344.50000,11522.07129
1345.00000,11537.59961
1345.50000,11551.97656
1346.00000,11564.00488
1346.50000,11571.57129
1347.00000,11574.36816
1347.50000,11572.48730
1348.00000,11566.96680
1348.50000,11560.57910
1349.00000,11556.00879
1349.50000,11555.23828
1350.00000,11558.60938
1350.50000,11566.04688
1351.00000,11575.06543
1351.50000,11583.34277
1352.00000,11588.26953
1352.50000,11589.10156
1353.00000,11586.01270
1353.50000,11581.94434
1354.00000,11580.58691
1354.50000,11586.45313
1355.00000,11598.84277
1355.50000,11614.11816
1356.00000,11625.21582
1356.50000,11627.49707
1357.00000,11619.03027
1357.50000,11605.05957
1358.00000,11592.28711
1358.50000,11586.89355
1359.00000,11587.83105
1359.50000,11591.97656
1360.00000,11595.62402
1360.50000,11598.49316
1361.00000,11603.85645
1361.50000,11614.38965
1362.00000,11628.36133
1362.50000,11639.71484
1363.00000,11643.22168
1363.50000,11637.05566
1364.00000,11625.44141
1364.50000,11615.31641
1365.00000,11611.43457
1365.50000,11612.07813
1366.00000,11612.62207
1366.50000,11608.25781
1367.00000,11599.74512
1367.50000,11591.06055
1368.00000,11587.19043
1368.50000,11589.09277
1369.00000,11595.12402
1369.50000,11600.95703
1370.00000,11604.09375
1370.50000,11604.11035
1371.00000,11603.43359
1371.50000,11604.52344
1372.00000,11608.99609
1372.50000,11616.56934
1373.00000,11626.22852
1373.50000,11635.60840
1374.00000,11643.11914
1374.50000,11648.39453
1375.00000,11653.32715
1375.50000,11660.41504
1376.00000,11670.93848
1376.50000,11683.34766
1377.00000,11693.47266
1377.50000,11697.66309
1378.00000,11694.62988
1378.50000,11686.78418
1379.00000,11680.09961
1379.50000,11679.80566
1380.00000,11686.81641
1380.50000,11698.47754
1381.00000,11711.51465
1381.50000,11723.23047
1382.00000,11733.08887
1382.50000,11741.60449
1383.00000,11749.40527
1383.50000,11756.10645
1384.00000,11761.26270
1384.50000,11764.96484
1385.00000,11767.63672
1385.50000,11770.13965
1386.00000,11772.66406
1386.50000,11775.40820
1387.00000,11779.16113
1387.50000,11786.00684
1388.00000,11797.33008
1388.50000,11812.65918
1389.00000,11829.07520
1389.50000,11841.60938
1390.00000,11846.13281
1390.50000,11841.84961
1391.00000,11833.60645
1391.50000,11827.33496
1392.00000,11826.74805
1392.50000,11831.38965
1393.00000,11837.43945
1393.50000,11839.69727
1394.00000,11834.88770
1394.50000,11823.51465
1395.00000,11809.80469
1395.50000,11799.00781
1396.00000,11795.09766
1396.50000,11799.39551
1397.00000,11811.11914
1397.50000,11825.25488
1398.00000,11836.99023
1398.50000,11842.10156
1399.00000,11840.10156
1399.50000,11832.50391
1400.00000,11824.68555
1400.50000,11820.87988
1401.00000,11823.70020
1401.50000,11830.71289
1402.00000,11838.44238
1402.50000,11843.51855
1403.00000,11845.02148
1403.50000,11842.86914
1404.00000,11838.70898
1404.50000,11833.66895
1405.00000,11829.45313
1405.50000,11828.24121
1406.00000,11833.24609
1406.50000,11845.75293
1407.00000,11863.73047
1407.50000,11882.14258
1408.00000,11895.24902
1408.50000,11899.87109
1409.00000,11896.40332
1409.50000,11889.98828
1410.00000,11884.81152
1410.50000,11882.17480
1411.00000,11879.73438
1411.50000,11872.87207
1412.00000,11860.68066
1412.50000,11846.40430
1413.00000,11837.89648
1413.50000,11840.27441
1414.00000,11855.45898
1414.50000,11876.54590
1415.00000,11895.00977
1415.50000,11903.12109
1416.00000,11903.31445
1416.50000,11901.40039
1417.00000,11904.71484
1417.50000,11914.62500
1418.00000,11926.84473
1418.50000,11934.99219
1419.00000,11937.24805
1419.50000,11936.52637
1420.00000,11938.48340
1420.50000,11944.96582
1421.00000,11952.00781
1421.50000,11953.65527
1422.00000,11946.23535
1422.50000,11935.28906
1423.00000,11929.85059
1423.50000,11938.56641
1424.00000,11958.28125
1424.50000,11981.83691
1425.00000,11999.04297
1425.50000,12005.04102
1426.00000,11998.46191
1426.50000,11985.58008
1427.00000,11972.27344
1427.50000,11964.88770
1428.00000,11966.55762
1428.50000,11979.55859
1429.00000,12001.72363
1429.50000,12026.52539
1430.00000,12044.66992
1430.50000,12050.54590
1431.00000,12043.95898
1431.50000,12031.46777
1432.00000,12024.16309
1432.50000,12030.88379
1433.00000,12051.38477
1433.50000,12077.60547
1434.00000,12100.60156
1434.50000,12116.25488
1435.00000,12125.94141
1435.50000,12134.92090
1436.00000,12147.23047
1436.50000,12162.17480
1437.00000,12173.99707
1437.50000,12177.23438
1438.00000,12169.67773
1438.50000,12159.45898
1439.00000,12155.49023
1439.50000,12165.00000
1440.00000,12184.97656
1440.50000,12207.66699
1441.00000,12222.71289
1441.50000,12225.62207
1442.00000,12216.22363
1442.50000,12203.52930
1443.00000,12193.58789
1443.50000,12188.58105
1444.00000,12186.03906
1444.50000,12183.26758
1445.00000,12179.24512
1445.50000,12175.18555
1446.00000,12174.08301
1446.50000,12177.93652
1447.00000,12189.06738
1447.50000,12208.32324
1448.00000,12232.36523
1448.50000,12255.96094
1449.00000,12272.60840
1449.50000,12278.81738
1450.00000,12274.33105
1450.50000,12266.47852
1451.00000,12260.63965
1451.50000,12258.02051
1452.00000,12254.23633
1452.50000,12243.70801
1453.00000,12227.86328
1453.50000,12213.16602
1454.00000,12208.80566
1454.50000,12215.41406
1455.00000,12227.76563
1455.50000,12235.25879
1456.00000,12231.98047
1456.50000,12218.06934
1457.00000,12203.64453
1457.50000,12196.64063
1458.00000,12200.64648
1458.50000,12210.81445
1459.00000,12222.71973
1459.50000,12233.79004
1460.00000,12244.76563
1460.50000,12257.23926
1461.00000,12270.07617
1461.50000,12279.50000
1462.00000,12280.64258
1462.50000,12273.42090
1463.00000,12259.43457
1463.50000,12243.78223
1464.00000,12230.95898
1464.50000,12224.87402
1465.00000,12224.95508
1465.50000,12229.99316
1466.00000,12237.82129
1466.50000,12245.99609
1467.00000,12253.81934
1467.50000,12261.68945
1468.00000,12270.17773
1468.50000,12279.11133
1469.00000,12286.95215
1469.50000,12291.81445
1470.00000,12292.83105
1470.50000,12292.35059
1471.00000,12294.61230
1471.50000,12302.80273
1472.00000,12316.72852
1472.50000,12332.92969
1473.00000,12345.19434
1473.50000,12349.00293
1474.00000,12344.06152
1474.50000,12336.01758
1475.00000,12332.44824
1475.50000,12337.51074
1476.00000,12350.36816
1476.50000,12367.20898
1477.00000,12382.34570
1477.50000,12392.86621
1478.00000,12398.67773
1478.50000,12401.76855
1479.00000,12403.14941
1479.50000,12403.78516
1480.00000,12404.97949
1480.50000,12409.70801
1481.00000,12419.71484
1481.50000,12435.42773
1482.00000,12453.53711
1482.50000,12469.59082
1483.00000,12480.87207
1483.50000,12490.53906
1484.00000,12504.28809
1484.50000,12527.29590
1485.00000,12556.80371
1485.50000,12586.67773
1486.00000,12609.25391
1486.50000,12622.20020
1487.00000,12627.59375
1487.50000,12633.89551
1488.00000,12648.16992
1488.50000,12673.60840
1489.00000,12705.46875
1489.50000,12738.21191
1490.00000,12766.28418
1490.50000,12787.94824
1491.00000,12803.57227
1491.50000,12817.54199
1492.00000,12833.19922
1492.50000,12852.52734
1493.00000,12874.32813
1493.50000,12897.72461
1494.00000,12923.07520
1494.50000,12952.61523
1495.00000,12991.54102
1495.50000,13040.49414
1496.00000,13098.79102
1496.50000,13162.48340
1497.00000,13225.92090
1497.50000,13286.29395
1498.00000,13344.11426
1498.50000,13401.50391
1499.00000,13461.08594
1499.50000,13523.78320
1500.00000,13590.14551
1500.50000,13660.35547
1501.00000,13733.78320
1501.50000,13810.84766
1502.00000,13891.91504
1502.50000,13978.12988
1503.00000,14072.86816
1503.50000,14176.01270
1504.00000,14287.55762
1504.50000,14404.79590
1505.00000,14523.58789
1505.50000,14641.77734
1506.00000,14759.58691
1506.50000,14878.05762
1507.00000,14997.35742
1507.50000,15115.80273
1508.00000,15231.49414
1508.50000,15344.50684
1509.00000,15457.67480
1509.50000,15574.25684
1510.00000,15693.37109
1510.50000,15810.36035
1511.00000,15916.57715
1511.50000,16008.14844
1512.00000,16082.26270
1512.50000,16141.40625
1513.00000,16190.15430
1513.50000,16229.28125
1514.00000,16260.35156
1514.50000,16283.50488
1515.00000,16299.14551
1515.50000,16309.87109
1516.00000,16314.90039
1516.50000,16311.38672
1517.00000,16295.69238
1517.50000,16262.88379
1518.00000,16216.45020
1518.50000,16159.33984
1519.00000,16094.10938
1519.50000,16023.16309
1520.00000,15944.92285
1520.50000,15858.43555
1521.00000,15764.21094
1521.50000,15663.09570
1522.00000,15558.47070
1522.50000,15451.84668
1523.00000,15344.27734
1523.50000,15236.41602
1524.00000,15127.87891
1524.50000,15017.22461
1525.00000,14902.70703
1525.50000,14783.61035
1526.00000,14664.19922
1526.50000,14550.22852
1527.00000,14446.81641
1527.50000,14351.58105
1528.00000,14257.61230
1528.50000,14155.94824
1529.00000,14044.17969
1529.50000,13929.50879
1530.00000,13824.50977
1530.50000,13737.75195
1531.00000,13668.22754
1531.50000,13604.47949
1532.00000,13535.72070
1532.50000,13458.67773
1533.00000,13378.52051
1533.50000,13303.91895
1534.00000,13236.85156
1534.50000,13174.99316
1535.00000,13114.34082
1535.50000,13054.84570
1536.00000,13002.25781
1536.50000,12960.89746
1537.00000,12929.25586
1537.50000,12900.15820
1538.00000,12866.98438
1538.50000,12830.17871
1539.00000,12797.70996
1539.50000,12776.93848
1540.00000,12771.24121
1540.50000,12770.66406
1541.00000,12763.66406
1541.50000,12742.66113
1542.00000,12713.24219
1542.50000,12684.76270
1543.00000,12666.37012
1543.50000,12659.41211
1544.00000,12661.06934
1544.50000,12663.56250
1545.00000,12662.68164
1545.50000,12656.52344
1546.00000,12645.55664
1546.50000,12628.77344
1547.00000,12606.73145
1547.50000,12582.49414
1548.00000,12562.85547
1548.50000,12553.34570
1549.00000,12556.37891
1549.50000,12570.16699
1550.00000,12587.60547
1550.50000,12603.13867
1551.00000,12613.76074
1551.50000,12619.63574
1552.00000,12620.82715
1552.50000,12618.45703
1553.00000,12611.82910
1553.50000,12600.86328
1554.00000,12588.11719
1554.50000,12577.71777
1555.00000,12574.08398
1555.50000,12579.67578
1556.00000,12594.92383
1556.50000,12613.46875
1557.00000,12628.94336
1557.50000,12634.32324
1558.00000,12627.76367
1558.50000,12609.33691
1559.00000,12585.78613
1559.50000,12564.08203
1560.00000,12549.99707
1560.50000,12542.92969
1561.00000,12541.47266
1561.50000,12543.47559
1562.00000,12547.62500
1562.50000,12554.01465
1563.00000,12560.99609
1563.50000,12565.34863
1564.00000,12562.58496
1564.50000,12552.91504
1565.00000,12538.73242
1565.50000,12525.49219
1566.00000,12517.11426
1566.50000,12515.53809
1567.00000,12517.52734
1567.50000,12521.11816
1568.00000,12526.62012
1568.50000,12535.11719
1569.00000,12547.44336
1569.50000,12561.93652
1570.00000,12575.97949
1570.50000,12588.73047
1571.00000,12602.00391
1571.50000,12616.93359
1572.00000,12630.73340
1572.50000,12637.19629
1573.00000,12628.87793
1573.50000,12605.88867
1574.00000,12578.54297
1574.50000,12562.27441
1575.00000,12564.22949
1575.50000,12582.95215
1576.00000,12607.84473
1576.50000,12625.85352
1577.00000,12629.82227
1577.50000,12624.95996
1578.00000,12621.04102
1578.50000,12626.26172
1579.00000,12639.33594
1579.50000,12655.17090
1580.00000,12666.53027
1580.50000,12669.99512
1581.00000,12665.46191
1581.50000,12657.17676
1582.00000,12648.99609
1582.50000,12644.51855
1583.00000,12644.61816
1583.50000,12649.22559
1584.00000,12656.02539
1584.50000,12661.04883
1585.00000,12660.58691
1585.50000,12654.07520
1586.00000,12643.29980
1586.50000,12630.91016
1587.00000,12619.70996
1587.50000,12611.28711
1588.00000,12606.89355
1588.50000,12607.51953
1589.00000,12615.89941
1589.50000,12631.29785
1590.00000,12650.13672
1590.50000,12665.08105
1591.00000,12669.83203
1591.50000,12661.89551
1592.00000,12645.76367
1592.50000,12629.32520
1593.00000,12619.23242
1593.50000,12616.37695
1594.00000,12618.16992
1594.50000,12621.17383
1595.00000,12623.78809
1595.50000,12627.09082
1596.00000,12632.12598
1596.50000,12637.93945
1597.00000,12641.94043
1597.50000,12642.51563
1598.00000,12640.15723
1598.50000,12637.05566
1599.00000,12634.55762
1599.50000,12631.65137
1600.00000,12626.04102
1600.50000,12616.83887
1601.00000,12604.94922
1601.50000,12593.95703
1602.00000,12586.36914
1602.50000,12583.51367
1603.00000,12584.50781
1603.50000,12589.70605
1604.00000,12599.06445
1604.50000,12611.37988
1605.00000,12622.90625
1605.50000,12629.08887
1606.00000,12627.02246
1606.50000,12617.40137
1607.00000,12606.25684
1607.50000,12600.24902
1608.00000,12603.36914
1608.50000,12613.73438
1609.00000,12627.58496
1609.50000,12639.71387
1610.00000,12647.12305
1610.50000,12648.20117
1611.00000,12643.61328
1611.50000,12633.33301
1612.00000,12619.55566
1612.50000,12605.06445
1613.00000,12593.87305
1613.50000,12587.97656
1614.00000,12587.98438
1614.50000,12591.98145
1615.00000,12596.65039
1615.50000,12600.75684
1616.00000,12604.92871
1616.50000,12609.87793
1617.00000,12614.48047
1617.50000,12615.68262
1618.00000,12610.64063
1618.50000,12601.08789
1619.00000,12593.09277
1619.50000,12594.55566
1620.00000,12607.68555
1620.50000,12629.21875
1621.00000,12651.32129
1621.50000,12666.79980
1622.00000,12673.11328
1622.50000,12671.97656
1623.00000,12666.26465
1623.50000,12655.27344
1624.00000,12638.24512
1624.50000,12615.99707
1625.00000,12593.75195
1625.50000,12578.27930
1626.00000,12575.22168
1626.50000,12584.51660
1627.00000,12600.72168
1627.50000,12617.45215
1628.00000,12629.58887
1628.50000,12635.25488
1629.00000,12633.79980
1629.50000,12627.62012
1630.00000,12618.69531
1630.50000,12610.40039
1631.00000,12605.38672
1631.50000,12605.55762
1632.00000,12609.72656
1632.50000,12617.07715
1633.00000,12627.65039
1633.50000,12641.57520
1634.00000,12659.16016
1634.50000,12677.59082
1635.00000,12692.69141
1635.50000,12698.19824
1636.00000,12692.91895
1636.50000,12676.95605
1637.00000,12653.53809
1637.50000,12629.61230
1638.00000,12611.45313
1638.50000,12603.45996
1639.00000,12606.83691
1639.50000,12622.33008
1640.00000,12643.35547
1640.50000,12664.26172
1641.00000,12680.37500
1641.50000,12691.18457
1642.00000,12697.20117
1642.50000,12700.06543
1643.00000,12699.79297
1643.50000,12695.02734
1644.00000,12688.13867
1644.50000,12683.84668
1645.00000,12688.79883
1645.50000,12704.69531
1646.00000,12728.41309
1646.50000,12748.20313
1647.00000,12754.83594
1647.50000,12743.40527
1648.00000,12723.06445
1648.50000,12703.27539
1649.00000,12690.92480
1649.50000,12683.37598
1650.00000,12672.49805
1650.50000,12654.24316
1651.00000,12632.51660
1651.50000,12619.11230
1652.00000,12622.43750
1652.50000,12645.35352
1653.00000,12676.11523
1653.50000,12700.59766
1654.00000,12706.80469
1654.50000,12696.28320
1655.00000,12675.95703
1655.50000,12656.56348
1656.00000,12645.44727
1656.50000,12645.57520
1657.00000,12655.19238
1657.50000,12670.49023
1658.00000,12688.40723
1658.50000,12704.64746
1659.00000,12715.33203
1659.50000,12716.49512
1660.00000,12709.02539
1660.50000,12695.67676
1661.00000,12683.75586
1661.50000,12680.28711
1662.00000,12689.77832
1662.50000,12706.41895
1663.00000,12723.07031
1663.50000,12732.35059
1664.00000,12733.67383
1664.50000,12730.46289
1665.00000,12728.90332
1665.50000,12730.38867
1666.00000,12731.30957
1666.50000,12726.52539
1667.00000,12713.54297
1667.50000,12695.47754
1668.00000,12680.35840
1668.50000,12675.43848
1669.00000,12682.24512
1669.50000,12698.00977
1670.00000,12718.59570
1670.50000,12737.40723
1671.00000,12749.61133
1671.50000,12751.73438
1672.00000,12744.64063
1672.50000,12730.48535
1673.00000,12716.23242
1673.50000,12708.78711
1674.00000,12713.87012
1674.50000,12728.18848
1675.00000,12746.93945
1675.50000,12762.63867
1676.00000,12770.15918
1676.50000,12766.07031
1677.00000,12754.71094
1677.50000,12741.32617
1678.00000,12732.37207
1678.50000,12730.95117
1679.00000,12737.77148
1679.50000,12748.40820
1680.00000,12757.16309
1680.50000,12761.14355
1681.00000,12763.54980
1681.50000,12770.11621
1682.00000,12786.98340
1682.50000,12810.55957
1683.00000,12831.94824
1683.50000,12840.89746
1684.00000,12834.42383
1684.50000,12814.79297
1685.00000,12794.37891
1685.50000,12782.75781
1686.00000,12784.56348
1686.50000,12794.77441
1687.00000,12807.49609
1687.50000,12816.17871
1688.00000,12817.58496
1688.50000,12810.55566
1689.00000,12799.12207
1689.50000,12787.59766
1690.00000,12781.35742
1690.50000,12782.49512
1691.00000,12790.52832
1691.50000,12800.81836
1692.00000,12810.15625
1692.50000,12817.99219
1693.00000,12826.39258
1693.50000,12836.53809
1694.00000,12846.44727
1694.50000,12852.95508
1695.00000,12854.24219
1695.50000,12852.93652
1696.00000,12852.99609
1696.50000,12857.50195
1697.00000,12863.24414
1697.50000,12866.39063
1698.00000,12865.15723
1698.50000,12862.81055
1699.00000,12865.36426
1699.50000,12875.97168
1700.00000,12891.66309
1700.50000,12906.14941
1701.00000,12914.49219
1701.50000,12915.65527
1702.00000,12913.58691
1702.50000,12913.52539
1703.00000,12917.17188
1703.50000,12921.23242
1704.00000,12921.42480
1704.50000,12914.27832
1705.00000,12903.19043
1705.50000,12893.98926
1706.00000,12891.93457
1706.50000,12897.19727
1707.00000,12906.91504
1707.50000,12914.80566
1708.00000,12917.33105
1708.50000,12914.86719
1709.00000,12912.50293
1709.50000,12915.64355
1710.00000,12927.74805
1710.50000,12947.32910
1711.00000,12969.77148
1711.50000,12988.66504
1712.00000,12999.67285
1712.50000,13000.11914
1713.00000,12993.25098
1713.50000,12983.05859
1714.00000,12974.32129
1714.50000,12969.49512
1715.00000,12970.18164
1715.50000,12974.86230
1716.00000,12982.08984
1716.50000,12990.13086
1717.00000,12997.69043
1717.50000,13003.99609
1718.00000,13008.93848
1718.50000,13013.19922
1719.00000,13018.80566
1719.50000,13027.86035
1720.00000,13041.88965
1720.50000,13060.10840
1721.00000,13077.92285
1721.50000,13089.25195
1722.00000,13092.48926
1722.50000,13091.16699
1723.00000,13092.02637
1723.50000,13099.20313
1724.00000,13111.49609
1724.50000,13121.48242
1725.00000,13124.23633
1725.50000,13119.61914
1726.00000,13114.00879
1726.50000,13112.99805
1727.00000,13118.21387
1727.50000,13124.22949
1728.00000,13127.12500
1728.50000,13125.89355
1729.00000,13122.92285
1729.50000,13120.55566
1730.00000,13119.93164
1730.50000,13122.02051
1731.00000,13129.45020
1731.50000,13142.11914
1732.00000,13157.69336
1732.50000,13170.19727
1733.00000,13176.80762
1733.50000,13179.00781
1734.00000,13182.73926
1734.50000,13191.39746
1735.00000,13202.82227
1735.50000,13211.11035
1736.00000,13213.80859
1736.50000,13213.97656
1737.00000,13216.44629
1737.50000,13222.99707
1738.00000,13228.97168
1738.50000,13230.14941
1739.00000,13225.02832
1739.50000,13217.55566
1740.00000,13211.61816
