280.00000,9171.79980
280.50000,9166.24902
281.00000,9141.14453
281.50000,9121.51953
282.00000,9125.21387
282.50000,9151.05176
283.00000,9182.27734
283.50000,9199.51855
284.00000,9201.52637
284.50000,9194.39551
285.00000,9189.64746
285.50000,9194.51758
286.00000,9208.50000
286.50000,9221.69531
287.00000,9228.73730
287.50000,9228.55859
288.00000,9227.30664
288.50000,9231.20215
289.00000,9243.93848
289.50000,9260.33203
290.00000,9274.45703
290.50000,9282.31934
291.00000,9283.46582
291.50000,9279.60156
292.00000,9275.25195
292.50000,9272.45410
293.00000,9271.38379
293.50000,9271.55469
294.00000,9273.31543
294.50000,9277.15820
295.00000,9283.41602
295.50000,9291.14160
296.00000,9298.79785
296.50000,9306.13770
297.00000,9314.60254
297.50000,9326.43750
298.00000,9344.88867
298.50000,9366.89648
299.00000,9387.75195
299.50000,9401.02539
300.00000,9404.48633
300.50000,9397.79297
301.00000,9386.60156
301.50000,9378.52930
302.00000,9379.09863
302.50000,9387.53516
303.00000,9401.24707
303.50000,9415.94141
304.00000,9427.61230
304.50000,9434.88184
305.00000,9439.15039
305.50000,9442.33105
306.00000,9446.13965
306.50000,9451.55664
307.00000,9459.10156
307.50000,9468.26074
308.00000,9477.35938
308.50000,9484.29492
309.00000,9487.33984
309.50000,9486.10059
310.00000,9481.05566
310.50000,9476.15430
311.00000,9474.49219
311.50000,9477.59473
312.00000,9483.86426
312.50000,9490.77246
313.00000,9495.25586
313.50000,9496.55762
314.00000,9496.84766
314.50000,9499.48535
315.00000,9506.89355
315.50000,9519.61719
316.00000,9535.15332
316.50000,9549.93066
317.00000,9561.55176
317.50000,9569.97754
318.00000,9576.04102
318.50000,9581.61035
319.00000,9587.35840
319.50000,9592.65625
320.00000,9596.36230
320.50000,9597.75586
321.00000,9597.86621
321.50000,9598.47656
322.00000,9602.39258
322.50000,9611.31738
323.00000,9625.97266
323.50000,9644.54102
324.00000,9663.93945
324.50000,9680.26758
325.00000,9690.45410
325.50000,9692.22168
326.00000,9684.46484
326.50000,9672.39941
327.00000,9660.42969
327.50000,9653.43262
328.00000,9653.83496
328.50000,9663.60059
329.00000,9679.30859
329.50000,9696.62988
330.00000,9711.72461
330.50000,9722.89551
331.00000,9729.12988
331.50000,9731.10742
332.00000,9730.17676
332.50000,9727.82031
333.00000,9726.04004
333.50000,9726.65918
334.00000,9731.85156
334.50000,9741.94336
335.00000,9757.14941
335.50000,9774.85156
336.00000,9791.64551
336.50000,9804.41406
337.00000,9812.77148
337.50000,9817.22168
338.00000,9819.73438
338.50000,9823.10547
339.00000,9829.02344
339.50000,9837.12402
340.00000,9846.06836
340.50000,9853.92773
341.00000,9859.43848
341.50000,9861.80664
342.00000,9861.77637
342.50000,9861.28125
343.00000,9861.92578
343.50000,9864.58008
344.00000,9869.16406
344.50000,9875.03906
345.00000,9880.73047
345.50000,9885.67480
346.00000,9890.44043
346.50000,9896.21484
347.00000,9904.50000
347.50000,9915.50977
348.00000,9928.35352
348.50000,9940.80859
349.00000,9951.38965
349.50000,9959.86426
350.00000,9967.62207
350.50000,9976.75195
351.00000,9989.49414
351.50000,10005.54980
352.00000,10022.34570
352.50000,10036.33789
353.00000,10045.58887
353.50000,10048.99707
354.00000,10048.00391
354.50000,10045.95508
355.00000,10046.66895
355.50000,10051.63574
356.00000,10060.93359
356.50000,10073.64258
357.00000,10087.18945
357.50000,10099.17871
358.00000,10107.17383
358.50000,10110.78418
359.00000,10109.44141
359.50000,10104.95215
360.00000,10098.97070
360.50000,10093.61035
361.00000,10090.64551
361.50000,10091.34570
362.00000,10095.53516
362.50000,10102.61133
363.00000,10112.65137
363.50000,10124.72266
364.00000,10138.13477
364.50000,10151.11035
365.00000,10161.30176
365.50000,10165.99023
366.00000,10164.33105
366.50000,10157.47363
367.00000,10147.67969
367.50000,10139.74707
368.00000,10138.01660
368.50000,10144.52832
369.00000,10157.23926
369.50000,10173.84766
370.00000,10190.48242
370.50000,10204.46191
371.00000,10213.31641
371.50000,10218.36328
372.00000,10220.69238
372.50000,10221.40430
373.00000,10221.46094
373.50000,10221.35059
374.00000,10221.61133
374.50000,10222.87695
375.00000,10225.77441
375.50000,10229.77832
376.00000,10234.00586
376.50000,10237.00293
377.00000,10237.79980
377.50000,10235.67383
378.00000,10231.85449
378.50000,10228.17383
379.00000,10226.11621
379.50000,10225.66602
380.00000,10226.11621
380.50000,10226.07422
381.00000,10224.70117
381.50000,10222.65625
382.00000,10222.14063
382.50000,10225.13477
383.00000,10233.28516
383.50000,10245.08984
384.00000,10258.35645
384.50000,10269.42871
385.00000,10276.27148
385.50000,10278.43652
386.00000,10278.52051
386.50000,10279.15723
387.00000,10283.11035
387.50000,10290.91113
388.00000,10302.26660
388.50000,10314.48047
389.00000,10325.38477
389.50000,10332.90039
390.00000,10336.82617
390.50000,10337.21973
391.00000,10334.70703
391.50000,10331.20313
392.00000,10328.81348
392.50000,10329.40820
393.00000,10333.88086
393.50000,10343.10840
394.00000,10355.04590
394.50000,10367.31641
395.00000,10376.12891
395.50000,10379.98535
396.00000,10378.09277
396.50000,10372.48438
397.00000,10366.06641
397.50000,10362.65234
398.00000,10364.66016
398.50000,10373.92090
399.00000,10389.85938
399.50000,10409.72363
400.00000,10430.86230
400.50000,10449.72949
401.00000,10463.47266
401.50000,10468.07227
402.00000,10464.26367
402.50000,10454.29590
403.00000,10442.40332
403.50000,10433.36523
404.00000,10431.99414
404.50000,10439.28418
405.00000,10453.69434
405.50000,10470.69434
406.00000,10484.34082
406.50000,10490.89746
407.00000,10489.49316
407.50000,10482.90723
408.00000,10474.64746
408.50000,10469.11230
409.00000,10468.77734
409.50000,10474.29688
410.00000,10483.56055
410.50000,10495.53809
411.00000,10509.25977
411.50000,10524.18262
412.00000,10540.16211
412.50000,10555.99414
413.00000,10569.82324
413.50000,10579.04883
414.00000,10582.95020
414.50000,10580.77734
415.00000,10573.97266
415.50000,10565.27539
416.00000,10558.38379
416.50000,10555.89453
417.00000,10559.53223
417.50000,10570.47656
418.00000,10586.85352
418.50000,10607.01660
419.00000,10627.57422
419.50000,10645.15527
420.00000,10656.73047
420.50000,10663.18750
421.00000,10666.14844
421.50000,10668.81641
422.00000,10674.46387
422.50000,10686.02441
423.00000,10703.77637
423.50000,10725.04199
424.00000,10746.27441
424.50000,10763.96973
425.00000,10775.35645
425.50000,10778.77832
426.00000,10775.87402
426.50000,10768.41016
427.00000,10760.81934
427.50000,10756.27930
428.00000,10757.92188
428.50000,10765.05664
429.00000,10776.67969
429.50000,10790.08789
430.00000,10801.94238
430.50000,10809.16406
431.00000,10811.30371
431.50000,10808.92188
432.00000,10802.64648
432.50000,10794.78711
433.00000,10787.10938
433.50000,10781.82227
434.00000,10780.50684
434.50000,10784.52637
435.00000,10792.82813
435.50000,10803.78223
436.00000,10815.23145
436.50000,10825.22754
437.00000,10832.93164
437.50000,10839.19238
438.00000,10845.83691
438.50000,10853.88184
439.00000,10862.45410
439.50000,10869.66113
440.00000,10872.76465
440.50000,10871.29102
441.00000,10865.83008
441.50000,10859.91016
442.00000,10856.54199
442.50000,10857.56250
443.00000,10861.38184
443.50000,10865.59961
444.00000,10867.34863
444.50000,10865.88965
445.00000,10862.46387
445.50000,10860.33887
446.00000,10861.44043
446.50000,10866.54199
447.00000,10873.18750
447.50000,10878.64453
448.00000,10880.27832
448.50000,10878.40723
449.00000,10875.82715
449.50000,10876.55957
450.00000,10882.82617
450.50000,10896.01172
451.00000,10912.61133
451.50000,10928.73828
452.00000,10939.46387
452.50000,10942.89844
453.00000,10939.56250
453.50000,10933.24512
454.00000,10927.63379
454.50000,10926.19238
455.00000,10928.85938
455.50000,10934.28418
456.00000,10939.01855
456.50000,10940.11035
457.00000,10935.95117
457.50000,10927.90820
458.00000,10918.28906
458.50000,10909.85547
459.00000,10904.19824
459.50000,10901.95410
460.00000,10902.41699
460.50000,10903.92871
461.00000,10906.16113
461.50000,10909.43262
462.00000,10914.40137
462.50000,10921.62402
463.00000,10929.75488
463.50000,10936.07227
464.00000,10936.77246
464.50000,10930.62109
465.00000,10917.09570
465.50000,10900.17188
466.00000,10884.47754
466.50000,10875.90918
467.00000,10876.56250
467.50000,10888.05566
468.00000,10906.44922
468.50000,10926.98535
469.00000,10945.93945
469.50000,10961.49512
470.00000,10973.34668
470.50000,10981.84668
471.00000,10988.25684
471.50000,10992.44922
472.00000,10994.20605
472.50000,10993.55957
473.00000,10990.47168
473.50000,10986.15137
474.00000,10981.53125
474.50000,10977.39355
475.00000,10973.93848
475.50000,10971.22363
476.00000,10969.30762
476.50000,10968.35352
477.00000,10968.54004
477.50000,10969.02246
478.00000,10968.46094
478.50000,10965.03711
479.00000,10958.36133
479.50000,10949.90820
480.00000,10943.42383
480.50000,10942.04785
481.00000,10949.02051
481.50000,10961.78418
482.00000,10976.65723
482.50000,10987.66309
483.00000,10990.46094
483.50000,10983.63867
484.00000,10971.79980
484.50000,10960.33594
485.00000,10955.20313
485.50000,10957.59570
486.00000,10966.91016
486.50000,10979.41309
487.00000,10990.24414
487.50000,10996.08203
488.00000,10997.40137
488.50000,10996.14648
489.00000,10994.93262
489.50000,10995.93262
490.00000,11000.46484
490.50000,11008.61621
491.00000,11019.01465
491.50000,11029.62988
492.00000,11037.98242
492.50000,11041.92676
493.00000,11039.02051
493.50000,11030.48633
494.00000,11018.29199
494.50000,11007.15918
495.00000,11002.29297
495.50000,11008.25000
496.00000,11022.82617
496.50000,11041.71582
497.00000,11057.97070
497.50000,11066.04102
498.00000,11061.90625
498.50000,11046.92285
499.00000,11027.04590
499.50000,11010.12793
500.00000,11001.07422
500.50000,11001.75391
501.00000,11011.70898
501.50000,11026.27832
502.00000,11041.86035
502.50000,11055.11621
503.00000,11064.21387
503.50000,11067.56152
504.00000,11065.98438
504.50000,11059.79004
505.00000,11050.28027
505.50000,11040.62988
506.00000,11034.91113
506.50000,11036.70801
507.00000,11047.48438
507.50000,11066.59277
508.00000,11087.38281
508.50000,11104.31836
509.00000,11112.56250
509.50000,11112.46484
510.00000,11106.12012
510.50000,11099.12695
511.00000,11095.94922
511.50000,11099.24609
512.00000,11105.00684
512.50000,11109.16211
513.00000,11108.20605
513.50000,11102.67578
514.00000,11095.69141
514.50000,11092.57227
515.00000,11096.88672
515.50000,11110.56055
516.00000,11126.95215
516.50000,11140.13672
517.00000,11145.33203
517.50000,11143.03320
518.00000,11136.42480
518.50000,11131.97949
519.00000,11134.24512
519.50000,11145.38965
520.00000,11159.10352
520.50000,11168.01563
521.00000,11165.92676
521.50000,11152.49707
522.00000,11129.99316
522.50000,11106.69336
523.00000,11089.93164
523.50000,11086.64551
524.00000,11094.91309
524.50000,11109.68066
525.00000,11123.54102
525.50000,11131.27539
526.00000,11129.16016
526.50000,11119.82813
527.00000,11107.12793
527.50000,11096.15625
528.00000,11090.32617
528.50000,11090.46191
529.00000,11093.90918
529.50000,11097.20996
530.00000,11096.79785
530.50000,11091.62402
531.00000,11081.84863
531.50000,11068.97852
532.00000,11055.81055
532.50000,11044.75195
533.00000,11037.00781
533.50000,11032.77246
534.00000,11032.94238
534.50000,11036.83008
535.00000,11044.35742
535.50000,11054.83984
536.00000,11066.18652
536.50000,11075.43066
537.00000,11079.67578
537.50000,11077.96777
538.00000,11069.68066
538.50000,11058.35254
539.00000,11047.31152
539.50000,11040.55664
540.00000,11039.99316
540.50000,11047.28418
541.00000,11060.66113
541.50000,11076.78613
542.00000,11091.85938
542.50000,11102.77734
543.00000,11106.98828
543.50000,11103.67090
544.00000,11095.30859
544.50000,11085.38086
545.00000,11079.02832
545.50000,11079.93555
546.00000,11089.45996
546.50000,11102.89160
547.00000,11115.14746
547.50000,11120.91895
548.00000,11118.79297
548.50000,11109.42383
549.00000,11098.28613
549.50000,11090.64258
550.00000,11091.00879
550.50000,11097.38574
551.00000,11107.30664
551.50000,11117.38477
552.00000,11125.80469
552.50000,11132.16211
553.00000,11137.57324
553.50000,11142.65039
554.00000,11146.87207
554.50000,11149.24414
555.00000,11149.08789
555.50000,11147.10547
556.00000,11144.74902
556.50000,11143.24512
557.00000,11142.53223
557.50000,11141.59961
558.00000,11138.94629
558.50000,11134.42969
559.00000,11129.48730
559.50000,11126.62988
560.00000,11127.25000
560.50000,11132.05371
561.00000,11138.96387
561.50000,11146.18750
562.00000,11152.40039
562.50000,11157.81543
563.00000,11163.42383
563.50000,11169.71973
564.00000,11175.56934
564.50000,11177.92578
565.00000,11174.99902
565.50000,11165.71094
566.00000,11151.26563
566.50000,11135.65430
567.00000,11123.32129
567.50000,11117.60156
568.00000,11118.97363
568.50000,11126.08984
569.00000,11134.36719
569.50000,11140.33203
570.00000,11141.34961
570.50000,11137.88867
571.00000,11131.85449
571.50000,11127.36816
572.00000,11127.94531
572.50000,11136.93066
573.00000,11150.66797
573.50000,11164.73047
574.00000,11173.21875
574.50000,11173.16797
575.00000,11163.06543
575.50000,11147.47168
576.00000,11131.94141
576.50000,11122.96680
577.00000,11122.61035
577.50000,11130.23340
578.00000,11142.12500
578.50000,11154.61133
579.00000,11165.68359
579.50000,11175.37109
580.00000,11184.43848
580.50000,11193.27441
581.00000,11201.17578
581.50000,11205.97656
582.00000,11205.68750
582.50000,11200.66504
583.00000,11191.88379
583.50000,11182.53223
584.00000,11175.22168
584.50000,11172.31445
585.00000,11173.73438
585.50000,11179.35254
586.00000,11187.81934
586.50000,11197.62891
587.00000,11207.54395
587.50000,11216.54785
588.00000,11223.82910
588.50000,11228.57910
589.00000,11230.96875
589.50000,11231.01953
590.00000,11229.53223
590.50000,11227.43750
591.00000,11225.66113
591.50000,11224.87402
592.00000,11225.47363
592.50000,11227.67188
593.00000,11231.01855
593.50000,11234.94727
594.00000,11238.41211
594.50000,11240.49414
595.00000,11240.06543
595.50000,11237.57324
596.00000,11233.73340
596.50000,11230.11230
597.00000,11227.84375
597.50000,11227.58984
598.00000,11228.80762
598.50000,11230.60449
599.00000,11232.13477
599.50000,11233.21387
600.00000,11234.33887
600.50000,11236.57324
601.00000,11240.59668
601.50000,11246.45996
602.00000,11252.82715
602.50000,11258.13867
603.00000,11260.42480
603.50000,11259.40332
604.00000,11255.04883
604.50000,11248.48340
605.00000,11241.35938
605.50000,11235.07910
606.00000,11230.38379
606.50000,11227.35742
607.00000,11226.23730
607.50000,11226.78223
608.00000,11229.18652
608.50000,11233.06738
609.00000,11237.29492
609.50000,11239.92773
610.00000,11239.36426
610.50000,11234.75586
611.00000,11226.72168
611.50000,11218.62109
612.00000,11213.45410
612.50000,11212.69238
613.00000,11215.14258
613.50000,11218.00195
614.00000,11217.87695
614.50000,11212.99219
615.00000,11203.91895
615.50000,11194.66406
616.00000,11190.13965
616.50000,11192.79102
617.00000,11201.59570
617.50000,11214.27734
618.00000,11226.48340
618.50000,11235.37695
619.00000,11239.33887
619.50000,11239.52051
620.00000,11237.11719
620.50000,11234.07520
621.00000,11231.75781
621.50000,11231.00195
622.00000,11231.18848
622.50000,11231.10156
623.00000,11228.67773
623.50000,11222.72266
624.00000,11212.73438
624.50000,11201.24902
625.00000,11192.12109
625.50000,11191.18262
626.00000,11199.71582
626.50000,11216.45801
627.00000,11235.92969
627.50000,11252.17578
628.00000,11260.43359
628.50000,11260.85938
629.00000,11256.07813
629.50000,11249.33496
630.00000,11243.47266
630.50000,11239.05957
631.00000,11235.36426
631.50000,11232.05078
632.00000,11230.93164
632.50000,11234.34180
633.00000,11243.77441
633.50000,11259.37012
634.00000,11276.95898
634.50000,11292.10547
635.00000,11300.90723
635.50000,11303.04199
636.00000,11299.84961
636.50000,11296.16211
637.00000,11295.68945
637.50000,11300.46191
638.00000,11308.59473
638.50000,11317.51172
639.00000,11323.95605
639.50000,11326.19043
640.00000,11323.05273
640.50000,11316.57617
641.00000,11308.98535
641.50000,11302.88867
642.00000,11299.49707
642.50000,11298.60645
643.00000,11298.41309
643.50000,11297.16309
644.00000,11293.63086
644.50000,11288.77832
645.00000,11284.45117
645.50000,11283.29688
646.00000,11286.40332
646.50000,11294.33984
647.00000,11305.49512
647.50000,11317.68457
648.00000,11329.09277
648.50000,11339.05664
649.00000,11347.28223
649.50000,11353.42285
650.00000,11357.37695
650.50000,11358.37891
651.00000,11356.60645
651.50000,11352.96191
652.00000,11348.91406
652.50000,11346.27539
653.00000,11346.15723
653.50000,11348.31641
654.00000,11351.28418
654.50000,11353.65234
655.00000,11354.73047
655.50000,11354.90527
656.00000,11355.50977
656.50000,11357.95410
657.00000,11363.31641
657.50000,11371.64355
658.00000,11381.63965
658.50000,11391.84668
659.00000,11400.98535
659.50000,11408.53418
660.00000,11413.96191
660.50000,11417.39160
661.00000,11418.23438
661.50000,11416.14746
662.00000,11411.84082
662.50000,11406.90723
663.00000,11404.33203
663.50000,11407.05762
664.00000,11418.29395
664.50000,11435.46582
665.00000,11455.02441
665.50000,11471.40527
666.00000,11480.67480
666.50000,11479.36621
667.00000,11470.02441
667.50000,11456.15723
668.00000,11442.37305
668.50000,11432.14063
669.00000,11427.24902
669.50000,11426.78320
670.00000,11428.26074
670.50000,11429.62305
671.00000,11429.99316
671.50000,11429.64453
672.00000,11429.57617
672.50000,11430.59473
673.00000,11433.01855
673.50000,11436.17578
674.00000,11439.06055
674.50000,11440.63379
675.00000,11440.94434
675.50000,11440.51270
676.00000,11440.12305
676.50000,11439.91016
677.00000,11439.14063
677.50000,11436.76660
678.00000,11432.36914
678.50000,11426.26855
679.00000,11420.53613
679.50000,11417.41602
680.00000,11418.93164
680.50000,11424.84180
681.00000,11434.60352
681.50000,11446.16113
682.00000,11457.91406
682.50000,11468.77930
683.00000,11478.17188
683.50000,11485.09277
684.00000,11488.44434
684.50000,11488.32227
685.00000,11485.13184
685.50000,11481.00781
686.00000,11477.75684
686.50000,11476.24023
687.00000,11474.81836
687.50000,11470.77148
688.00000,11462.40527
688.50000,11451.26367
689.00000,11441.13770
689.50000,11436.30762
690.00000,11438.98047
690.50000,11449.34473
691.00000,11462.74414
691.50000,11475.41309
692.00000,11485.10938
692.50000,11492.76660
693.00000,11500.87109
693.50000,11511.19336
694.00000,11522.84570
694.50000,11532.90820
695.00000,11539.29785
695.50000,11541.44336
696.00000,11541.47461
696.50000,11542.07324
697.00000,11544.77734
697.50000,11548.31055
698.00000,11550.49023
698.50000,11549.62695
699.00000,11547.34863
699.50000,11547.66602
700.00000,11554.12793
700.50000,11566.37012
701.00000,11580.95605
701.50000,11591.81543
702.00000,11594.68359
702.50000,11588.34277
703.00000,11577.49219
703.50000,11567.41211
704.00000,11562.38379
704.50000,11562.82520
705.00000,11566.96191
705.50000,11570.78809
706.00000,11572.72168
706.50000,11574.14648
707.00000,11577.92676
707.50000,11586.83301
708.00000,11600.59570
708.50000,11616.74023
709.00000,11631.17676
709.50000,11640.56641
710.00000,11642.35254
710.50000,11635.78027
711.00000,11623.45508
711.50000,11608.34668
712.00000,11595.44922
712.50000,11588.78809
713.00000,11591.79980
713.50000,11601.39063
714.00000,11613.24707
714.50000,11620.94922
715.00000,11621.00684
715.50000,11612.82520
716.00000,11602.61621
716.50000,11597.76270
717.00000,11606.31348
717.50000,11626.93652
718.00000,11654.84375
718.50000,11679.51660
719.00000,11692.59668
719.50000,11688.80664
720.00000,11673.10352
720.50000,11652.14355
721.00000,11633.30762
721.50000,11620.55762
722.00000,11615.16406
722.50000,11615.19629
723.00000,11617.74414
723.50000,11621.15918
724.00000,11624.54199
724.50000,11627.78320
725.00000,11630.88477
725.50000,11633.88574
726.00000,11636.95703
726.50000,11640.40039
727.00000,11644.34570
727.50000,11648.73047
728.00000,11653.28223
728.50000,11658.22266
729.00000,11664.68164
729.50000,11673.71387
730.00000,11686.16309
730.50000,11700.40918
731.00000,11713.00879
731.50000,11718.14453
732.00000,11713.57910
732.50000,11699.66797
733.00000,11680.65820
733.50000,11662.94141
734.00000,11651.72656
734.50000,11648.39551
735.00000,11651.19824
735.50000,11658.16016
736.00000,11666.45508
736.50000,11675.70508
737.00000,11686.51563
737.50000,11698.84180
738.00000,11711.44434
738.50000,11721.73828
739.00000,11727.73340
739.50000,11728.68359
740.00000,11727.69141
740.50000,11727.58984
741.00000,11730.37109
741.50000,11735.19434
742.00000,11739.44238
742.50000,11740.21777
743.00000,11736.49121
743.50000,11729.21484
744.00000,11722.41992
744.50000,11719.87012
745.00000,11723.70605
745.50000,11732.43555
746.00000,11743.19922
746.50000,11752.08984
747.00000,11757.43066
747.50000,11759.23438
748.00000,11760.01074
748.50000,11761.73145
749.00000,11765.22461
749.50000,11769.52930
750.00000,11772.69727
750.50000,11773.37207
751.00000,11771.44238
751.50000,11768.07129
752.00000,11765.27539
752.50000,11764.15625
753.00000,11764.04590
753.50000,11763.06250
754.00000,11759.36816
754.50000,11753.87402
755.00000,11749.34668
755.50000,11750.50293
756.00000,11759.56250
756.50000,11777.52539
757.00000,11800.59180
757.50000,11823.08301
758.00000,11838.31055
758.50000,11844.26270
759.00000,11841.15625
759.50000,11832.03125
760.00000,11821.99219
760.50000,11814.55078
761.00000,11810.71973
761.50000,11809.59473
762.00000,11810.44531
762.50000,11812.39063
763.00000,11815.56738
763.50000,11820.15918
764.00000,11825.54199
764.50000,11830.58203
765.00000,11834.04297
765.50000,11835.50586
766.00000,11835.27734
766.50000,11835.11621
767.00000,11836.61230
767.50000,11840.90234
768.00000,11847.65234
768.50000,11856.18359
769.00000,11865.15332
769.50000,11873.65332
770.00000,11880.83594
770.50000,11886.57227
771.00000,11890.69629
771.50000,11893.49121
772.00000,11895.74707
772.50000,11898.37988
773.00000,11902.13184
773.50000,11907.27734
774.00000,11913.72949
774.50000,11920.55957
775.00000,11926.81250
775.50000,11931.43066
776.00000,11933.81934
776.50000,11933.41602
777.00000,11931.23340
777.50000,11928.89258
778.00000,11929.07324
778.50000,11933.35156
779.00000,11942.60449
779.50000,11955.08008
780.00000,11967.47754
780.50000,11976.00488
781.00000,11979.49121
781.50000,11978.59766
782.00000,11975.46289
782.50000,11972.58203
783.00000,11970.50293
783.50000,11967.98438
784.00000,11963.76172
784.50000,11958.35547
785.00000,11955.06738
785.50000,11957.76563
786.00000,11969.49609
786.50000,11987.80078
787.00000,12008.71484
787.50000,12026.72070
788.00000,12038.99414
788.50000,12044.54785
789.00000,12047.02734
789.50000,12048.93359
790.00000,12051.17773
790.50000,12052.47949
791.00000,12050.61816
791.50000,12045.39746
792.00000,12039.10547
792.50000,12036.32715
793.00000,12039.21582
793.50000,12047.82227
794.00000,12059.09180
794.50000,12068.88379
795.00000,12074.41211
795.50000,12076.46387
796.00000,12077.66406
796.50000,12081.07617
797.00000,12086.97949
797.50000,12093.38477
798.00000,12096.40723
798.50000,12093.92871
799.00000,12085.88086
799.50000,12077.09473
800.00000,12073.29199
800.50000,12081.21973
801.00000,12099.83887
801.50000,12125.72949
802.00000,12151.93359
802.50000,12172.47363
803.00000,12182.59473
803.50000,12183.50586
804.00000,12177.91309
804.50000,12168.93750
805.00000,12160.05176
805.50000,12153.29395
806.00000,12150.07422
806.50000,12150.85645
807.00000,12156.49121
807.50000,12165.22852
808.00000,12174.59863
808.50000,12180.99121
809.00000,12182.65527
809.50000,12179.35254
810.00000,12174.41309
810.50000,12171.64746
811.00000,12174.62500
811.50000,12183.02734
812.00000,12195.58496
812.50000,12210.61328
813.00000,12226.57715
813.50000,12243.08887
814.00000,12259.35449
814.50000,12273.69141
815.00000,12282.39453
815.50000,12284.10645
816.00000,12278.71680
816.50000,12268.98047
817.00000,12259.86035
817.50000,12255.05273
818.00000,12254.58496
818.50000,12255.47168
819.00000,12253.64941
819.50000,12248.70703
820.00000,12243.58984
820.50000,12244.32813
821.00000,12254.51953
821.50000,12275.81445
822.00000,12302.92090
822.50000,12328.81250
823.00000,12345.33984
823.50000,12351.23340
824.00000,12347.55371
824.50000,12339.23926
825.00000,12332.09668
825.50000,12330.32129
826.00000,12334.53516
826.50000,12343.62598
827.00000,12356.65625
827.50000,12371.68750
828.00000,12387.68652
828.50000,12402.51660
829.00000,12413.45215
829.50000,12416.23047
830.00000,12409.98340
830.50000,12396.38281
831.00000,12380.09570
831.50000,12368.05078
832.00000,12365.80273
832.50000,12374.41699
833.00000,12389.05176
833.50000,12402.71094
834.00000,12409.29297
834.50000,12407.14551
835.00000,12399.25586
835.50000,12393.26758
836.00000,12395.69727
836.50000,12408.33008
837.00000,12426.86426
837.50000,12444.42676
838.00000,12455.12891
838.50000,12457.69336
839.00000,12455.27539
839.50000,12454.00879
840.00000,12458.30273
840.50000,12468.72070
841.00000,12482.50195
841.50000,12496.27734
842.00000,12507.85938
842.50000,12517.12012
843.00000,12525.11035
843.50000,12532.80469
844.00000,12539.54980
844.50000,12543.79004
845.00000,12544.61719
845.50000,12542.06543
846.00000,12539.33398
846.50000,12540.06152
847.00000,12547.81934
847.50000,12562.28809
848.00000,12581.55273
848.50000,12600.15430
849.00000,12613.14648
849.50000,12615.44141
850.00000,12609.37988
850.50000,12598.82715
851.00000,12591.02637
851.50000,12591.69824
852.00000,12604.90137
852.50000,12627.10547
853.00000,12651.65039
853.50000,12669.76465
854.00000,12677.68945
854.50000,12675.18555
855.00000,12667.56348
855.50000,12662.21387
856.00000,12665.35645
856.50000,12677.36621
857.00000,12695.26953
857.50000,12714.58496
858.00000,12731.31250
858.50000,12743.78027
859.00000,12752.47656
859.50000,12759.04492
860.00000,12764.25977
860.50000,12768.62891
861.00000,12772.22754
861.50000,12775.04395
862.00000,12777.30957
862.50000,12779.09082
863.00000,12780.84473
863.50000,12783.70410
864.00000,12790.40625
864.50000,12802.90723
865.00000,12822.33691
865.50000,12848.02246
866.00000,12875.32324
866.50000,12899.48633
867.00000,12917.20605
867.50000,12929.00879
868.00000,12937.44238
868.50000,12947.16309
869.00000,12960.78027
869.50000,12978.41016
870.00000,12996.71875
870.50000,13011.79883
871.00000,13020.95020
871.50000,13024.33008
872.00000,13023.11621
872.50000,13021.06641
873.00000,13021.20801
873.50000,13026.36133
874.00000,13036.66016
874.50000,13051.42383
875.00000,13067.33301
875.50000,13080.99219
876.00000,13088.96777
876.50000,13092.22168
877.00000,13092.98828
877.50000,13094.89746
878.00000,13099.77539
878.50000,13106.73535
879.00000,13111.64160
879.50000,13110.51660
880.00000,13099.56250
880.50000,13082.03711
881.00000,13062.14258
881.50000,13045.56641
882.00000,13035.15723
882.50000,13031.87891
883.00000,13032.59766
883.50000,13034.08496
884.00000,13033.61328
884.50000,13030.49023
885.00000,13024.35449
885.50000,13015.31543
886.00000,13004.17871
886.50000,12992.09766
887.00000,12981.46191
887.50000,12974.64453
888.00000,12974.02734
888.50000,12978.03223
889.00000,12984.06836
889.50000,12987.97559
890.00000,12987.21973
890.50000,12980.81055
891.00000,12972.04980
891.50000,12964.79004
892.00000,12963.02637
892.50000,12966.84570
893.00000,12974.96582
893.50000,12983.96191
894.00000,12990.98633
894.50000,12994.00293
895.00000,12993.56250
895.50000,12990.25195
896.00000,12984.22852
896.50000,12976.01270
897.00000,12966.01855
897.50000,12956.48438
898.00000,12950.45313
898.50000,12952.36230
899.00000,12962.12207
899.50000,12977.72754
900.00000,12993.98438
900.50000,13005.33887
901.00000,13007.75391
901.50000,13002.48633
902.00000,12994.19141
902.50000,12989.05371
903.00000,12990.54004
903.50000,12999.42480
904.00000,13013.43652
904.50000,13028.41992
905.00000,13041.77246
905.50000,13052.89160
906.00000,13062.28125
906.50000,13069.33105
907.00000,13072.89355
907.50000,13070.64746
908.00000,13061.70996
908.50000,13049.38574
909.00000,13039.32715
909.50000,13037.17090
910.00000,13044.77832
910.50000,13060.52539
911.00000,13076.36816
911.50000,13085.75195
912.00000,13085.97656
912.50000,13081.72754
913.00000,13080.37793
913.50000,13087.47363
914.00000,13103.30566
914.50000,13123.56836
915.00000,13140.63379
915.50000,13149.62402
916.00000,13150.84863
916.50000,13149.51953
917.00000,13151.56445
917.50000,13159.57910
918.00000,13172.37500
918.50000,13186.05859
919.00000,13196.56738
919.50000,13201.72949
920.00000,13202.17773
920.50000,13200.16602
921.00000,13197.41113
921.50000,13195.31152
922.00000,13194.80664
922.50000,13197.26953
923.00000,13203.03418
923.50000,13212.21191
924.00000,13223.09473
924.50000,13233.48242
925.00000,13241.78027
925.50000,13248.97266
926.00000,13257.28613
926.50000,13269.16992
927.00000,13284.00098
927.50000,13298.92188
928.00000,13309.75684
928.50000,13314.76758
929.00000,13315.30469
929.50000,13317.46582
930.00000,13326.81348
930.50000,13346.73047
931.00000,13373.73926
931.50000,13402.47266
932.00000,13426.43457
932.50000,13442.58594
933.00000,13449.39453
933.50000,13451.04590
934.00000,13450.12305
934.50000,13448.57617
935.00000,13447.34180
935.50000,13447.60254
936.00000,13451.50781
936.50000,13461.74121
937.00000,13482.67383
937.50000,13512.74414
938.00000,13549.69922
938.50000,13588.22363
939.00000,13623.18164
939.50000,13650.96289
940.00000,13672.81152
940.50000,13692.03418
941.00000,13712.86035
941.50000,13737.55957
942.00000,13766.56348
942.50000,13798.25098
943.00000,13830.58301
943.50000,13862.95020
944.00000,13896.10840
944.50000,13931.18945
945.00000,13968.84277
945.50000,14007.46973
946.00000,14044.98730
946.50000,14079.88867
947.00000,14112.95801
947.50000,14146.91895
948.00000,14184.69727
948.50000,14227.15918
949.00000,14272.07813
949.50000,14314.09863
950.00000,14347.33594
950.50000,14368.90234
951.00000,14380.92969
951.50000,14387.11523
952.00000,14394.06445
952.50000,14405.94434
953.00000,14424.99707
953.50000,14449.08887
954.00000,14476.08887
954.50000,14503.17480
955.00000,14528.45508
955.50000,14549.79199
956.00000,14566.52441
956.50000,14577.71289
957.00000,14583.11621
957.50000,14585.22852
958.00000,14587.01270
958.50000,14591.91113
959.00000,14601.42773
959.50000,14615.42969
960.00000,14629.61230
960.50000,14639.10059
961.00000,14638.72266
961.50000,14627.82324
962.00000,14606.31738
962.50000,14578.66602
963.00000,14549.45020
963.50000,14522.73242
964.00000,14499.69824
964.50000,14480.01074
965.00000,14461.67383
965.50000,14442.29199
966.00000,14419.73047
966.50000,14393.35352
967.00000,14363.43066
967.50000,14330.53613
968.00000,14297.09863
968.50000,14265.89746
969.00000,14240.43066
969.50000,14222.42578
970.00000,14213.72070
970.50000,14211.58984
971.00000,14212.54199
971.50000,14213.06250
972.00000,14211.79004
972.50000,14210.06250
973.00000,14211.02637
973.50000,14216.34473
974.00000,14225.59375
974.50000,14234.35352
975.00000,14238.17578
975.50000,14233.61523
976.00000,14223.56543
976.50000,14212.70410
977.00000,14206.75879
977.50000,14207.91016
978.00000,14216.14160
978.50000,14227.12793
979.00000,14238.11230
979.50000,14248.64551
980.00000,14260.64063
980.50000,14276.56934
981.00000,14296.75000
981.50000,14319.11230
982.00000,14341.12012
982.50000,14361.82520
983.00000,14382.66602
983.50000,14406.83594
984.00000,14435.71582
984.50000,14469.15625
985.00000,14504.30859
985.50000,14538.80273
986.00000,14572.34082
986.50000,14607.20996
987.00000,14646.01953
987.50000,14690.05957
988.00000,14737.18848
988.50000,14785.13477
989.00000,14832.76855
989.50000,14881.45605
990.00000,14934.98926
990.50000,14994.31055
991.00000,15058.55664
991.50000,15124.18652
992.00000,15188.08789
992.50000,15250.38672
993.00000,15315.30469
993.50000,15387.78223
994.00000,15473.65918
994.50000,15570.61523
995.00000,15676.39941
995.50000,15787.28711
996.00000,15900.18262
996.50000,16013.85156
997.00000,16126.64160
997.50000,16236.27637
998.00000,16339.32422
998.50000,16436.51367
999.00000,16530.33398
999.50000,16625.51367
1000.00000,16724.19922
1000.50000,16823.27344
1001.00000,16914.18164
1001.50000,16988.02148
1002.00000,17036.08789
1002.50000,17064.31641
1003.00000,17078.65820
1003.50000,17087.47461
1004.00000,17094.32813
1004.50000,17094.64258
1005.00000,17081.90234
1005.50000,17050.50391
1006.00000,16997.09766
1006.50000,16929.11914
1007.00000,16851.49023
1007.50000,16769.09961
1008.00000,16683.40039
1008.50000,16591.88477
1009.00000,16493.68555
1009.50000,16389.08789
1010.00000,16280.75488
1010.50000,16173.47852
1011.00000,16071.59473
1011.50000,15977.25000
1012.00000,15889.80371
1012.50000,15808.31836
1013.00000,15729.15039
1013.50000,15650.24512
1014.00000,15570.95313
1014.50000,15492.70703
1015.00000,15418.98242
1015.50000,15353.01074
1016.00000,15296.16309
1016.50000,15250.28027
1017.00000,15211.64063
1017.50000,15177.99609
1018.00000,15146.97656
1018.50000,15116.68164
1019.00000,15086.34473
1019.50000,15055.62988
1020.00000,15024.61621
1020.50000,14994.06934
1021.00000,14965.29492
1021.50000,14940.09668
1022.00000,14919.72363
1022.50000,14902.96582
1023.00000,14887.46289
1023.50000,14869.60938
1024.00000,14847.24023
1024.50000,14819.78320
1025.00000,14791.06055
1025.50000,14765.43848
1026.00000,14746.79004
1026.50000,14735.03125
1027.00000,14728.42383
1027.50000,14722.30176
1028.00000,14713.45508
1028.50000,14700.25781
1029.00000,14684.67969
1029.50000,14668.71875
1030.00000,14653.72949
1030.50000,14639.32617
1031.00000,14624.32617
1031.50000,14608.55859
1032.00000,14593.67383
1032.50000,14583.55371
1033.00000,14580.30957
1033.50000,14585.01855
1034.00000,14594.57422
1034.50000,14603.70996
1035.00000,14606.46289
1035.50000,14600.93262
1036.00000,14587.78320
1036.50000,14570.27441
1037.00000,14553.70996
1037.50000,14542.32910
1038.00000,14537.87109
1038.50000,14539.00293
1039.00000,14543.40625
1039.50000,14547.06348
1040.00000,14547.53320
1040.50000,14544.23535
1041.00000,14539.84375
1041.50000,14538.07324
1042.00000,14541.67480
1042.50000,14550.25781
1043.00000,14560.83008
1043.50000,14568.12402
1044.00000,14568.46387
1044.50000,14561.42383
1045.00000,14551.93945
1045.50000,14546.39551
1046.00000,14549.50488
1046.50000,14561.58203
1047.00000,14580.77832
1047.50000,14601.02148
1048.00000,14618.81641
1048.50000,14632.92188
1049.00000,14644.85156
1049.50000,14655.67383
1050.00000,14665.23242
1050.50000,14671.98926
1051.00000,14673.28809
1051.50000,14669.84766
1052.00000,14663.01953
1052.50000,14655.20020
1053.00000,14647.76660
1053.50000,14640.32129
1054.00000,14631.90625
1054.50000,14622.85938
1055.00000,14616.25195
1055.50000,14615.66797
1056.00000,14624.60938
1056.50000,14642.98828
1057.00000,14666.30078
1057.50000,14689.25098
1058.00000,14707.52344
1058.50000,14719.83984
1059.00000,14726.80469
1059.50000,14731.62793
1060.00000,14735.99805
1060.50000,14740.52637
1061.00000,14744.67969
1061.50000,14746.95020
1062.00000,14746.03516
1062.50000,14740.59277
1063.00000,14729.48438
1063.50000,14714.91211
1064.00000,14700.52051
1064.50000,14691.72461
1065.00000,14691.87695
1065.50000,14703.25586
1066.00000,14720.72852
1066.50000,14738.81055
1067.00000,14752.25195
1067.50000,14760.67773
1068.00000,14766.54492
1068.50000,14774.21094
1069.00000,14785.67578
1069.50000,14800.15527
1070.00000,14813.39160
1070.50000,14821.66797
1071.00000,14822.86621
1071.50000,14819.20996
1072.00000,14813.59082
1072.50000,14809.80469
1073.00000,14810.31836
1073.50000,14818.02441
1074.00000,14832.00098
1074.50000,14851.09277
1075.00000,14871.66406
1075.50000,14888.88086
1076.00000,14897.91992
1076.50000,14898.58105
1077.00000,14894.62109
1077.50000,14892.92285
1078.00000,14898.87695
1078.50000,14914.43945
1079.00000,14935.86523
1079.50000,14955.71777
1080.00000,14966.93945
1080.50000,14968.50098
1081.00000,14963.76953
1081.50000,14958.27148
1082.00000,14956.54492
1082.50000,14959.92969
1083.00000,14966.87207
1083.50000,14975.16797
1084.00000,14984.99609
1084.50000,14997.93848
1085.00000,15015.36523
1085.50000,15036.90332
1086.00000,15058.20117
1086.50000,15074.33008
1087.00000,15082.13867
1087.50000,15083.09570
1088.00000,15080.30371
1088.50000,15078.35645
1089.00000,15079.18164
1089.50000,15082.43555
1090.00000,15085.99414
1090.50000,15089.15137
1091.00000,15093.41113
1091.50000,15101.39941
1092.00000,15117.02051
1092.50000,15140.55762
1093.00000,15171.64551
1093.50000,15209.13184
1094.00000,15249.33691
1094.50000,15288.04980
1095.00000,15319.23438
1095.50000,15337.88086
1096.00000,15337.33398
1096.50000,15322.07129
1097.00000,15299.22559
1097.50000,15280.92480
1098.00000,15276.38867
1098.50000,15291.39453
1099.00000,15321.02734
1099.50000,15355.44922
1100.00000,15383.32813
1100.50000,15399.11133
1101.00000,15401.44238
1101.50000,15393.73535
1102.00000,15383.52734
1102.50000,15377.75977
1103.00000,15381.70898
1103.50000,15397.38867
1104.00000,15426.34863
1104.50000,15461.40820
1105.00000,15495.06738
1105.50000,15518.39844
1106.00000,15528.71582
1106.50000,15527.41797
1107.00000,15524.35156
1107.50000,15528.88086
1108.00000,15548.74316
1108.50000,15578.93262
1109.00000,15611.48535
1109.50000,15636.50879
1110.00000,15651.00000
1110.50000,15657.62500
1111.00000,15665.80762
1111.50000,15682.80469
1112.00000,15712.93457
1112.50000,15750.69531
1113.00000,15790.25684
1113.50000,15825.87793
1114.00000,15855.75098
1114.50000,15879.24219
1115.00000,15898.18945
1115.50000,15913.83789
1116.00000,15928.15234
1116.50000,15944.92578
1117.00000,15968.85156
1117.50000,16002.29980
1118.00000,16042.28223
1118.50000,16082.66113
1119.00000,16117.20801
1119.50000,16144.63184
1120.00000,16169.76953
1120.50000,16200.72266
1121.00000,16242.84375
1121.50000,16292.60938
1122.00000,16340.25293
1122.50000,16373.66504
1123.00000,16392.08789
1123.50000,16402.74023
1124.00000,16421.06445
1124.50000,16458.31445
1125.00000,16519.92188
1125.50000,16596.82227
1126.00000,16674.89258
1126.50000,16740.43750
1127.00000,16791.82227
1127.50000,16833.66016
1128.00000,16875.48438
1128.50000,16924.19727
1129.00000,16981.47656
1129.50000,17041.81445
1130.00000,17098.49609
1130.50000,17144.62695
1131.00000,17181.02148
1131.50000,17210.01367
1132.00000,17236.73242
1132.50000,17266.64258
1133.00000,17305.15625
1133.50000,17354.79297
1134.00000,17415.84961
1134.50000,17488.88086
1135.00000,17568.34961
1135.50000,17650.39453
1136.00000,17731.21094
1136.50000,17809.34961
1137.00000,17884.76367
1137.50000,17958.78711
1138.00000,18032.25781
1138.50000,18105.93945
1139.00000,18181.61328
1139.50000,18263.75586
1140.00000,18359.14063
1140.50000,18471.77344
1141.00000,18607.22266
1141.50000,18760.99805
1142.00000,18927.22852
1142.50000,19100.93359
1143.00000,19277.99414
1143.50000,19460.20703
1144.00000,19652.57422
1144.50000,19859.75977
1145.00000,20091.13086
1145.50000,20348.62305
1146.00000,20634.81055
1146.50000,20953.47070
1147.00000,21296.23633
1147.50000,21658.78711
1148.00000,22032.67578
1148.50000,22410.71484
1149.00000,22789.53516
1149.50000,23167.86719
1150.00000,23545.14258
1150.50000,23918.86914
1151.00000,24285.36133
1151.50000,24636.99609
1152.00000,24966.02344
1152.50000,25265.96289
1153.00000,25518.13477
1153.50000,25717.54102
1154.00000,25851.64844
1154.50000,25906.84375
1155.00000,25893.50000
1155.50000,25808.37891
1156.00000,25662.45117
1156.50000,25466.31641
1157.00000,25214.14453
1157.50000,24917.75586
1158.00000,24578.37305
1158.50000,24200.16602
1159.00000,23796.71484
1159.50000,23374.65820
1160.00000,22943.70313
1160.50000,22510.85352
1161.00000,22083.46875
1161.50000,21666.77930
1162.00000,21267.13281
1162.50000,20890.30664
1163.00000,20536.39648
1163.50000,20211.34961
1164.00000,19915.12305
1164.50000,19647.93164
1165.00000,19415.15039
1165.50000,19208.12695
1166.00000,19023.58789
1166.50000,18855.77148
1167.00000,18698.47070
1167.50000,18551.41992
1168.00000,18413.81641
1168.50000,18286.01758
1169.00000,18169.84766
1169.50000,18063.22656
1170.00000,17967.02930
1170.50000,17881.43945
1171.00000,17804.58984
1171.50000,17735.31055
1172.00000,17669.71289
1172.50000,17606.33008
1173.00000,17547.77930
1173.50000,17498.28906
1174.00000,17464.17578
1174.50000,17446.92578
1175.00000,17441.06641
1175.50000,17439.25195
1176.00000,17433.35742
1176.50000,17420.39258
1177.00000,17401.94141
1177.50000,17383.37500
1178.00000,17368.41797
1178.50000,17358.37109
1179.00000,17353.00977
1179.50000,17354.75781
1180.00000,17365.21094
1180.50000,17386.36523
1181.00000,17417.36914
1181.50000,17451.20898
1182.00000,17480.40820
1182.50000,17500.56641
1183.00000,17513.64844
1183.50000,17526.06055
1184.00000,17545.25195
1184.50000,17574.94727
1185.00000,17613.93359
1185.50000,17655.84375
1186.00000,17695.68359
1186.50000,17731.57031
1187.00000,17764.75586
1187.50000,17796.83594
1188.00000,17828.14648
1188.50000,17856.49414
1189.00000,17878.41211
1189.50000,17892.86914
1190.00000,17899.13867
1190.50000,17899.77734
1191.00000,17897.13086
1191.50000,17892.08594
1192.00000,17885.00977
1192.50000,17874.67188
1193.00000,17859.41602
1193.50000,17838.75977
1194.00000,17811.50195
1194.50000,17778.84375
1195.00000,17742.21484
1195.50000,17702.58398
1196.00000,17661.39063
1196.50000,17618.93555
1197.00000,17575.74414
1197.50000,17532.93555
1198.00000,17492.34570
1198.50000,17454.83984
1199.00000,17420.09180
1199.50000,17386.83789
1200.00000,17353.66992
1200.50000,17321.22852
1201.00000,17291.78906
1201.50000,17266.59766
1202.00000,17244.56836
1202.50000,17220.22266
1203.00000,17188.18359
1203.50000,17145.76758
1204.00000,17099.84766
1204.50000,17061.42578
1205.00000,17040.27930
1205.50000,17036.82813
1206.00000,17046.24609
1206.50000,17055.49609
1207.00000,17056.30664
1207.50000,17046.17188
1208.00000,17031.68359
1208.50000,17019.82617
1209.00000,17014.45703
1209.50000,17013.73242
1210.00000,17012.84570
1210.50000,17007.41797
1211.00000,16995.91211
1211.50000,16979.29297
1212.00000,16960.55859
1212.50000,16941.19727
1213.00000,16921.64258
1213.50000,16901.44727
1214.00000,16879.42969
1214.50000,16855.02148
1215.00000,16827.55664
1215.50000,16797.13281
1216.00000,16765.52344
1216.50000,16735.08594
1217.00000,16707.56641
1217.50000,16682.90430
1218.00000,16659.89844
1218.50000,16636.60547
1219.00000,16612.85938
1219.50000,16590.43945
1220.00000,16571.33789
1220.50000,16556.92578
1221.00000,16545.16992
1221.50000,16532.86719
1222.00000,16516.31641
1222.50000,16495.21680
1223.00000,16470.69336
1223.50000,16445.82422
1224.00000,16423.52539
1224.50000,16406.50000
1225.00000,16394.92188
1225.50000,16388.00195
1226.00000,16384.50195
1226.50000,16381.94629
1227.00000,16379.27148
1227.50000,16376.85645
1228.00000,16376.12988
1228.50000,16378.80664
1229.00000,16384.10156
1229.50000,16389.94727
1230.00000,16393.55078
1230.50000,16394.21680
1231.00000,16392.73438
1231.50000,16391.12500
1232.00000,16390.48828
1232.50000,16390.80664
1233.00000,16391.82813
1233.50000,16395.10352
1234.00000,16404.68750
1234.50000,16422.23242
1235.00000,16447.16211
1235.50000,16472.90039
1236.00000,16491.86719
1236.50000,16497.01172
1237.00000,16491.95703
1237.50000,16483.64063
1238.00000,16481.35742
1238.50000,16488.28125
1239.00000,16502.63281
1239.50000,16517.50000
1240.00000,16527.32813
1240.50000,16528.18164
1241.00000,16522.55664
1241.50000,16513.11328
1242.00000,16503.45703
1242.50000,16497.01758
1243.00000,16498.05469
1243.50000,16509.01758
1244.00000,16529.73047
1244.50000,16558.63867
1245.00000,16588.48828
1245.50000,16613.11133
1246.00000,16627.65820
1246.50000,16632.90625
1247.00000,16630.65430
1247.50000,16625.81055
1248.00000,16622.24805
1248.50000,16623.54688
1249.00000,16630.32617
1249.50000,16643.30664
1250.00000,16662.00586
1250.50000,16684.46484
1251.00000,16709.58398
1251.50000,16735.87695
1252.00000,16762.42969
1252.50000,16788.03906
1253.00000,16811.49023
1253.50000,16831.28320
1254.00000,16846.95313
1254.50000,16859.90430
1255.00000,16871.91406
1255.50000,16884.82422
1256.00000,16899.25195
1256.50000,16915.30078
1257.00000,16932.81641
1257.50000,16952.93945
1258.00000,16976.64844
1258.50000,17003.04688
1259.00000,17029.36523
1259.50000,17051.72656
1260.00000,17067.55078
1260.50000,17076.04492
1261.00000,17080.64063
1261.50000,17083.80664
1262.00000,17086.86719
1262.50000,17089.21875
1263.00000,17089.22266
1263.50000,17086.93945
1264.00000,17083.51953
1264.50000,17080.74414
1265.00000,17079.26758
1265.50000,17078.53516
1266.00000,17077.39063
1266.50000,17075.63672
1267.00000,17074.60742
1267.50000,17075.87891
1268.00000,17080.32227
1268.50000,17087.58008
1269.00000,17095.95313
1269.50000,17104.41797
1270.00000,17112.73633
1270.50000,17121.26758
1271.00000,17130.36523
1271.50000,17139.66016
1272.00000,17148.62695
1272.50000,17157.00195
1273.00000,17165.17383
1273.50000,17173.50195
1274.00000,17181.46094
1274.50000,17187.45898
1275.00000,17188.21289
1275.50000,17183.22852
1276.00000,17173.56445
1276.50000,17163.24805
1277.00000,17156.67188
1277.50000,17157.24805
1278.00000,17163.71094
1278.50000,17172.94336
1279.00000,17182.00195
1279.50000,17190.41797
1280.00000,17200.20117
1280.50000,17213.53711
1281.00000,17229.25195
1281.50000,17242.49414
1282.00000,17247.75195
1282.50000,17242.70117
1283.00000,17228.90625
1283.50000,17214.12695
1284.00000,17203.99219
1284.50000,17199.25781
1285.00000,17195.95117
1285.50000,17189.77148
1286.00000,17180.53711
1286.50000,17171.44922
1287.00000,17166.88867
1287.50000,17166.58008
1288.00000,17166.67383
1288.50000,17161.36914
1289.00000,17148.48047
1289.50000,17128.68945
1290.00000,17107.11914
1290.50000,17086.60156
1291.00000,17067.10156
1291.50000,17046.71680
1292.00000,17025.20508
1292.50000,17005.79102
1293.00000,16992.18750
1293.50000,16987.63281
1294.00000,16988.60938
1294.50000,16990.63281
1295.00000,16989.05664
1295.50000,16982.77734
1296.00000,16971.74805
1296.50000,16956.70508
1297.00000,16937.56055
1297.50000,16913.36914
1298.00000,16887.54688
1298.50000,16865.97852
1299.00000,16856.78320
1299.50000,16861.96875
1300.00000,16879.36328
1300.50000,16898.12695
1301.00000,16908.75586
1301.50000,16903.34961
1302.00000,16887.16602
1302.50000,16867.66797
1303.00000,16854.47070
1303.50000,16851.27148
1304.00000,16857.09180
1304.50000,16864.33008
1305.00000,16866.53125
1305.50000,16859.78711
1306.00000,16848.81836
1306.50000,16840.17969
1307.00000,16840.47266
1307.50000,16850.05859
1308.00000,16865.51172
1308.50000,16880.03125
1309.00000,16889.63867
1309.50000,16892.97070
1310.00000,16893.29492
1310.50000,16892.74805
1311.00000,16891.93555
1311.50000,16889.93555
1312.00000,16885.69727
1312.50000,16880.51563
1313.00000,16876.84961
1313.50000,16877.53516
1314.00000,16882.03906
1314.50000,16888.35352
1315.00000,16893.32422
1315.50000,16895.86719
1316.00000,16897.03320
1316.50000,16899.56055
1317.00000,16905.13086
1317.50000,16913.41406
1318.00000,16921.08594
1318.50000,16923.83398
1319.00000,16918.54102
1319.50000,16905.41797
1320.00000,16886.04883
1320.50000,16866.18750
1321.00000,16851.13867
1321.50000,16846.32813
1322.00000,16851.89453
1322.50000,16866.32617
1323.00000,16883.79492
1323.50000,16898.18359
1324.00000,16902.95703
1324.50000,16898.07422
1325.00000,16886.05273
1325.50000,16873.37305
1326.00000,16866.76563
1326.50000,16871.09570
1327.00000,16884.48828
1327.50000,16901.03906
1328.00000,16912.94336
1328.50000,16916.67188
1329.00000,16912.76563
1329.50000,16906.60352
1330.00000,16903.85156
1330.50000,16907.78516
1331.00000,16916.74609
1331.50000,16927.29492
1332.00000,16936.00000
1332.50000,16941.77344
1333.00000,16944.39844
1333.50000,16943.73633
1334.00000,16939.47852
1334.50000,16930.01367
1335.00000,16916.06055
1335.50000,16900.14258
1336.00000,16887.39453
1336.50000,16881.90820
1337.00000,16887.21680
1337.50000,16903.78711
1338.00000,16927.85156
1338.50000,16955.00000
1339.00000,16978.88867
1339.50000,16994.69531
1340.00000,16998.14453
1340.50000,16992.46680
1341.00000,16982.20508
1341.50000,16974.93555
1342.00000,16976.01172
1342.50000,16988.62695
1343.00000,17007.63477
1343.50000,17027.07422
1344.00000,17040.63086
1344.50000,17046.77734
1345.00000,17045.83203
1345.50000,17040.83203
1346.00000,17034.74219
1346.50000,17029.62500
1347.00000,17027.13477
1347.50000,17029.66406
1348.00000,17041.03516
1348.50000,17061.71289
1349.00000,17091.00195
1349.50000,17123.05078
1350.00000,17151.48828
1350.50000,17169.62695
1351.00000,17177.35938
1351.50000,17176.20898
1352.00000,17169.62695
1352.50000,17162.10352
1353.00000,17156.43555
1353.50000,17154.09180
1354.00000,17155.21680
1354.50000,17159.92383
1355.00000,17166.47266
1355.50000,17173.71680
1356.00000,17181.05664
1356.50000,17188.58398
1357.00000,17195.95703
1357.50000,17201.02148
1358.00000,17200.27539
1358.50000,17187.66992
1359.00000,17164.48242
1359.50000,17134.61328
1360.00000,17107.50391
1360.50000,17091.55469
1361.00000,17093.04492
1361.50000,17107.53125
1362.00000,17125.95313
1362.50000,17139.02344
1363.00000,17143.60156
1363.50000,17140.57617
1364.00000,17134.57227
1364.50000,17129.81641
1365.00000,17127.73633
1365.50000,17126.50391
1366.00000,17123.96289
1366.50000,17119.05469
1367.00000,17113.88281
1367.50000,17112.26172
1368.00000,17117.83789
1368.50000,17131.00195
1369.00000,17150.90039
1369.50000,17172.60352
1370.00000,17191.80273
1370.50000,17205.19531
1371.00000,17214.46680
1371.50000,17223.12500
1372.00000,17235.47461
1372.50000,17252.36328
1373.00000,17270.39063
1373.50000,17282.19727
1374.00000,17282.23633
1374.50000,17268.84570
1375.00000,17249.97266
1375.50000,17235.06445
1376.00000,17231.91016
1376.50000,17240.68750
1377.00000,17257.03516
1377.50000,17271.39063
1378.00000,17277.83789
1378.50000,17274.83789
1379.00000,17267.68164
1379.50000,17261.85352
1380.00000,17260.85742
1380.50000,17264.99609
1381.00000,17275.02539
1381.50000,17290.25781
1382.00000,17311.25195
1382.50000,17336.97070
1383.00000,17362.98047
1383.50000,17383.59570
1384.00000,17395.61328
1384.50000,17400.46680
1385.00000,17402.81445
1385.50000,17408.73828
1386.00000,17420.40039
1386.50000,17436.16797
1387.00000,17452.30078
1387.50000,17466.70703
1388.00000,17479.63867
1388.50000,17491.67773
1389.00000,17500.98828
1389.50000,17504.85938
1390.00000,17500.61328
1390.50000,17489.70117
1391.00000,17478.47266
1391.50000,17472.92188
1392.00000,17473.03125
1392.50000,17473.90430
1393.00000,17468.23633
1393.50000,17455.32031
1394.00000,17440.13281
1394.50000,17432.32617
1395.00000,17436.77539
1395.50000,17452.70898
1396.00000,17469.39844
1396.50000,17477.59961
1397.00000,17472.97852
1397.50000,17462.06250
1398.00000,17451.67188
1398.50000,17446.35938
1399.00000,17445.06445
1399.50000,17444.86719
1400.00000,17443.94727
1400.50000,17443.56055
1401.00000,17446.42578
1401.50000,17452.36719
1402.00000,17458.66992
1402.50000,17461.95508
1403.00000,17461.84961
1403.50000,17460.42383
1404.00000,17460.68359
1404.50000,17463.22070
1405.00000,17465.88477
1405.50000,17465.89258
1406.00000,17462.00391
1406.50000,17456.28711
1407.00000,17452.14453
1407.50000,17453.10742
1408.00000,17459.24805
1408.50000,17469.94727
1409.00000,17483.25977
1409.50000,17495.74414
1410.00000,17503.30273
1410.50000,17503.51563
1411.00000,17497.37109
1411.50000,17488.64063
1412.00000,17483.53320
1412.50000,17485.56055
1413.00000,17493.66992
1413.50000,17503.31641
1414.00000,17511.98047
1414.50000,17520.67969
1415.00000,17531.97070
1415.50000,17546.87500
1416.00000,17560.50781
1416.50000,17565.88086
1417.00000,17558.04883
1417.50000,17541.34375
1418.00000,17525.36328
1418.50000,17519.46289
1419.00000,17526.15820
1419.50000,17543.18164
1420.00000,17561.83594
1420.50000,17576.87891
1421.00000,17586.24805
1421.50000,17591.19922
1422.00000,17592.07813
1422.50000,17590.05273
1423.00000,17587.30664
1423.50000,17589.13477
1424.00000,17599.69727
1424.50000,17621.51953
1425.00000,17650.81836
1425.50000,17679.41016
1426.00000,17698.22656
1426.50000,17704.93750
1427.00000,17702.34375
1427.50000,17697.56055
1428.00000,17698.52734
1428.50000,17709.42969
1429.00000,17728.81250
1429.50000,17751.21094
1430.00000,17770.21094
1430.50000,17782.07617
1431.00000,17786.25586
1431.50000,17784.94922
1432.00000,17782.80078
1432.50000,17782.67969
1433.00000,17785.52930
1433.50000,17791.27344
1434.00000,17802.08789
1434.50000,17819.27734
1435.00000,17843.18750
1435.50000,17870.03320
1436.00000,17892.39258
1436.50000,17903.16602
1437.00000,17902.66406
1437.50000,17898.60547
1438.00000,17903.56055
1438.50000,17922.77344
1439.00000,17955.52930
1439.50000,17994.84375
1440.00000,18032.02930
1440.50000,18061.71484
1441.00000,18083.11328
1441.50000,18097.08203
1442.00000,18102.16992
1442.50000,18100.85352
1443.00000,18096.99219
1443.50000,18097.63477
1444.00000,18107.20703
1444.50000,18126.63867
1445.00000,18148.93164
1445.50000,18166.01758
1446.00000,18169.81055
1446.50000,18161.99609
1447.00000,18145.73242
1447.50000,18127.14258
1448.00000,18111.70703
1448.50000,18104.70313
1449.00000,18108.62500
1449.50000,18123.80469
1450.00000,18148.24414
1450.50000,18173.54492
1451.00000,18192.11523
1451.50000,18199.21289
1452.00000,18196.72070
1452.50000,18188.25000
1453.00000,18177.96289
1453.50000,18166.51563
1454.00000,18153.04688
1454.50000,18138.57813
1455.00000,18126.12500
1455.50000,18119.25195
1456.00000,18118.41992
1456.50000,18122.03906
1457.00000,18125.67773
1457.50000,18127.11133
1458.00000,18125.92383
1458.50000,18123.07031
1459.00000,18118.13086
1459.50000,18110.62695
1460.00000,18101.96875
1460.50000,18097.62891
1461.00000,18104.26758
1461.50000,18127.02539
1462.00000,18164.76172
1462.50000,18206.27734
1463.00000,18238.95117
1463.50000,18253.82031
1464.00000,18251.62305
1464.50000,18238.28906
1465.00000,18226.61914
1465.50000,18223.70508
1466.00000,18229.26367
1466.50000,18234.08594
1467.00000,18230.50195
1467.50000,18219.09766
1468.00000,18207.92969
1468.50000,18209.75195
1469.00000,18227.03516
1469.50000,18254.88281
1470.00000,18279.88867
1470.50000,18291.47266
1471.00000,18287.65820
1471.50000,18278.59570
1472.00000,18274.52344
1472.50000,18282.56836
1473.00000,18298.17969
1473.50000,18315.69141
1474.00000,18330.59375
1474.50000,18343.60352
1475.00000,18358.33789
1475.50000,18376.68750
1476.00000,18397.45508
1476.50000,18417.95898
1477.00000,18436.57422
1477.50000,18453.42969
1478.00000,18469.77539
1478.50000,18486.65234
1479.00000,18505.06250
1479.50000,18526.20508
1480.00000,18551.35156
1480.50000,18581.33789
1481.00000,18613.11328
1481.50000,18642.55273
1482.00000,18666.00391
1482.50000,18683.93750
1483.00000,18699.60742
1483.50000,18718.61328
1484.00000,18744.43164
1484.50000,18778.85742
1485.00000,18819.97266
1485.50000,18867.64453
1486.00000,18920.40820
1486.50000,18974.86523
1487.00000,19025.08203
1487.50000,19066.39844
1488.00000,19097.76367
1488.50000,19125.46094
1489.00000,19159.52344
1489.50000,19207.66016
1490.00000,19268.48047
1490.50000,19333.37695
1491.00000,19392.19727
1491.50000,19442.38086
1492.00000,19488.87109
1492.50000,19542.79492
1493.00000,19609.50586
1493.50000,19689.66016
1494.00000,19777.21875
1494.50000,19867.48047
1495.00000,19960.96875
1495.50000,20059.73047
1496.00000,20164.83594
1496.50000,20273.45117
1497.00000,20381.37305
1497.50000,20490.27930
1498.00000,20608.15430
1498.50000,20742.90820
1499.00000,20902.07227
1499.50000,21075.35742
1500.00000,21252.23242
1500.50000,21423.02148
1501.00000,21588.99609
1501.50000,21760.50000
1502.00000,21948.69336
1502.50000,22159.07617
1503.00000,22396.31641
1503.50000,22651.78320
1504.00000,22920.79883
1504.50000,23195.93164
1505.00000,23468.48828
1505.50000,23730.46289
1506.00000,23980.80859
1506.50000,24223.81641
1507.00000,24467.65625
1507.50000,24718.40625
1508.00000,24976.03320
1508.50000,25232.23047
1509.00000,25475.97656
1509.50000,25695.65430
1510.00000,25891.16406
1510.50000,26064.69336
1511.00000,26217.35547
1511.50000,26355.44922
1512.00000,26478.18555
1512.50000,26583.20313
1513.00000,26667.03320
1513.50000,26719.86523
1514.00000,26742.33203
1514.50000,26735.15234
1515.00000,26700.32227
1515.50000,26648.45313
1516.00000,26582.83789
1516.50000,26505.94922
1517.00000,26418.67383
1517.50000,26319.48633
1518.00000,26210.06055
1518.50000,26087.94922
1519.00000,25945.75586
1519.50000,25780.27344
1520.00000,25586.00000
1520.50000,25368.39258
1521.00000,25138.61523
1521.50000,24907.02344
1522.00000,24678.14844
1522.50000,24449.74609
1523.00000,24217.28516
1523.50000,23980.49023
1524.00000,23743.12891
1524.50000,23510.27148
1525.00000,23282.25391
1525.50000,23052.91016
1526.00000,22815.89063
1526.50000,22570.19531
1527.00000,22323.53711
1527.50000,22087.33008
1528.00000,21872.31641
1528.50000,21677.38672
1529.00000,21494.90430
1529.50000,21317.51953
1530.00000,21142.17188
1530.50000,20972.38281
1531.00000,20812.41211
1531.50000,20660.90234
1532.00000,20514.54492
1532.50000,20369.72070
1533.00000,20228.86328
1533.50000,20101.53906
1534.00000,19991.13867
1534.50000,19897.07031
1535.00000,19809.99023
1535.50000,19719.62305
1536.00000,19622.37500
1536.50000,19526.29102
1537.00000,19442.81445
1537.50000,19381.10742
1538.00000,19334.07031
1538.50000,19292.13867
1539.00000,19245.47070
1539.50000,19193.08398
1540.00000,19142.03906
1540.50000,19101.57422
1541.00000,19074.18945
1541.50000,19054.94531
1542.00000,19033.49219
1542.50000,19003.08398
1543.00000,18964.17773
1543.50000,18923.08008
1544.00000,18887.70898
1544.50000,18861.63086
1545.00000,18844.28320
1545.50000,18834.31250
1546.00000,18828.85156
1546.50000,18826.72266
1547.00000,18824.99414
1547.50000,18819.79688
1548.00000,18805.76953
1548.50000,18784.61328
1549.00000,18761.60547
1549.50000,18745.11523
1550.00000,18738.90625
1550.50000,18742.01563
1551.00000,18745.88867
1551.50000,18742.18359
1552.00000,18725.26563
1552.50000,18702.71484
1553.00000,18683.37695
1553.50000,18675.79688
1554.00000,18679.96875
1554.50000,18692.32031
1555.00000,18704.98242
1555.50000,18712.58984
1556.00000,18712.48047
1556.50000,18707.63086
1557.00000,18700.50977
1557.50000,18694.63867
1558.00000,18693.25000
1558.50000,18700.03516
1559.00000,18714.32031
1559.50000,18730.96289
1560.00000,18740.08398
1560.50000,18736.01953
1561.00000,18717.16016
1561.50000,18690.38281
1562.00000,18666.84570
1562.50000,18656.36133
1563.00000,18658.62500
1563.50000,18666.03516
1564.00000,18669.68945
1564.50000,18666.29688
1565.00000,18658.18750
1565.50000,18652.79102
1566.00000,18656.05859
1566.50000,18672.04883
1567.00000,18694.59180
1567.50000,18716.68555
1568.00000,18730.77344
1568.50000,18735.57617
1569.00000,18733.04688
1569.50000,18729.97070
1570.00000,18733.02539
1570.50000,18746.27344
1571.00000,18765.71289
1571.50000,18785.62500
1572.00000,18798.92188
1572.50000,18802.58398
1573.00000,18794.41406
1573.50000,18776.02734
1574.00000,18752.30664
1574.50000,18730.33984
1575.00000,18717.75781
1575.50000,18720.43359
1576.00000,18740.23828
1576.50000,18768.59180
1577.00000,18795.42969
1577.50000,18812.60938
1578.00000,18820.54297
1578.50000,18823.48633
1579.00000,18827.77734
1579.50000,18835.17969
1580.00000,18843.55469
1580.50000,18849.49609
1581.00000,18851.55859
1581.50000,18851.51953
1582.00000,18851.39453
1582.50000,18852.60547
1583.00000,18855.29297
1583.50000,18859.38672
1584.00000,18863.41016
1584.50000,18863.87109
1585.00000,18855.30469
1585.50000,18836.34375
1586.00000,18810.82227
1586.50000,18787.88672
1587.00000,18776.04688
1587.50000,18780.05273
1588.00000,18795.66016
1588.50000,18813.63477
1589.00000,18827.56641
1589.50000,18835.49023
1590.00000,18837.75195
1590.50000,18833.50391
1591.00000,18823.93555
1591.50000,18811.92188
1592.00000,18804.55273
1592.50000,18807.61719
1593.00000,18824.33594
1593.50000,18847.13867
1594.00000,18865.79492
1594.50000,18868.60742
1595.00000,18857.27539
1595.50000,18836.74219
1596.00000,18815.56641
1596.50000,18799.73438
1597.00000,18793.41406
1597.50000,18795.60156
1598.00000,18804.07617
1598.50000,18814.02930
1599.00000,18819.93945
1599.50000,18817.87695
1600.00000,18808.77344
1600.50000,18797.47852
1601.00000,18789.03711
1601.50000,18783.94336
1602.00000,18779.22656
1602.50000,18772.76172
1603.00000,18767.37109
1603.50000,18769.88086
1604.00000,18784.37109
1604.50000,18806.79492
1605.00000,18824.89844
1605.50000,18828.91406
1606.00000,18816.78906
1606.50000,18796.01953
1607.00000,18779.52930
1607.50000,18776.46094
1608.00000,18785.69141
1608.50000,18798.58008
1609.00000,18806.55078
1609.50000,18807.37109
1610.00000,18802.94727
1610.50000,18798.49023
1611.00000,18798.79102
1611.50000,18806.66602
1612.00000,18819.53711
1612.50000,18832.71289
1613.00000,18839.50586
1613.50000,18837.67383
1614.00000,18827.93750
1614.50000,18816.00781
1615.00000,18808.21484
1615.50000,18807.41406
1616.00000,18810.80859
1616.50000,18814.86719
1617.00000,18818.16797
1617.50000,18822.49023
1618.00000,18829.46680
1618.50000,18836.73047
1619.00000,18839.60547
1619.50000,18834.33594
1620.00000,18825.12891
1620.50000,18820.23633
1621.00000,18829.99805
1621.50000,18850.85352
1622.00000,18873.18164
1622.50000,18884.55664
1623.00000,18881.46875
1623.50000,18868.39648
1624.00000,18859.12891
1624.50000,18862.46484
1625.00000,18877.39648
1625.50000,18891.63477
1626.00000,18893.63086
1626.50000,18879.66992
1627.00000,18857.25781
1627.50000,18839.87109
1628.00000,18835.77734
1628.50000,18844.36133
1629.00000,18858.00586
1629.50000,18867.12891
1630.00000,18867.33008
1630.50000,18861.98633
1631.00000,18857.81055
1631.50000,18859.54688
1632.00000,18865.64844
1632.50000,18873.51563
1633.00000,18881.92578
1633.50000,18892.35352
1634.00000,18907.24023
1634.50000,18924.86719
1635.00000,18940.69727
1635.50000,18948.98828
1636.00000,18950.25781
1636.50000,18947.91406
1637.00000,18947.15625
1637.50000,18949.05664
1638.00000,18950.63672
1638.50000,18948.23633
1639.00000,18941.63477
1639.50000,18934.17188
1640.00000,18930.95313
1640.50000,18934.49805
1641.00000,18944.07422
1641.50000,18956.77344
1642.00000,18970.80078
1642.50000,18983.91992
1643.00000,18993.17773
1643.50000,18993.72656
1644.00000,18986.99805
1644.50000,18977.33594
1645.00000,18973.10938
1645.50000,18979.09375
1646.00000,18995.07422
1646.50000,19011.24805
1647.00000,19018.96484
1647.50000,19013.96289
1648.00000,19003.05469
1648.50000,18993.38086
1649.00000,18989.47852
1649.50000,18988.84766
1650.00000,18985.97852
1650.50000,18978.83594
1651.00000,18970.19531
1651.50000,18966.40820
1652.00000,18970.65625
1652.50000,18982.69727
1653.00000,18996.48242
1653.50000,19006.67578
1654.00000,19009.96289
1654.50000,19008.43359
1655.00000,19005.44727
1655.50000,19005.25977
1656.00000,19009.50195
1656.50000,19018.59570
1657.00000,19030.86719
1657.50000,19043.67969
1658.00000,19053.51758
1658.50000,19057.34375
1659.00000,19052.82227
1659.50000,19038.47656
1660.00000,19017.46289
1660.50000,18993.76563
1661.00000,18973.84766
1661.50000,18963.11523
1662.00000,18965.74219
1662.50000,18977.41602
1663.00000,18993.13672
1663.50000,19006.04102
1664.00000,19011.92773
1664.50000,19008.83008
1665.00000,19001.67383
1665.50000,18996.59961
1666.00000,19000.50977
1666.50000,19013.52344
1667.00000,19032.63477
1667.50000,19050.03711
1668.00000,19059.50000
1668.50000,19058.73242
1669.00000,19053.08398
1669.50000,19049.87891
1670.00000,19056.96875
1670.50000,19073.43945
1671.00000,19093.97461
1671.50000,19110.45313
1672.00000,19118.35547
1672.50000,19116.02148
1673.00000,19108.14648
1673.50000,19100.17383
1674.00000,19096.71094
1674.50000,19098.01172
1675.00000,19103.56250
1675.50000,19112.00391
1676.00000,19121.82227
1676.50000,19131.42578
1677.00000,19138.50586
1677.50000,19140.96094
1678.00000,19136.89063
1678.50000,19128.60742
1679.00000,19119.14258
1679.50000,19112.59180
1680.00000,19110.80664
1680.50000,19115.58594
1681.00000,19126.42969
1681.50000,19143.12109
1682.00000,19165.01953
1682.50000,19188.17383
1683.00000,19208.78125
1683.50000,19224.43750
1684.00000,19235.39453
1684.50000,19241.47461
1685.00000,19242.61719
1685.50000,19237.53906
1686.00000,19226.59766
1686.50000,19215.42383
1687.00000,19211.39063
1687.50000,19218.12891
1688.00000,19230.57031
1688.50000,19236.85547
1689.00000,19230.26758
1689.50000,19212.28516
1690.00000,19193.16602
1690.50000,19184.17969
1691.00000,19190.31055
1691.50000,19204.88672
1692.00000,19220.42383
1692.50000,19233.86914
1693.00000,19248.27734
1693.50000,19268.05273
1694.00000,19293.72266
1694.50000,19319.97461
1695.00000,19340.32227
1695.50000,19351.03320
1696.00000,19352.50391
1696.50000,19346.67578
1697.00000,19341.11133
1697.50000,19341.61133
1698.00000,19352.44727
1698.50000,19371.32617
1699.00000,19392.09766
1699.50000,19405.27734
1700.00000,19406.69922
1700.50000,19396.04688
1701.00000,19381.73242
1701.50000,19370.58008
1702.00000,19367.59766
1702.50000,19371.87695
1703.00000,19381.94336
1703.50000,19394.95703
1704.00000,19409.03906
1704.50000,19422.08789
1705.00000,19432.10352
1705.50000,19437.60547
1706.00000,19439.01172
1706.50000,19439.17969
1707.00000,19442.60352
1707.50000,19452.98828
1708.00000,19470.59961
1708.50000,19491.19727
1709.00000,19507.46875
1709.50000,19513.42578
1710.00000,19509.05469
1710.50000,19501.60742
1711.00000,19501.13672
1711.50000,19511.62305
1712.00000,19531.16406
1712.50000,19552.63086
1713.00000,19567.14258
1713.50000,19568.94141
1714.00000,19559.44922
1714.50000,19544.98047
1715.00000,19534.69531
1715.50000,19536.58594
1716.00000,19555.22266
1716.50000,19587.71094
1717.00000,19623.48242
1717.50000,19652.94141
1718.00000,19670.17383
1718.50000,19674.77344
1719.00000,19667.89063
1719.50000,19655.29297
1720.00000,19640.83203
1720.50000,19629.89063
1721.00000,19626.47266
1721.50000,19632.97852
1722.00000,19645.17188
1722.50000,19658.44922
1723.00000,19670.54883
1723.50000,19682.64648
1724.00000,19696.00391
1724.50000,19708.64258
1725.00000,19717.31250
1725.50000,19720.23242
1726.00000,19720.51758
1726.50000,19721.81055
1727.00000,19724.31836
1727.50000,19724.48828
1728.00000,19721.26172
1728.50000,19719.90430
1729.00000,19727.91992
1729.50000,19750.06445
1730.00000,19776.03906
1730.50000,19793.72266
1731.00000,19793.47656
1731.50000,19782.55273
1732.00000,19773.27539
1732.50000,19777.26563
1733.00000,19794.36328
1733.50000,19820.36914
1734.00000,19847.61328
1734.50000,19872.06836
1735.00000,19891.36328
1735.50000,19905.70703
1736.00000,19914.06641
1736.50000,19916.94531
1737.00000,19917.02539
1737.50000,19918.60352
1738.00000,19925.66602
1738.50000,19939.98438
1739.00000,19959.92969
1739.50000,19978.20898
1740.00000,19985.98047
