280.00000,2613.96216
280.50000,2614.94409
281.00000,2610.76929
281.50000,2607.34448
282.00000,2608.89038
282.50000,2615.40625
283.00000,2623.32739
283.50000,2628.41431
284.00000,2630.15186
284.50000,2629.44653
285.00000,2628.13599
285.50000,2627.40332
286.00000,2626.88184
286.50000,2625.72754
287.00000,2624.25049
287.50000,2624.15112
288.00000,2626.91675
288.50000,2633.46680
289.00000,2642.29224
289.50000,2649.63525
290.00000,2652.30029
290.50000,2649.88477
291.00000,2643.88770
291.50000,2637.30518
292.00000,2633.66895
292.50000,2634.46558
293.00000,2639.09521
293.50000,2645.65820
294.00000,2652.55420
294.50000,2658.44043
295.00000,2662.59277
295.50000,2664.52734
296.00000,2664.52661
296.50000,2662.59741
297.00000,2659.41382
297.50000,2656.14697
298.00000,2654.56909
298.50000,2655.20557
299.00000,2657.82031
299.50000,2661.61865
300.00000,2665.30054
300.50000,2667.94824
301.00000,2669.23975
301.50000,2669.66577
302.00000,2669.48950
302.50000,2668.85376
303.00000,2667.58838
303.50000,2665.43848
304.00000,2662.67236
304.50000,2660.00488
305.00000,2658.30640
305.50000,2658.03296
306.00000,2659.61060
306.50000,2662.41748
307.00000,2665.81372
307.50000,2668.94409
308.00000,2671.46631
308.50000,2673.41772
309.00000,2675.37671
309.50000,2678.10791
310.00000,2682.97144
310.50000,2690.19702
311.00000,2699.31812
311.50000,2709.07886
312.00000,2717.77637
312.50000,2723.55103
313.00000,2725.58545
313.50000,2724.42725
314.00000,2721.44214
314.50000,2718.43506
315.00000,2716.21802
315.50000,2714.81299
316.00000,2713.42188
316.50000,2710.98853
317.00000,2707.58887
317.50000,2704.08350
318.00000,2702.04346
318.50000,2702.40503
319.00000,2705.86523
319.50000,2712.04077
320.00000,2719.09790
320.50000,2725.48193
321.00000,2730.24414
321.50000,2733.08423
322.00000,2733.94019
322.50000,2733.68433
323.00000,2732.97144
323.50000,2732.33350
324.00000,2731.97314
324.50000,2731.97144
325.00000,2732.19531
325.50000,2732.50146
326.00000,2732.74219
326.50000,2732.89063
327.00000,2732.98145
327.50000,2733.08521
328.00000,2733.23975
328.50000,2733.41895
329.00000,2733.49536
329.50000,2733.32202
330.00000,2732.73877
330.50000,2731.75732
331.00000,2730.39282
331.50000,2728.86572
332.00000,2727.62842
332.50000,2727.59668
333.00000,2729.33594
333.50000,2733.40698
334.00000,2740.12524
334.50000,2748.59497
335.00000,2757.72095
335.50000,2765.67383
336.00000,2771.44238
336.50000,2774.18457
337.00000,2774.84106
337.50000,2774.34106
338.00000,2773.97803
338.50000,2774.73047
339.00000,2776.88086
339.50000,2779.86426
340.00000,2783.00708
340.50000,2785.64526
341.00000,2787.60034
341.50000,2788.98608
342.00000,2790.42212
342.50000,2792.51367
343.00000,2795.82007
343.50000,2800.35669
344.00000,2805.78491
344.50000,2811.42114
345.00000,2816.13794
345.50000,2818.93579
346.00000,2819.17773
346.50000,2817.13721
347.00000,2813.03174
347.50000,2807.97583
348.00000,2803.14526
348.50000,2799.94214
349.00000,2798.76099
349.50000,2800.01514
350.00000,2803.56543
350.50000,2808.64844
351.00000,2814.58765
351.50000,2820.28931
352.00000,2825.03296
352.50000,2828.22095
353.00000,2829.99707
353.50000,2830.34375
354.00000,2829.49097
354.50000,2827.74902
355.00000,2825.32422
355.50000,2822.68286
356.00000,2820.28857
356.50000,2818.86060
357.00000,2818.82861
357.50000,2820.77637
358.00000,2824.75146
358.50000,2829.85400
359.00000,2835.14893
359.50000,2839.56372
360.00000,2842.29321
360.50000,2842.75757
361.00000,2841.51904
361.50000,2839.58716
362.00000,2838.39185
362.50000,2838.81030
363.00000,2841.61792
363.50000,2846.09424
364.00000,2851.29614
364.50000,2855.63354
365.00000,2858.20239
365.50000,2858.60181
366.00000,2857.44165
366.50000,2855.64502
367.00000,2854.16016
367.50000,2853.56641
368.00000,2854.00317
368.50000,2855.11206
369.00000,2856.35156
369.50000,2857.24243
370.00000,2857.43604
370.50000,2856.81152
371.00000,2855.39087
371.50000,2854.09351
372.00000,2854.07910
372.50000,2856.59937
373.00000,2861.85571
373.50000,2869.66016
374.00000,2878.05811
374.50000,2884.40894
375.00000,2885.80908
375.50000,2882.56738
376.00000,2875.47632
376.50000,2866.95776
377.00000,2859.71899
377.50000,2856.29810
378.00000,2857.07910
378.50000,2860.62646
379.00000,2865.45483
379.50000,2869.86816
380.00000,2872.85107
380.50000,2874.00195
381.00000,2873.59082
381.50000,2872.00952
382.00000,2870.18213
382.50000,2868.84985
383.00000,2868.85083
383.50000,2870.28711
384.00000,2873.01807
384.50000,2876.07788
385.00000,2878.34863
385.50000,2879.11987
386.00000,2878.90601
386.50000,2878.61694
387.00000,2879.51392
387.50000,2882.11719
388.00000,2886.53101
388.50000,2891.59058
389.00000,2896.35596
389.50000,2900.21460
390.00000,2903.28662
390.50000,2905.73999
391.00000,2907.53149
391.50000,2908.37622
392.00000,2907.82544
392.50000,2906.18018
393.00000,2904.33203
393.50000,2903.67603
394.00000,2904.87695
394.50000,2907.84155
395.00000,2910.90186
395.50000,2912.02100
396.00000,2909.88135
396.50000,2905.28809
397.00000,2900.26514
397.50000,2897.90283
398.00000,2899.78467
398.50000,2906.03589
399.00000,2914.06934
399.50000,2920.81006
400.00000,2923.70239
400.50000,2922.46167
401.00000,2918.36182
401.50000,2913.60986
402.00000,2910.67041
402.50000,2910.43115
403.00000,2912.51514
403.50000,2915.60840
404.00000,2918.59204
404.50000,2920.71875
405.00000,2921.80493
405.50000,2921.92383
406.00000,2921.61743
406.50000,2921.19629
407.00000,2921.11694
407.50000,2921.83789
408.00000,2924.09644
408.50000,2928.09521
409.00000,2933.57349
409.50000,2939.61304
410.00000,2945.00488
410.50000,2948.69019
411.00000,2950.15527
411.50000,2949.76611
412.00000,2948.06152
412.50000,2946.30615
413.00000,2945.33350
413.50000,2945.67334
414.00000,2947.11572
414.50000,2949.46875
415.00000,2952.28247
415.50000,2955.14917
416.00000,2957.74097
416.50000,2959.99683
417.00000,2961.91846
417.50000,2963.54370
418.00000,2965.00610
418.50000,2966.40308
419.00000,2967.87256
419.50000,2969.56274
420.00000,2971.67822
420.50000,2974.22437
421.00000,2977.18115
421.50000,2980.40015
422.00000,2983.59424
422.50000,2986.44263
423.00000,2988.69092
423.50000,2990.32446
424.00000,2991.29004
424.50000,2991.81665
425.00000,2992.03882
425.50000,2992.19287
426.00000,2992.59375
426.50000,2993.78638
427.00000,2996.06592
427.50000,2999.38623
428.00000,3003.57446
428.50000,3007.92334
429.00000,3011.88086
429.50000,3015.06177
430.00000,3017.56177
430.50000,3019.58350
431.00000,3021.23096
431.50000,3022.18726
432.00000,3021.65479
432.50000,3019.56470
433.00000,3016.22119
433.50000,3013.09692
434.00000,3012.12305
434.50000,3014.86694
435.00000,3020.44727
435.50000,3026.93481
436.00000,3031.36719
436.50000,3032.00317
437.00000,3028.11499
437.50000,3021.57300
438.00000,3015.81299
438.50000,3013.62280
439.00000,3015.09741
439.50000,3018.96582
440.00000,3022.92310
440.50000,3024.98047
441.00000,3024.22192
441.50000,3021.87988
442.00000,3019.77393
442.50000,3019.18555
443.00000,3019.98022
443.50000,3021.46118
444.00000,3022.67432
444.50000,3023.20923
445.00000,3023.37720
445.50000,3023.95605
446.00000,3025.29932
446.50000,3027.47168
447.00000,3029.99243
447.50000,3032.53882
448.00000,3034.93140
448.50000,3037.05835
449.00000,3038.32324
449.50000,3037.78149
450.00000,3034.71948
450.50000,3028.42188
451.00000,3020.46362
451.50000,3012.96191
452.00000,3009.08203
452.50000,3010.35156
453.00000,3016.67188
453.50000,3025.30054
454.00000,3033.32349
454.50000,3037.75879
455.00000,3038.42334
455.50000,3035.99072
456.00000,3032.49854
456.50000,3029.86377
457.00000,3028.63965
457.50000,3028.07495
458.00000,3027.26416
458.50000,3025.56787
459.00000,3023.43701
459.50000,3021.83691
460.00000,3021.98022
460.50000,3023.74219
461.00000,3026.52344
461.50000,3029.10303
462.00000,3030.69312
462.50000,3030.97559
463.00000,3030.77393
463.50000,3031.15869
464.00000,3032.99536
464.50000,3036.01294
465.00000,3039.46216
465.50000,3042.18481
466.00000,3043.37402
466.50000,3042.51025
467.00000,3040.33667
467.50000,3037.73999
468.00000,3035.78491
468.50000,3034.81177
469.00000,3034.78223
469.50000,3034.99023
470.00000,3034.81226
470.50000,3033.79688
471.00000,3032.25806
471.50000,3031.08228
472.00000,3031.35645
472.50000,3033.53296
473.00000,3037.81934
473.50000,3043.04883
474.00000,3047.97681
474.50000,3051.17944
475.00000,3052.21582
475.50000,3051.25562
476.00000,3049.51709
476.50000,3047.94165
477.00000,3047.02661
477.50000,3046.45972
478.00000,3045.75415
478.50000,3044.57129
479.00000,3043.34204
479.50000,3043.21729
480.00000,3045.01465
480.50000,3048.60864
481.00000,3053.08057
481.50000,3056.54810
482.00000,3057.36475
482.50000,3054.58740
483.00000,3049.28540
483.50000,3043.37598
484.00000,3038.87744
484.50000,3036.67285
485.00000,3037.21753
485.50000,3039.32324
486.00000,3042.20093
486.50000,3045.14746
487.00000,3047.82666
487.50000,3049.98413
488.00000,3051.35425
488.50000,3051.65869
489.00000,3050.65332
489.50000,3049.00952
490.00000,3047.63208
490.50000,3047.67627
491.00000,3049.64502
491.50000,3053.36621
492.00000,3057.65186
492.50000,3061.56689
493.00000,3064.38550
493.50000,3066.19629
494.00000,3067.07861
494.50000,3067.06787
495.00000,3065.93091
495.50000,3063.10669
496.00000,3058.94385
496.50000,3054.20239
497.00000,3050.20190
497.50000,3047.88916
498.00000,3047.81396
498.50000,3049.37158
499.00000,3051.24780
499.50000,3052.27808
500.00000,3052.51416
500.50000,3052.74902
501.00000,3054.32300
501.50000,3057.85181
502.00000,3063.43140
502.50000,3069.79126
503.00000,3074.96826
503.50000,3076.54175
504.00000,3074.25146
504.50000,3068.36182
505.00000,3060.19214
505.50000,3052.08154
506.00000,3046.27979
506.50000,3044.17554
507.00000,3045.89990
507.50000,3050.80688
508.00000,3056.46973
508.50000,3061.39087
509.00000,3064.59399
509.50000,3066.36572
510.00000,3067.30469
510.50000,3068.28809
511.00000,3069.67432
511.50000,3071.25293
512.00000,3072.58618
512.50000,3073.69385
513.00000,3075.17236
513.50000,3077.71973
514.00000,3081.96997
514.50000,3087.41455
515.00000,3092.85059
515.50000,3095.99585
516.00000,3096.02515
516.50000,3092.54761
517.00000,3086.33301
517.50000,3079.04419
518.00000,3072.26465
518.50000,3067.30518
519.00000,3064.98950
519.50000,3066.47607
520.00000,3071.04517
520.50000,3078.08301
521.00000,3086.17017
521.50000,3093.64331
522.00000,3098.78589
522.50000,3101.14673
523.00000,3100.98779
523.50000,3099.05347
524.00000,3096.64819
524.50000,3094.06494
525.00000,3090.82373
525.50000,3086.36475
526.00000,3080.26685
526.50000,3073.44385
527.00000,3067.30127
527.50000,3063.75757
528.00000,3063.36670
528.50000,3065.59351
529.00000,3068.40674
529.50000,3069.99780
530.00000,3068.91895
530.50000,3065.73804
531.00000,3061.57129
531.50000,3057.97461
532.00000,3055.74731
532.50000,3054.63892
533.00000,3053.24097
533.50000,3050.57202
534.00000,3046.31104
534.50000,3041.84570
535.00000,3039.02344
535.50000,3039.90845
536.00000,3044.64453
536.50000,3052.67554
537.00000,3061.24951
537.50000,3068.14648
538.00000,3071.54321
538.50000,3072.10278
539.00000,3070.59888
539.50000,3068.13599
540.00000,3065.47046
540.50000,3062.56567
541.00000,3059.19287
541.50000,3055.59302
542.00000,3052.75122
542.50000,3051.51001
543.00000,3052.41235
543.50000,3055.01367
544.00000,3057.92065
544.50000,3059.66040
545.00000,3059.64502
545.50000,3058.46460
546.00000,3057.59814
546.50000,3058.06006
547.00000,3060.08008
547.50000,3062.85376
548.00000,3065.18530
548.50000,3066.03662
549.00000,3065.44946
549.50000,3063.98413
550.00000,3062.36230
550.50000,3060.86108
551.00000,3059.22290
551.50000,3057.08179
552.00000,3054.40869
552.50000,3051.46094
553.00000,3048.74634
553.50000,3046.57617
554.00000,3045.08032
554.50000,3044.12524
555.00000,3044.08301
555.50000,3045.68408
556.00000,3049.43579
556.50000,3055.84229
557.00000,3063.65747
557.50000,3071.21875
558.00000,3076.26709
558.50000,3077.78540
559.00000,3075.69751
559.50000,3071.87158
560.00000,3068.22754
560.50000,3066.38208
561.00000,3066.37061
561.50000,3067.56567
562.00000,3068.69678
562.50000,3068.66699
563.00000,3066.71118
563.50000,3063.20801
564.00000,3059.13550
564.50000,3055.59180
565.00000,3053.28833
565.50000,3052.60327
566.00000,3053.39990
566.50000,3054.86890
567.00000,3056.27466
567.50000,3057.09766
568.00000,3057.39063
568.50000,3057.54272
569.00000,3057.82373
569.50000,3057.99536
570.00000,3057.34180
570.50000,3055.37329
571.00000,3051.96094
571.50000,3048.28101
572.00000,3046.01367
572.50000,3047.56567
573.00000,3052.36719
573.50000,3059.15332
574.00000,3065.39722
574.50000,3069.16797
575.00000,3069.33398
575.50000,3067.28271
576.00000,3065.05933
576.50000,3064.96045
577.00000,3067.32886
577.50000,3070.94946
578.00000,3073.49463
578.50000,3073.46777
579.00000,3070.05103
579.50000,3064.70752
580.00000,3059.26196
580.50000,3055.81641
581.00000,3055.05835
581.50000,3057.13940
582.00000,3060.83521
582.50000,3064.61060
583.00000,3067.18506
583.50000,3068.06982
584.00000,3067.19043
584.50000,3064.89160
585.00000,3062.26563
585.50000,3060.44067
586.00000,3060.42334
586.50000,3062.50562
587.00000,3066.44409
587.50000,3070.88232
588.00000,3074.72021
588.50000,3077.03540
589.00000,3077.92090
589.50000,3077.72485
590.00000,3077.24341
590.50000,3077.00952
591.00000,3077.19409
591.50000,3077.44580
592.00000,3077.49097
592.50000,3077.32373
593.00000,3077.21533
593.50000,3077.42383
594.00000,3077.84497
594.50000,3078.02148
595.00000,3077.08545
595.50000,3074.84058
596.00000,3071.57715
596.50000,3068.67505
597.00000,3067.46484
597.50000,3069.03857
598.00000,3072.84863
598.50000,3077.51611
599.00000,3081.09399
599.50000,3082.51563
600.00000,3081.59131
600.50000,3079.54688
601.00000,3078.31543
601.50000,3079.33960
602.00000,3082.22095
602.50000,3085.70581
603.00000,3088.07837
603.50000,3088.60986
604.00000,3087.36450
604.50000,3085.45801
605.00000,3084.09814
605.50000,3083.88086
606.00000,3084.00317
606.50000,3083.24658
607.00000,3080.66748
607.50000,3076.94092
608.00000,3073.42944
608.50000,3071.88672
609.00000,3073.01221
609.50000,3076.79346
610.00000,3081.30908
610.50000,3084.66333
611.00000,3085.17285
611.50000,3083.57520
612.00000,3081.01392
612.50000,3079.01074
613.00000,3078.23755
613.50000,3078.58130
614.00000,3078.83447
614.50000,3077.84937
615.00000,3074.69580
615.50000,3069.72461
616.00000,3063.50708
616.50000,3057.13989
617.00000,3051.39575
617.50000,3047.22925
618.00000,3045.09058
618.50000,3045.69409
619.00000,3049.66943
619.50000,3056.24390
620.00000,3064.32227
620.50000,3071.58691
621.00000,3075.77344
621.50000,3074.58984
622.00000,3069.12036
622.50000,3060.68530
623.00000,3051.69751
623.50000,3044.42432
624.00000,3040.72095
624.50000,3040.82129
625.00000,3044.12158
625.50000,3050.21191
626.00000,3057.61304
626.50000,3065.34424
627.00000,3072.22412
627.50000,3077.34448
628.00000,3079.52344
628.50000,3078.70435
629.00000,3075.39966
629.50000,3070.38892
630.00000,3065.20752
630.50000,3060.85254
631.00000,3057.88208
631.50000,3056.13696
632.00000,3055.60571
632.50000,3056.29956
633.00000,3058.58301
633.50000,3063.14258
634.00000,3069.48682
634.50000,3076.78833
635.00000,3083.25806
635.50000,3087.19678
636.00000,3086.61475
636.50000,3081.78516
637.00000,3074.13965
637.50000,3066.12866
638.00000,3060.20679
638.50000,3058.37817
639.00000,3061.21509
639.50000,3067.69214
640.00000,3076.70557
640.50000,3086.07446
641.00000,3094.21948
641.50000,3099.58472
642.00000,3101.77539
642.50000,3100.28906
643.00000,3095.52441
643.50000,3088.49927
644.00000,3080.42017
644.50000,3073.23218
645.00000,3068.65308
645.50000,3068.26318
646.00000,3071.70093
646.50000,3078.52808
647.00000,3086.97217
647.50000,3095.24658
648.00000,3101.68579
648.50000,3105.80762
649.00000,3107.19141
649.50000,3105.75342
650.00000,3102.46411
650.50000,3098.46216
651.00000,3095.60278
651.50000,3095.36548
652.00000,3099.25366
652.50000,3105.74707
653.00000,3112.39966
653.50000,3115.78540
654.00000,3114.44019
654.50000,3107.98486
655.00000,3099.16113
655.50000,3091.07544
656.00000,3086.92773
656.50000,3086.82129
657.00000,3089.80713
657.50000,3093.44922
658.00000,3095.57227
658.50000,3094.89014
659.00000,3092.30737
659.50000,3089.02710
660.00000,3086.28394
660.50000,3084.79297
661.00000,3085.21289
661.50000,3087.98877
662.00000,3092.94287
662.50000,3099.70264
663.00000,3106.45288
663.50000,3111.01733
664.00000,3110.46582
664.50000,3105.27222
665.00000,3096.87598
665.50000,3088.65308
666.00000,3083.53076
666.50000,3083.81567
667.00000,3088.11865
667.50000,3094.00757
668.00000,3098.16040
668.50000,3098.76245
669.00000,3095.26025
669.50000,3089.40698
670.00000,3083.72461
670.50000,3080.28906
671.00000,3079.19043
671.50000,3079.75098
672.00000,3080.73560
672.50000,3081.08130
673.00000,3080.37256
673.50000,3079.04224
674.00000,3077.86792
674.50000,3077.76636
675.00000,3078.91748
675.50000,3081.15039
676.00000,3083.71655
676.50000,3085.78223
677.00000,3086.65112
677.50000,3086.21045
678.00000,3084.82007
678.50000,3083.07715
679.00000,3081.83496
679.50000,3081.78394
680.00000,3083.38843
680.50000,3086.35303
681.00000,3090.24927
681.50000,3094.05518
682.00000,3096.88281
682.50000,3097.77808
683.00000,3096.97705
683.50000,3094.90723
684.00000,3092.66284
684.50000,3091.42139
685.00000,3092.30811
685.50000,3095.27466
686.00000,3099.50171
686.50000,3103.40088
687.00000,3105.31201
687.50000,3103.98608
688.00000,3099.69312
688.50000,3094.10400
689.00000,3089.18262
689.50000,3086.40601
690.00000,3086.13086
690.50000,3087.83203
691.00000,3089.79077
691.50000,3090.84985
692.00000,3090.80444
692.50000,3090.58813
693.00000,3091.71069
693.50000,3094.78418
694.00000,3099.11792
694.50000,3103.06665
695.00000,3105.27393
695.50000,3105.22412
696.00000,3103.93945
696.50000,3103.01416
697.00000,3103.76489
697.50000,3105.75977
698.00000,3107.63647
698.50000,3107.50000
699.00000,3105.00464
699.50000,3101.13379
700.00000,3098.49292
700.50000,3098.79980
701.00000,3102.92432
701.50000,3108.81836
702.00000,3114.32910
702.50000,3117.54810
703.00000,3118.65845
703.50000,3118.94482
704.00000,3120.40869
704.50000,3123.91943
705.00000,3128.94946
705.50000,3132.84302
706.00000,3132.79297
706.50000,3127.18018
707.00000,3117.70386
707.50000,3107.14893
708.00000,3099.37012
708.50000,3096.67896
709.00000,3100.63574
709.50000,3108.04468
710.00000,3115.58691
710.50000,3119.50684
711.00000,3118.68848
711.50000,3113.72607
712.00000,3108.31909
712.50000,3105.86206
713.00000,3108.71655
713.50000,3114.98755
714.00000,3122.21729
714.50000,3127.57495
715.00000,3130.18506
715.50000,3130.53027
716.00000,3130.55249
716.50000,3131.31006
717.00000,3132.36865
717.50000,3132.00928
718.00000,3128.57837
718.50000,3122.25488
719.00000,3115.67188
719.50000,3112.40283
720.00000,3113.81030
720.50000,3119.03101
721.00000,3125.15869
721.50000,3128.74341
722.00000,3127.70776
722.50000,3122.76660
723.00000,3116.72510
723.50000,3112.82056
724.00000,3112.54321
724.50000,3115.74414
725.00000,3121.06592
725.50000,3126.42969
726.00000,3130.85986
726.50000,3134.26929
727.00000,3136.87549
727.50000,3138.31592
728.00000,3138.22461
728.50000,3136.08813
729.00000,3131.74463
729.50000,3126.22559
730.00000,3120.68066
730.50000,3116.28467
731.00000,3113.49951
731.50000,3112.57642
732.00000,3112.80884
732.50000,3113.86719
733.00000,3115.73511
733.50000,3118.42505
734.00000,3122.03369
734.50000,3126.05737
735.00000,3129.61646
735.50000,3131.17139
736.00000,3130.13672
736.50000,3126.27905
737.00000,3120.61621
737.50000,3115.35571
738.00000,3113.15210
738.50000,3115.46777
739.00000,3122.07178
739.50000,3131.24219
740.00000,3139.56128
740.50000,3144.35767
741.00000,3144.07324
741.50000,3139.66016
742.00000,3132.39600
742.50000,3124.72729
743.00000,3118.40186
743.50000,3115.07520
744.00000,3114.83130
744.50000,3118.00562
745.00000,3124.19287
745.50000,3132.02856
746.00000,3139.69092
746.50000,3145.16064
747.00000,3147.29297
747.50000,3145.59180
748.00000,3141.86865
748.50000,3137.80835
749.00000,3135.07764
749.50000,3134.26245
750.00000,3135.62622
750.50000,3138.48364
751.00000,3142.43042
751.50000,3147.07446
752.00000,3151.47534
752.50000,3154.05249
753.00000,3153.01929
753.50000,3148.05640
754.00000,3140.34814
754.50000,3133.66650
755.00000,3131.56836
755.50000,3136.65625
756.00000,3146.60669
756.50000,3157.33276
757.00000,3163.33838
757.50000,3161.83008
758.00000,3151.86353
758.50000,3138.70068
759.00000,3127.53516
759.50000,3123.13184
760.00000,3125.37158
760.50000,3132.26172
761.00000,3139.27563
761.50000,3143.84839
762.00000,3145.25757
762.50000,3145.63623
763.00000,3146.64502
763.50000,3148.78467
764.00000,3150.67822
764.50000,3149.94629
765.00000,3145.29443
765.50000,3137.36011
766.00000,3128.44971
766.50000,3122.11304
767.00000,3121.21045
767.50000,3126.88916
768.00000,3136.94531
768.50000,3148.19922
769.00000,3156.90088
769.50000,3160.99658
770.00000,3159.19385
770.50000,3153.99023
771.00000,3147.90039
771.50000,3144.02222
772.00000,3143.90625
772.50000,3148.22266
773.00000,3154.84985
773.50000,3161.20776
774.00000,3164.30688
774.50000,3163.40137
775.00000,3158.62720
775.50000,3151.89990
776.00000,3145.61572
776.50000,3141.65332
777.00000,3140.11426
777.50000,3140.40088
778.00000,3141.66577
778.50000,3143.03223
779.00000,3144.28101
779.50000,3145.62354
780.00000,3147.44092
780.50000,3150.33643
781.00000,3154.52148
781.50000,3160.12744
782.00000,3167.01709
782.50000,3174.21558
783.00000,3180.34302
783.50000,3183.84521
784.00000,3183.96167
784.50000,3180.37134
785.00000,3175.02612
785.50000,3169.80884
786.00000,3166.69531
786.50000,3166.17798
787.00000,3168.17798
787.50000,3171.43945
788.00000,3174.73071
788.50000,3177.13037
789.00000,3178.59570
789.50000,3179.31470
790.00000,3179.58447
790.50000,3179.65356
791.00000,3179.57178
791.50000,3179.47192
792.00000,3179.66309
792.50000,3180.91162
793.00000,3183.60181
793.50000,3188.05591
794.00000,3193.91455
794.50000,3199.84692
795.00000,3203.82056
795.50000,3204.04785
796.00000,3199.71021
796.50000,3190.45972
797.00000,3179.23999
797.50000,3169.14380
798.00000,3163.64697
798.50000,3163.93628
799.00000,3170.46948
799.50000,3180.41626
800.00000,3190.82690
800.50000,3198.78345
801.00000,3203.56543
801.50000,3205.36182
802.00000,3205.28491
802.50000,3204.59961
803.00000,3204.08862
803.50000,3204.21289
804.00000,3205.22241
804.50000,3207.33667
805.00000,3210.10645
805.50000,3212.78784
806.00000,3214.18213
806.50000,3213.43579
807.00000,3209.69922
807.50000,3203.83398
808.00000,3197.09448
808.50000,3191.31201
809.00000,3187.82202
809.50000,3187.87158
810.00000,3191.36719
810.50000,3197.29932
811.00000,3204.67041
811.50000,3211.89673
812.00000,3217.91089
812.50000,3221.96240
813.00000,3224.39893
813.50000,3225.53906
814.00000,3225.95483
814.50000,3225.98315
815.00000,3225.73389
815.50000,3225.60229
816.00000,3226.38696
816.50000,3229.40723
817.00000,3235.10791
817.50000,3243.40527
818.00000,3252.31323
818.50000,3259.30273
819.00000,3261.45630
819.50000,3259.41357
820.00000,3254.80469
820.50000,3250.69336
821.00000,3249.30444
821.50000,3251.43286
822.00000,3255.08545
822.50000,3257.54785
823.00000,3255.75439
823.50000,3249.90649
824.00000,3241.37012
824.50000,3233.26074
825.00000,3228.26489
825.50000,3228.34033
826.00000,3232.41650
826.50000,3238.27100
827.00000,3243.10522
827.50000,3245.30103
828.00000,3244.47314
828.50000,3242.07397
829.00000,3240.23853
829.50000,3240.82642
830.00000,3244.10010
830.50000,3249.42529
831.00000,3255.75977
831.50000,3261.85278
832.00000,3266.98315
832.50000,3270.71338
833.00000,3272.83594
833.50000,3272.54175
834.00000,3269.87085
834.50000,3265.36206
835.00000,3260.69971
835.50000,3258.29639
836.00000,3260.62036
836.50000,3268.32690
837.00000,3279.51758
837.50000,3290.98071
838.00000,3298.96582
838.50000,3301.39258
839.00000,3298.00537
839.50000,3291.79761
840.00000,3285.39551
840.50000,3280.92358
841.00000,3278.79419
841.50000,3278.84814
842.00000,3280.05054
842.50000,3282.28101
843.00000,3286.14209
843.50000,3291.89893
844.00000,3299.57227
844.50000,3307.86694
845.00000,3315.12793
845.50000,3319.43750
846.00000,3320.91626
846.50000,3320.32666
847.00000,3319.28662
847.50000,3319.21289
848.00000,3320.78662
848.50000,3323.54004
849.00000,3326.71436
849.50000,3329.94043
850.00000,3333.35938
850.50000,3337.36938
851.00000,3342.16235
851.50000,3347.31250
852.00000,3352.07056
852.50000,3355.74072
853.00000,3358.01147
853.50000,3358.55542
854.00000,3357.79004
854.50000,3355.81348
855.00000,3353.03369
855.50000,3350.33911
856.00000,3349.19336
856.50000,3350.75391
857.00000,3355.42285
857.50000,3362.78687
858.00000,3370.50488
858.50000,3376.40918
859.00000,3379.08618
859.50000,3379.07227
860.00000,3377.61230
860.50000,3376.33813
861.00000,3375.78101
861.50000,3375.67920
862.00000,3375.55322
862.50000,3375.81152
863.00000,3377.82837
863.50000,3382.75171
864.00000,3391.36279
864.50000,3401.62769
865.00000,3410.79321
865.50000,3415.65112
866.00000,3415.94458
866.50000,3412.88428
867.00000,3409.95435
867.50000,3410.13135
868.00000,3415.62891
868.50000,3424.78198
869.00000,3435.19482
869.50000,3443.95923
870.00000,3449.82349
870.50000,3452.62207
871.00000,3453.74438
871.50000,3454.59399
872.00000,3455.88379
872.50000,3457.47900
873.00000,3459.08105
873.50000,3460.61597
874.00000,3462.39453
874.50000,3464.89355
875.00000,3468.12036
875.50000,3471.51587
876.00000,3473.96362
876.50000,3474.89160
877.00000,3474.33423
877.50000,3473.41431
878.00000,3473.70020
878.50000,3476.48999
879.00000,3481.18140
879.50000,3485.73730
880.00000,3486.44263
880.50000,3481.45557
881.00000,3469.93774
881.50000,3453.98950
882.00000,3438.13403
882.50000,3427.43091
883.00000,3424.44141
883.50000,3429.02954
884.00000,3439.11792
884.50000,3449.60181
885.00000,3456.75537
885.50000,3458.33105
886.00000,3455.10376
886.50000,3448.45386
887.00000,3441.21387
887.50000,3435.17114
888.00000,3431.29785
888.50000,3428.81250
889.00000,3426.85571
889.50000,3424.70215
890.00000,3422.42603
890.50000,3420.86572
891.00000,3420.72339
891.50000,3422.07251
892.00000,3424.04565
892.50000,3425.04883
893.00000,3423.73462
893.50000,3420.09985
894.00000,3415.60913
894.50000,3412.48633
895.00000,3412.05835
895.50000,3414.31689
896.00000,3417.71021
896.50000,3419.82031
897.00000,3418.72876
897.50000,3414.46655
898.00000,3408.58936
898.50000,3402.97852
899.00000,3398.90869
899.50000,3396.69287
900.00000,3396.00610
900.50000,3396.12256
901.00000,3397.03589
901.50000,3398.99512
902.00000,3402.13867
902.50000,3406.35498
903.00000,3410.55005
903.50000,3413.52930
904.00000,3414.16528
904.50000,3412.59692
905.00000,3409.40063
905.50000,3406.17749
906.00000,3404.35059
906.50000,3405.40186
907.00000,3408.83179
907.50000,3413.80762
908.00000,3418.77197
908.50000,3422.56396
909.00000,3424.82544
909.50000,3426.63647
910.00000,3429.37598
910.50000,3434.29980
911.00000,3440.58838
911.50000,3446.43872
912.00000,3449.23169
912.50000,3447.94751
913.00000,3442.38965
913.50000,3434.92773
914.00000,3427.97168
914.50000,3423.92114
915.00000,3423.18188
915.50000,3425.92090
916.00000,3431.47974
916.50000,3438.67310
917.00000,3446.38306
917.50000,3453.03247
918.00000,3457.27222
918.50000,3457.95459
919.00000,3456.22778
919.50000,3453.81543
920.00000,3453.10889
920.50000,3455.29468
921.00000,3460.63086
921.50000,3467.14136
922.00000,3473.00439
922.50000,3476.80908
923.00000,3478.83496
923.50000,3479.65894
924.00000,3480.01929
924.50000,3480.12988
925.00000,3479.75195
925.50000,3479.00269
926.00000,3478.44165
926.50000,3479.08936
927.00000,3481.34082
927.50000,3485.12012
928.00000,3489.34058
928.50000,3492.84009
929.00000,3494.58789
929.50000,3494.86694
930.00000,3494.27466
930.50000,3493.92554
931.00000,3494.91211
931.50000,3498.43506
932.00000,3504.69824
932.50000,3512.90283
933.00000,3521.36353
933.50000,3527.90161
934.00000,3531.02417
934.50000,3530.78491
935.00000,3529.45874
935.50000,3529.75781
936.00000,3533.27734
936.50000,3539.56519
937.00000,3546.69165
937.50000,3552.18750
938.00000,3555.00317
938.50000,3556.16309
939.00000,3558.13794
939.50000,3563.55200
940.00000,3572.97510
940.50000,3585.48828
941.00000,3599.52051
941.50000,3613.15186
942.00000,3625.51758
942.50000,3636.71533
943.00000,3647.70801
943.50000,3660.07788
944.00000,3675.32324
944.50000,3694.55469
945.00000,3718.41260
945.50000,3744.40796
946.00000,3769.13721
946.50000,3788.45020
947.00000,3800.58521
947.50000,3804.86890
948.00000,3805.49390
948.50000,3806.65747
949.00000,3812.14111
949.50000,3822.10669
950.00000,3835.36621
950.50000,3849.05420
951.00000,3860.84497
951.50000,3868.79077
952.00000,3873.13281
952.50000,3874.41992
953.00000,3873.88989
953.50000,3873.78394
954.00000,3876.59351
954.50000,3884.00757
955.00000,3895.74487
955.50000,3910.23340
956.00000,3923.61597
956.50000,3932.69629
957.00000,3935.46313
957.50000,3933.81689
958.00000,3930.53882
958.50000,3929.27808
959.00000,3931.90039
959.50000,3939.16187
960.00000,3948.38208
960.50000,3956.87524
961.00000,3961.64160
961.50000,3961.54517
962.00000,3955.58667
962.50000,3945.08105
963.00000,3931.93848
963.50000,3918.04199
964.00000,3905.08667
964.50000,3893.64795
965.00000,3883.15869
965.50000,3872.27222
966.00000,3859.66943
966.50000,3845.30493
967.00000,3830.26318
967.50000,3816.71826
968.00000,3806.15137
968.50000,3799.28345
969.00000,3794.99731
969.50000,3790.84277
970.00000,3784.48267
970.50000,3775.58398
971.00000,3765.79883
971.50000,3758.85229
972.00000,3757.39502
972.50000,3762.76440
973.00000,3772.57813
973.50000,3782.10864
974.00000,3786.25757
974.50000,3783.72974
975.00000,3776.33398
975.50000,3768.64722
976.00000,3765.34204
976.50000,3769.10034
977.00000,3778.52148
977.50000,3789.46167
978.00000,3797.44385
978.50000,3800.64453
979.00000,3799.60620
979.50000,3796.72363
980.00000,3795.03784
980.50000,3796.41455
981.00000,3800.91479
981.50000,3807.41162
982.00000,3815.09058
982.50000,3823.33960
983.00000,3832.43701
983.50000,3843.11572
984.00000,3855.49487
984.50000,3869.45239
985.00000,3883.89795
985.50000,3897.55151
986.00000,3908.94531
986.50000,3918.15234
987.00000,3925.85229
987.50000,3933.62842
988.00000,3942.95117
988.50000,3954.84326
989.00000,3968.94946
989.50000,3984.43628
990.00000,4001.08667
990.50000,4019.10254
991.00000,4039.60913
991.50000,4063.62744
992.00000,4090.44653
992.50000,4118.69580
993.00000,4146.11182
993.50000,4171.42334
994.00000,4194.45703
994.50000,4217.32080
995.00000,4242.47217
995.50000,4272.35693
996.00000,4307.56055
996.50000,4348.99902
997.00000,4395.37109
997.50000,4445.23340
998.00000,4496.88525
998.50000,4547.59668
999.00000,4594.59424
999.50000,4635.38818
1000.00000,4669.51611
1000.50000,4696.06348
1001.00000,4717.08350
1001.50000,4734.34717
1002.00000,4749.23486
1002.50000,4763.19775
1003.00000,4776.22852
1003.50000,4787.25439
1004.00000,4794.69434
1004.50000,4795.41797
1005.00000,4788.81689
1005.50000,4775.08740
1006.00000,4755.43213
1006.50000,4733.19531
1007.00000,4709.72998
1007.50000,4684.72412
1008.00000,4656.53857
1008.50000,4622.26807
1009.00000,4582.50928
1009.50000,4539.39209
1010.00000,4497.01855
1010.50000,4458.78174
1011.00000,4426.54248
1011.50000,4398.84375
1012.00000,4372.85645
1012.50000,4346.20166
1013.00000,4318.22803
1013.50000,4289.74756
1014.00000,4262.45361
1014.50000,4237.33057
1015.00000,4214.82471
1015.50000,4194.00732
1016.00000,4173.57275
1016.50000,4152.10742
1017.00000,4129.11328
1017.50000,4104.91992
1018.00000,4081.30273
1018.50000,4060.66162
1019.00000,4046.05225
1019.50000,4037.98901
1020.00000,4034.70288
1020.50000,4032.87671
1021.00000,4028.39771
1021.50000,4019.10693
1022.00000,4005.83594
1022.50000,3992.36255
1023.00000,3983.03662
1023.50000,3979.61694
1024.00000,3980.82642
1024.50000,3983.03149
1025.00000,3981.74658
1025.50000,3974.09253
1026.00000,3960.32227
1026.50000,3944.16528
1027.00000,3930.40918
1027.50000,3922.74268
1028.00000,3922.43433
1028.50000,3928.99268
1029.00000,3937.68774
1029.50000,3944.11304
1030.00000,3944.36963
1030.50000,3937.70166
1031.00000,3924.30078
1031.50000,3908.09741
1032.00000,3892.71924
1032.50000,3881.83911
1033.00000,3876.17578
1033.50000,3875.68823
1034.00000,3878.24731
1034.50000,3881.18774
1035.00000,3882.16528
1035.50000,3880.47852
1036.00000,3876.48071
1036.50000,3871.41138
1037.00000,3866.88379
1037.50000,3863.88818
1038.00000,3862.38428
1038.50000,3861.63477
1039.00000,3860.99658
1039.50000,3860.33203
1040.00000,3860.18799
1040.50000,3861.55688
1041.00000,3864.72168
1041.50000,3869.57764
1042.00000,3874.92139
1042.50000,3879.33789
1043.00000,3881.07520
1043.50000,3879.98999
1044.00000,3876.50488
1044.50000,3872.33569
1045.00000,3869.87524
1045.50000,3871.65625
1046.00000,3878.21924
1046.50000,3888.12988
1047.00000,3898.58228
1047.50000,3906.34326
1048.00000,3909.58496
1048.50000,3908.63159
1049.00000,3906.10010
1049.50000,3904.19849
1050.00000,3903.62622
1050.50000,3903.36621
1051.00000,3901.50098
1051.50000,3897.62476
1052.00000,3892.66675
1052.50000,3888.75610
1053.00000,3887.11646
1053.50000,3887.68652
1054.00000,3888.52563
1054.50000,3888.09717
1055.00000,3886.01855
1055.50000,3883.95605
1056.00000,3883.74146
1056.50000,3886.15381
1057.00000,3890.02197
1057.50000,3893.52148
1058.00000,3895.49634
1058.50000,3896.31616
1059.00000,3897.60767
1059.50000,3900.71753
1060.00000,3905.93921
1060.50000,3911.88086
1061.00000,3916.64697
1061.50000,3918.42285
1062.00000,3917.37427
1062.50000,3914.36963
1063.00000,3910.77441
1063.50000,3907.91919
1064.00000,3906.65063
1064.50000,3907.08105
1065.00000,3908.66138
1065.50000,3910.64331
1066.00000,3912.08765
1066.50000,3912.46802
1067.00000,3911.71460
1067.50000,3910.49512
1068.00000,3909.44531
1068.50000,3909.01904
1069.00000,3909.33594
1069.50000,3910.76270
1070.00000,3913.53369
1070.50000,3918.21851
1071.00000,3925.24805
1071.50000,3933.92432
1072.00000,3943.32593
1072.50000,3952.07935
1073.00000,3959.18994
1073.50000,3963.26758
1074.00000,3964.11450
1074.50000,3961.08984
1075.00000,3954.27905
1075.50000,3945.69897
1076.00000,3938.23096
1076.50000,3934.71582
1077.00000,3935.95923
1077.50000,3940.86035
1078.00000,3945.16382
1078.50000,3945.68091
1079.00000,3941.79932
1079.50000,3936.81079
1080.00000,3935.55762
1080.50000,3940.69922
1081.00000,3951.41943
1081.50000,3964.43164
1082.00000,3975.36157
1082.50000,3982.17749
1083.00000,3985.57935
1083.50000,3987.79150
1084.00000,3989.71899
1084.50000,3990.66357
1085.00000,3989.39258
1085.50000,3985.54492
1086.00000,3981.57178
1086.50000,3980.64453
1087.00000,3984.84570
1087.50000,3993.08105
1088.00000,4002.93726
1088.50000,4011.53223
1089.00000,4018.11255
1089.50000,4023.76489
1090.00000,4030.24194
1090.50000,4037.93823
1091.00000,4045.39575
1091.50000,4050.84912
1092.00000,4053.10669
1092.50000,4053.67505
1093.00000,4054.45435
1093.50000,4056.93237
1094.00000,4060.58838
1094.50000,4064.10864
1095.00000,4066.47900
1095.50000,4068.12769
1096.00000,4070.59448
1096.50000,4074.86597
1097.00000,4080.62573
1097.50000,4086.02979
1098.00000,4089.22998
1098.50000,4089.23218
1099.00000,4087.26709
1099.50000,4085.44849
1100.00000,4086.10840
1100.50000,4089.60669
1101.00000,4095.48901
1101.50000,4102.33496
1102.00000,4108.45801
1102.50000,4112.39648
1103.00000,4113.70459
1103.50000,4112.87939
1104.00000,4111.06689
1104.50000,4110.28027
1105.00000,4112.15283
1105.50000,4117.50195
1106.00000,4125.35547
1106.50000,4134.67236
1107.00000,4144.22998
1107.50000,4153.65771
1108.00000,4163.08545
1108.50000,4172.50195
1109.00000,4181.29688
1109.50000,4188.42969
1110.00000,4193.48047
1110.50000,4196.29736
1111.00000,4197.84375
1111.50000,4198.89014
1112.00000,4199.94043
1112.50000,4201.50977
1113.00000,4204.81152
1113.50000,4211.74512
1114.00000,4223.27734
1114.50000,4239.78564
1115.00000,4258.04785
1115.50000,4274.21240
1116.00000,4284.12695
1116.50000,4288.01953
1117.00000,4287.68066
1117.50000,4287.18945
1118.00000,4289.70947
1118.50000,4297.35840
1119.00000,4309.10742
1119.50000,4323.72168
1120.00000,4339.75244
1120.50000,4355.27637
1121.00000,4368.19287
1121.50000,4376.92920
1122.00000,4381.81152
1122.50000,4384.84473
1123.00000,4390.20117
1123.50000,4401.22266
1124.00000,4419.39795
1124.50000,4441.43848
1125.00000,4463.46777
1125.50000,4482.20508
1126.00000,4497.42236
1126.50000,4510.76025
1127.00000,4524.99609
1127.50000,4541.26855
1128.00000,4559.11865
1128.50000,4577.10791
1129.00000,4594.56494
1129.50000,4611.83887
1130.00000,4629.47510
1130.50000,4647.44482
1131.00000,4664.93750
1131.50000,4681.41357
1132.00000,4697.43945
1132.50000,4714.50391
1133.00000,4734.00488
1133.50000,4755.28174
1134.00000,4776.25000
1134.50000,4793.95996
1135.00000,4808.18506
1135.50000,4820.38379
1136.00000,4833.86230
1136.50000,4850.93799
1137.00000,4872.69141
1137.50000,4897.41602
1138.00000,4923.61133
1138.50000,4951.52002
1139.00000,4982.43555
1139.50000,5018.47803
1140.00000,5060.00146
1140.50000,5104.37451
1141.00000,5148.10059
1141.50000,5188.72217
1142.00000,5226.81396
1142.50000,5266.20215
1143.00000,5311.26855
1143.50000,5365.74756
1144.00000,5429.93799
1144.50000,5500.87891
1145.00000,5577.30762
1145.50000,5658.62109
1146.00000,5747.40332
1146.50000,5848.78271
1147.00000,5962.41992
1147.50000,6087.06396
1148.00000,6216.66650
1148.50000,6345.22852
1149.00000,6469.39063
1149.50000,6591.28516
1150.00000,6714.81494
1150.50000,6843.44775
1151.00000,6975.34424
1151.50000,7104.91797
1152.00000,7224.73242
1152.50000,7330.68799
1153.00000,7418.30762
1153.50000,7491.37061
1154.00000,7550.04639
1154.50000,7590.90381
1155.00000,7612.24951
1155.50000,7606.74170
1156.00000,7573.57764
1156.50000,7516.50146
1157.00000,7436.06494
1157.50000,7341.09668
1158.00000,7234.16260
1158.50000,7116.38184
1159.00000,6990.15576
1159.50000,6855.83154
1160.00000,6716.10352
1160.50000,6573.51025
1161.00000,6429.88623
1161.50000,6286.87695
1162.00000,6145.97852
1162.50000,6009.61084
1163.00000,5879.89063
1163.50000,5761.04150
1164.00000,5654.27979
1164.50000,5559.32178
1165.00000,5476.49072
1165.50000,5401.01074
1166.00000,5330.79932
1166.50000,5264.40430
1167.00000,5201.58447
1167.50000,5144.77393
1168.00000,5095.29590
1168.50000,5053.72266
1169.00000,5020.38086
1169.50000,4991.86328
1170.00000,4966.19385
1170.50000,4941.46045
1171.00000,4916.52490
1171.50000,4890.45508
1172.00000,4862.56982
1172.50000,4832.54150
1173.00000,4801.33154
1173.50000,4772.12988
1174.00000,4749.58740
1174.50000,4737.10400
1175.00000,4733.66211
1175.50000,4736.05078
1176.00000,4737.34375
1176.50000,4733.10449
1177.00000,4722.44043
1177.50000,4710.42041
1178.00000,4702.83350
1178.50000,4703.21143
1179.00000,4710.30518
1179.50000,4720.79102
1180.00000,4729.89941
1180.50000,4735.61377
1181.00000,4738.32275
1181.50000,4740.40332
1182.00000,4743.36963
1182.50000,4747.39990
1183.00000,4751.91992
1183.50000,4756.92871
1184.00000,4763.13281
1184.50000,4771.59473
1185.00000,4782.80518
1185.50000,4795.66064
1186.00000,4809.20801
1186.50000,4823.09375
1187.00000,4837.99951
1187.50000,4855.32080
1188.00000,4874.42529
1188.50000,4893.35596
1189.00000,4908.72266
1189.50000,4918.73096
1190.00000,4922.47510
1190.50000,4922.26807
1191.00000,4920.48535
1191.50000,4918.15381
1192.00000,4914.79004
1192.50000,4908.99512
1193.00000,4900.10693
1193.50000,4889.47852
1194.00000,4879.30078
1194.50000,4871.52148
1195.00000,4866.47656
1195.50000,4862.90576
1196.00000,4857.92285
1196.50000,4848.72852
1197.00000,4833.67725
1197.50000,4813.77393
1198.00000,4790.69141
1198.50000,4767.78467
1199.00000,4747.40137
1199.50000,4730.92969
1200.00000,4716.76514
1200.50000,4702.93506
1201.00000,4687.61035
1201.50000,4670.83496
1202.00000,4654.37891
1202.50000,4640.59473
1203.00000,4630.77539
1203.50000,4624.76855
1204.00000,4620.02051
1204.50000,4614.65820
1205.00000,4608.30713
1205.50000,4602.27002
1206.00000,4598.79053
1206.50000,4598.49561
1207.00000,4600.81934
1207.50000,4604.06299
1208.00000,4606.36816
1208.50000,4606.61816
1209.00000,4604.64893
1209.50000,4600.63281
1210.00000,4593.91895
1210.50000,4584.88770
1211.00000,4574.41455
1211.50000,4565.06836
1212.00000,4559.68848
1212.50000,4560.91553
1213.00000,4567.62744
1213.50000,4575.85352
1214.00000,4579.20459
1214.50000,4574.02002
1215.00000,4558.92383
1215.50000,4536.51416
1216.00000,4512.83398
1216.50000,4493.01660
1217.00000,4478.88721
1217.50000,4469.13232
1218.00000,4461.30371
1218.50000,4452.53125
1219.00000,4441.76611
1219.50000,4429.50586
1220.00000,4417.31836
1220.50000,4406.96924
1221.00000,4399.55078
1221.50000,4395.48730
1222.00000,4395.09570
1222.50000,4396.50244
1223.00000,4397.61816
1223.50000,4395.78516
1224.00000,4389.86035
1224.50000,4379.75537
1225.00000,4368.52881
1225.50000,4359.74756
1226.00000,4357.53271
1226.50000,4361.83154
1227.00000,4371.22607
1227.50000,4381.23828
1228.00000,4387.21973
1228.50000,4384.72803
1229.00000,4374.02246
1229.50000,4357.07178
1230.00000,4337.20898
1230.50000,4318.53955
1231.00000,4303.76709
1231.50000,4293.93750
1232.00000,4288.59131
1232.50000,4288.49902
1233.00000,4293.37354
1233.50000,4303.72266
1234.00000,4319.74463
1234.50000,4338.65527
1235.00000,4356.97607
1235.50000,4370.46436
1236.00000,4376.79883
1236.50000,4374.07080
1237.00000,4365.80273
1237.50000,4355.81982
1238.00000,4349.05762
1238.50000,4348.08838
1239.00000,4353.94727
1239.50000,4364.10254
1240.00000,4374.91064
1240.50000,4382.64648
1241.00000,4386.36865
1241.50000,4386.69385
1242.00000,4385.67236
1242.50000,4385.25586
1243.00000,4385.86621
1243.50000,4386.28223
1244.00000,4385.09424
1244.50000,4381.26660
1245.00000,4376.30713
1245.50000,4372.44922
1246.00000,4372.41992
1246.50000,4376.98291
1247.00000,4386.03418
1247.50000,4396.69678
1248.00000,4405.65674
1248.50000,4409.18311
1249.00000,4407.49561
1249.50000,4402.29639
1250.00000,4397.85693
1250.50000,4397.97217
1251.00000,4405.21191
1251.50000,4417.19531
1252.00000,4429.86475
1252.50000,4438.60205
1253.00000,4442.68701
1253.50000,4443.96289
1254.00000,4446.74902
1254.50000,4454.02881
1255.00000,4466.90674
1255.50000,4482.16895
1256.00000,4496.18945
1256.50000,4505.57861
1257.00000,4510.51953
1257.50000,4512.06201
1258.00000,4512.49219
1258.50000,4513.38672
1259.00000,4515.43213
1259.50000,4518.36523
1260.00000,4521.86670
1260.50000,4525.67578
1261.00000,4529.51758
1261.50000,4533.16357
1262.00000,4536.43018
1262.50000,4539.31982
1263.00000,4541.93945
1263.50000,4544.50781
1264.00000,4546.93701
1264.50000,4548.53027
1265.00000,4548.41895
1265.50000,4545.48486
1266.00000,4539.97754
1266.50000,4533.73340
1267.00000,4530.46582
1267.50000,4532.80713
1268.00000,4542.08691
1268.50000,4556.99512
1269.00000,4572.90332
1269.50000,4585.18750
1270.00000,4591.31152
1270.50000,4591.94922
1271.00000,4589.19922
1271.50000,4586.91650
1272.00000,4587.15967
1272.50000,4590.24707
1273.00000,4594.36719
1273.50000,4597.23682
1274.00000,4597.07471
1274.50000,4593.47021
1275.00000,4586.91357
1275.50000,4580.36914
1276.00000,4576.85596
1276.50000,4578.78516
1277.00000,4585.48730
1277.50000,4594.93457
1278.00000,4603.28564
1278.50000,4608.16895
1279.00000,4608.92188
1279.50000,4608.52881
1280.00000,4609.81885
1280.50000,4614.18701
1281.00000,4619.96240
1281.50000,4623.73438
1282.00000,4623.08643
1282.50000,4618.25000
1283.00000,4612.26563
1283.50000,4609.63477
1284.00000,4613.40430
1284.50000,4622.50586
1285.00000,4632.61572
1285.50000,4638.47412
1286.00000,4637.60889
1286.50000,4630.16455
1287.00000,4618.04150
1287.50000,4604.86719
1288.00000,4592.60400
1288.50000,4582.20264
1289.00000,4573.96875
1289.50000,4569.28223
1290.00000,4568.52881
1290.50000,4571.49268
1291.00000,4576.11523
1291.50000,4578.76318
1292.00000,4576.13770
1292.50000,4568.23047
1293.00000,4557.70557
1293.50000,4547.71826
1294.00000,4539.80371
1294.50000,4533.28906
1295.00000,4526.21533
1295.50000,4517.67871
1296.00000,4508.63916
1296.50000,4501.43604
1297.00000,4497.44727
1297.50000,4497.02539
1298.00000,4498.00928
1298.50000,4499.16895
1299.00000,4500.42480
1299.50000,4502.34082
1300.00000,4504.38232
1300.50000,4503.90576
1301.00000,4498.12305
1301.50000,4484.44873
1302.00000,4466.76563
1302.50000,4450.25684
1303.00000,4440.91455
1303.50000,4439.93457
1304.00000,4445.89063
1304.50000,4453.32275
1305.00000,4458.41943
1305.50000,4459.75488
1306.00000,4459.94824
1306.50000,4461.44873
1307.00000,4465.06689
1307.50000,4468.84863
1308.00000,4469.64990
1308.50000,4466.16113
1309.00000,4459.10205
1309.50000,4450.47021
1310.00000,4442.88965
1310.50000,4438.07617
1311.00000,4436.96533
1311.50000,4439.55273
1312.00000,4446.59570
1312.50000,4457.05127
1313.00000,4469.39600
1313.50000,4481.35107
1314.00000,4491.21533
1314.50000,4498.30859
1315.00000,4503.30420
1315.50000,4506.83398
1316.00000,4507.43359
1316.50000,4503.47803
1317.00000,4493.88428
1317.50000,4479.68115
1318.00000,4465.51221
1318.50000,4456.06543
1319.00000,4453.42334
1319.50000,4455.49023
1320.00000,4458.38477
1320.50000,4458.53613
1321.00000,4455.44629
1321.50000,4451.41162
1322.00000,4449.40234
1322.50000,4450.46436
1323.00000,4452.96680
1323.50000,4454.97754
1324.00000,4455.93311
1324.50000,4457.45850
1325.00000,4461.33447
1325.50000,4467.84766
1326.00000,4474.39404
1326.50000,4477.11279
1327.00000,4473.75684
1327.50000,4465.22949
1328.00000,4454.63428
1328.50000,4446.91064
1329.00000,4445.59766
1329.50000,4451.71045
1330.00000,4462.50879
1330.50000,4475.10010
1331.00000,4486.09473
1331.50000,4493.62451
1332.00000,4496.17139
1332.50000,4495.02197
1333.00000,4490.84912
1333.50000,4484.56641
1334.00000,4477.19092
1334.50000,4469.49561
1335.00000,4462.64893
1335.50000,4457.82275
1336.00000,4456.15820
1336.50000,4456.51172
1337.00000,4457.20313
1337.50000,4456.01123
1338.00000,4452.13574
1338.50000,4446.05078
1339.00000,4440.13770
1339.50000,4436.40088
1340.00000,4436.16113
1340.50000,4438.22021
1341.00000,4441.52197
1341.50000,4445.52100
1342.00000,4450.84570
1342.50000,4459.23535
1343.00000,4470.51807
1343.50000,4483.11572
1344.00000,4493.82861
1344.50000,4500.33301
1345.00000,4501.29834
1345.50000,4498.06152
1346.00000,4493.36328
1346.50000,4489.89502
1347.00000,4489.21484
1347.50000,4491.99121
1348.00000,4498.34570
1348.50000,4506.69434
1349.00000,4515.00879
1349.50000,4520.70459
1350.00000,4522.57666
1350.50000,4520.74414
1351.00000,4518.68066
1351.50000,4519.72607
1352.00000,4525.82373
1352.50000,4534.47559
1353.00000,4541.30078
1353.50000,4542.51807
1354.00000,4538.25537
1354.50000,4531.86523
1355.00000,4528.80566
1355.50000,4531.42822
1356.00000,4537.50439
1356.50000,4541.80469
1357.00000,4539.95996
1357.50000,4532.49463
1358.00000,4523.39697
1358.50000,4518.34668
1359.00000,4519.32373
1359.50000,4525.66260
1360.00000,4533.90186
1360.50000,4540.65820
1361.00000,4544.41016
1361.50000,4546.13965
1362.00000,4547.06787
1362.50000,4546.97510
1363.00000,4544.90088
1363.50000,4539.68652
1364.00000,4531.71143
1364.50000,4523.30322
1365.00000,4517.54199
1365.50000,4516.05762
1366.00000,4518.63086
1366.50000,4523.89844
1367.00000,4529.46338
1367.50000,4534.50586
1368.00000,4539.53809
1368.50000,4545.19580
1369.00000,4551.03223
1369.50000,4555.28809
1370.00000,4556.33545
1370.50000,4553.65283
1371.00000,4549.91113
1371.50000,4548.16504
1372.00000,4550.08447
1372.50000,4554.08936
1373.00000,4556.43213
1373.50000,4554.38184
1374.00000,4548.65479
1374.50000,4543.15137
1375.00000,4541.65137
1375.50000,4545.21240
1376.00000,4550.21777
1376.50000,4551.94482
1377.00000,4547.01563
1377.50000,4538.91064
1378.00000,4533.66846
1378.50000,4538.22217
1379.00000,4552.67139
1379.50000,4572.90039
1380.00000,4590.53760
1380.50000,4600.42871
1381.00000,4600.12402
1381.50000,4594.91650
1382.00000,4589.77393
1382.50000,4588.84717
1383.00000,4592.13428
1383.50000,4597.79980
1384.00000,4602.58105
1384.50000,4604.48926
1385.00000,4602.11426
1385.50000,4597.26855
1386.00000,4591.70068
1386.50000,4587.81299
1387.00000,4587.14795
1387.50000,4590.80908
1388.00000,4597.41162
1388.50000,4604.61182
1389.00000,4609.59717
1389.50000,4611.73291
1390.00000,4612.06885
1390.50000,4613.57324
1391.00000,4618.38721
1391.50000,4626.76709
1392.00000,4635.63721
1392.50000,4641.44727
1393.00000,4640.59229
1393.50000,4634.22510
1394.00000,4624.67236
1394.50000,4615.99023
1395.00000,4610.95166
1395.50000,4611.03467
1396.00000,4614.25049
1396.50000,4617.80420
1397.00000,4618.57422
1397.50000,4615.58008
1398.00000,4608.76221
1398.50000,4599.90234
1399.00000,4591.38037
1399.50000,4585.33740
1400.00000,4581.97705
1400.50000,4580.38623
1401.00000,4578.98584
1401.50000,4576.81934
1402.00000,4574.68213
1402.50000,4574.79590
1403.00000,4578.76270
1403.50000,4587.45215
1404.00000,4598.09717
1404.50000,4607.43604
1405.00000,4612.20850
1405.50000,4612.61475
1406.00000,4610.38965
1406.50000,4608.75928
1407.00000,4609.35254
1407.50000,4611.30029
1408.00000,4611.77148
1408.50000,4609.05127
1409.00000,4603.90674
1409.50000,4599.83838
1410.00000,4600.44824
1410.50000,4605.93848
1411.00000,4612.94238
1411.50000,4615.60010
1412.00000,4611.15723
1412.50000,4600.41553
1413.00000,4588.55078
1413.50000,4580.49561
1414.00000,4578.53662
1414.50000,4580.25781
1415.00000,4582.41309
1415.50000,4583.44482
1416.00000,4585.04346
1416.50000,4589.76074
1417.00000,4598.23828
1417.50000,4607.08301
1418.00000,4611.27539
1418.50000,4609.38770
1419.00000,4604.37549
1419.50000,4602.75732
1420.00000,4608.71094
1420.50000,4622.71289
1421.00000,4639.71875
1421.50000,4653.15820
1422.00000,4658.05371
1422.50000,4655.77930
1423.00000,4650.39844
1423.50000,4645.93701
1424.00000,4643.45068
1424.50000,4641.92920
1425.00000,4639.75146
1425.50000,4636.74951
1426.00000,4634.52832
1426.50000,4635.23828
1427.00000,4640.32520
1427.50000,4650.52637
1428.00000,4663.61768
1428.50000,4677.38818
1429.00000,4689.50586
1429.50000,4698.82568
1430.00000,4704.67432
1430.50000,4708.27734
1431.00000,4710.44336
1431.50000,4711.11377
1432.00000,4709.81445
1432.50000,4705.75732
1433.00000,4700.29541
1433.50000,4696.53418
1434.00000,4698.91992
1434.50000,4708.10547
1435.00000,4722.52344
1435.50000,4738.01025
1436.00000,4750.58838
1436.50000,4758.65234
1437.00000,4764.21875
1437.50000,4770.23242
1438.00000,4778.24414
1438.50000,4786.40576
1439.00000,4791.99170
1439.50000,4792.94727
1440.00000,4790.72314
1440.50000,4788.30322
1441.00000,4789.21973
1441.50000,4794.90527
1442.00000,4805.48047
1442.50000,4817.42725
1443.00000,4827.73242
1443.50000,4834.11133
1444.00000,4836.74805
1444.50000,4836.45947
1445.00000,4835.38574
1445.50000,4834.98828
1446.00000,4835.96631
1446.50000,4837.59668
1447.00000,4839.14209
1447.50000,4840.25879
1448.00000,4841.30273
1448.50000,4842.54297
1449.00000,4843.52148
1449.50000,4843.29541
1450.00000,4840.82080
1450.50000,4836.90527
1451.00000,4833.02393
1451.50000,4830.73145
1452.00000,4829.76807
1452.50000,4827.86621
1453.00000,4822.76367
1453.50000,4814.21387
1454.00000,4804.86182
1454.50000,4799.25098
1455.00000,4801.25879
1455.50000,4810.74805
1456.00000,4823.06396
1456.50000,4831.33984
1457.00000,4831.27295
1457.50000,4823.04150
1458.00000,4810.23877
1458.50000,4798.79102
1459.00000,4792.45020
1459.50000,4791.29639
1460.00000,4792.65186
1460.50000,4794.15332
1461.00000,4795.40527
1461.50000,4798.26807
1462.00000,4805.01953
1462.50000,4814.76465
1463.00000,4824.71143
1463.50000,4831.21582
1464.00000,4833.18115
1464.50000,4831.94678
1465.00000,4831.69434
1465.50000,4834.91748
1466.00000,4841.01758
1466.50000,4845.90625
1467.00000,4845.98389
1467.50000,4841.34863
1468.00000,4835.27148
1468.50000,4832.70264
1469.00000,4835.64502
1469.50000,4843.69824
1470.00000,4853.85938
1470.50000,4862.73047
1471.00000,4868.78076
1471.50000,4872.89893
1472.00000,4876.54785
1472.50000,4880.95166
1473.00000,4886.22021
1473.50000,4891.80908
1474.00000,4896.47363
1474.50000,4899.09033
1475.00000,4898.68164
1475.50000,4896.80469
1476.00000,4896.29932
1476.50000,4901.64893
1477.00000,4913.84375
1477.50000,4931.98242
1478.00000,4951.34424
1478.50000,4966.64648
1479.00000,4973.51660
1479.50000,4973.29980
1480.00000,4969.87354
1480.50000,4967.05859
1481.00000,4966.60547
1481.50000,4968.48828
1482.00000,4971.74463
1482.50000,4975.93848
1483.00000,4982.10791
1483.50000,4991.18457
1484.00000,5003.44971
1484.50000,5018.25195
1485.00000,5033.62354
1485.50000,5047.85107
1486.00000,5059.67920
1486.50000,5069.17285
1487.00000,5077.39209
1487.50000,5087.00342
1488.00000,5100.74609
1488.50000,5120.10107
1489.00000,5142.57373
1489.50000,5164.70215
1490.00000,5183.19238
1490.50000,5197.90088
1491.00000,5211.49121
1491.50000,5228.19678
1492.00000,5250.13672
1492.50000,5275.51611
1493.00000,5299.33789
1493.50000,5318.37598
1494.00000,5334.55859
1494.50000,5353.48340
1495.00000,5383.28467
1495.50000,5424.42920
1496.00000,5473.41553
1496.50000,5521.69531
1497.00000,5563.02295
1497.50000,5596.61035
1498.00000,5628.37793
1498.50000,5664.05225
1499.00000,5706.67334
1499.50000,5751.61133
1500.00000,5794.02295
1500.50000,5832.66553
1501.00000,5873.88916
1501.50000,5928.65967
1502.00000,6001.70020
1502.50000,6089.58008
1503.00000,6183.26855
1503.50000,6271.37402
1504.00000,6349.52148
1504.50000,6421.88721
1505.00000,6497.52051
1505.50000,6583.20752
1506.00000,6677.29541
1506.50000,6775.00928
1507.00000,6871.91162
1507.50000,6967.02002
1508.00000,7061.17383
1508.50000,7153.85889
1509.00000,7241.50049
1509.50000,7317.57031
1510.00000,7381.36230
1510.50000,7435.77539
1511.00000,7485.71338
1511.50000,7535.14453
1512.00000,7581.47363
1512.50000,7617.33984
1513.00000,7636.94531
1513.50000,7637.48486
1514.00000,7628.03711
1514.50000,7617.02881
1515.00000,7610.27832
1515.50000,7605.50342
1516.00000,7594.66553
1516.50000,7568.65283
1517.00000,7524.02783
1517.50000,7461.35400
1518.00000,7390.85010
1518.50000,7319.67432
1519.00000,7253.30859
1519.50000,7192.56348
1520.00000,7136.78271
1520.50000,7082.66943
1521.00000,7025.89746
1521.50000,6960.51416
1522.00000,6885.56787
1522.50000,6802.62256
1523.00000,6717.65381
1523.50000,6637.31689
1524.00000,6564.69287
1524.50000,6495.30322
1525.00000,6421.61475
1525.50000,6337.85791
1526.00000,6249.74561
1526.50000,6166.59766
1527.00000,6097.76123
1527.50000,6041.84229
1528.00000,5991.43359
1528.50000,5935.19580
1529.00000,5868.75781
1529.50000,5796.86768
1530.00000,5730.33203
1530.50000,5675.84424
1531.00000,5632.68262
1531.50000,5592.84473
1532.00000,5549.07520
1532.50000,5499.55859
1533.00000,5447.83887
1533.50000,5399.51904
1534.00000,5356.11035
1534.50000,5316.52686
1535.00000,5278.15771
1535.50000,5240.01123
1536.00000,5204.29150
1536.50000,5174.18262
1537.00000,5151.42627
1537.50000,5135.74463
1538.00000,5122.95264
1538.50000,5110.05078
1539.00000,5095.45361
1539.50000,5080.11426
1540.00000,5066.68359
1540.50000,5057.28711
1541.00000,5052.26465
1541.50000,5050.58643
1542.00000,5049.75977
1542.50000,5048.08887
1543.00000,5044.26172
1543.50000,5037.40039
1544.00000,5025.34619
1544.50000,5007.92090
1545.00000,4986.63965
1545.50000,4965.33252
1546.00000,4948.58643
1546.50000,4940.26318
1547.00000,4939.99268
1547.50000,4943.93848
1548.00000,4947.01709
1548.50000,4945.62207
1549.00000,4938.96533
1549.50000,4928.37695
1550.00000,4917.14307
1550.50000,4908.32715
1551.00000,4904.12842
1551.50000,4905.12500
1552.00000,4911.42578
1552.50000,4919.66309
1553.00000,4927.33496
1553.50000,4932.21338
1554.00000,4933.93506
1554.50000,4932.35791
1555.00000,4928.29053
1555.50000,4922.41650
1556.00000,4915.52734
1556.50000,4909.17822
1557.00000,4904.88330
1557.50000,4903.72607
1558.00000,4905.11230
1558.50000,4908.08008
1559.00000,4910.94922
1559.50000,4912.48779
1560.00000,4911.17676
1560.50000,4906.52051
1561.00000,4897.86865
1561.50000,4886.29395
1562.00000,4874.92139
1562.50000,4868.12256
1563.00000,4868.08594
1563.50000,4873.14746
1564.00000,4879.13232
1564.50000,4881.33105
1565.00000,4877.43994
1565.50000,4869.41602
1566.00000,4862.17871
1566.50000,4861.83594
1567.00000,4869.22705
1567.50000,4882.19434
1568.00000,4896.23828
1568.50000,4906.73779
1569.00000,4911.09912
1569.50000,4910.23145
1570.00000,4907.56982
1570.50000,4906.60400
1571.00000,4908.41211
1571.50000,4912.24414
1572.00000,4916.59229
1572.50000,4920.61133
1573.00000,4924.85400
1573.50000,4930.23633
1574.00000,4936.30078
1574.50000,4940.79932
1575.00000,4941.97021
1575.50000,4939.72998
1576.00000,4936.58838
1576.50000,4936.15723
1577.00000,4940.90918
1577.50000,4948.85791
1578.00000,4955.81006
1578.50000,4957.36035
1579.00000,4953.75293
1579.50000,4947.41895
1580.00000,4942.63623
1580.50000,4942.05322
1581.00000,4945.67236
1581.50000,4950.13379
1582.00000,4952.36621
1582.50000,4950.00830
1583.00000,4944.77100
1583.50000,4939.28027
1584.00000,4936.82178
1584.50000,4937.82178
1585.00000,4939.93750
1585.50000,4938.91309
1586.00000,4932.11865
1586.50000,4919.18066
1587.00000,4905.64209
1587.50000,4897.83350
1588.00000,4899.67725
1588.50000,4908.03271
1589.00000,4917.27246
1589.50000,4921.36523
1590.00000,4918.41846
1590.50000,4909.91797
1591.00000,4901.35010
1591.50000,4896.00293
1592.00000,4894.24707
1592.50000,4894.41748
1593.00000,4895.71191
1593.50000,4898.04590
1594.00000,4901.52930
1594.50000,4905.01709
1595.00000,4906.46094
1595.50000,4904.74609
1596.00000,4901.38770
1596.50000,4899.41748
1597.00000,4901.57324
1597.50000,4906.69580
1598.00000,4911.55566
1598.50000,4912.75391
1599.00000,4910.78223
1599.50000,4907.76172
1600.00000,4905.84326
1600.50000,4904.54297
1601.00000,4900.82568
1601.50000,4893.26074
1602.00000,4884.15820
1602.50000,4879.08398
1603.00000,4881.38623
1603.50000,4891.12695
1604.00000,4902.53662
1604.50000,4909.19434
1605.00000,4907.49951
1605.50000,4901.68848
1606.00000,4896.16309
1606.50000,4893.48242
1607.00000,4891.74609
1607.50000,4887.69141
1608.00000,4880.85547
1608.50000,4875.08789
1609.00000,4876.27051
1609.50000,4884.15332
1610.00000,4894.24072
1610.50000,4898.11377
1611.00000,4891.33545
1611.50000,4875.13135
1612.00000,4858.60010
1612.50000,4848.70508
1613.00000,4849.25635
1613.50000,4854.58008
1614.00000,4858.95947
1614.50000,4858.47949
1615.00000,4855.51367
1615.50000,4854.73193
1616.00000,4858.95605
1616.50000,4867.39941
1617.00000,4877.09326
1617.50000,4884.92041
1618.00000,4890.20215
1618.50000,4894.06348
1619.00000,4897.06787
1619.50000,4897.59082
1620.00000,4894.10059
1620.50000,4886.74707
1621.00000,4878.62744
1621.50000,4874.38281
1622.00000,4876.39307
1622.50000,4882.65967
1623.00000,4888.32520
1623.50000,4888.81055
1624.00000,4884.49854
1624.50000,4879.43896
1625.00000,4879.31250
1625.50000,4885.26367
1626.00000,4895.42529
1626.50000,4904.61963
1627.00000,4908.74756
1627.50000,4904.72266
1628.00000,4895.89258
1628.50000,4885.93115
1629.00000,4879.38477
1629.50000,4878.77148
1630.00000,4885.76221
1630.50000,4898.35449
1631.00000,4911.74219
1631.50000,4920.00830
1632.00000,4920.98145
1632.50000,4915.38574
1633.00000,4907.37012
1633.50000,4902.50244
1634.00000,4904.84863
1634.50000,4913.62793
1635.00000,4925.72363
1635.50000,4937.56152
1636.00000,4946.22217
1636.50000,4949.87402
1637.00000,4947.68604
1637.50000,4942.33301
1638.00000,4936.99658
1638.50000,4935.11328
1639.00000,4937.84131
1639.50000,4944.22119
1640.00000,4949.70459
1640.50000,4951.00537
1641.00000,4947.76758
1641.50000,4943.05957
1642.00000,4940.08887
1642.50000,4939.91553
1643.00000,4941.01367
1643.50000,4940.43311
1644.00000,4937.38379
1644.50000,4932.90479
1645.00000,4929.41797
1645.50000,4928.48828
1646.00000,4930.86523
1646.50000,4935.45410
1647.00000,4940.96924
1647.50000,4946.24316
1648.00000,4950.05029
1648.50000,4950.94141
1649.00000,4948.19922
1649.50000,4943.15723
1650.00000,4938.45898
1650.50000,4936.47070
1651.00000,4937.76953
1651.50000,4941.14258
1652.00000,4943.71533
1652.50000,4943.15918
1653.00000,4939.18604
1653.50000,4932.99707
1654.00000,4925.48340
1654.50000,4917.55273
1655.00000,4909.65869
1655.50000,4902.65820
1656.00000,4897.35449
1656.50000,4894.69873
1657.00000,4894.79785
1657.50000,4896.94238
1658.00000,4900.56299
1658.50000,4904.56592
1659.00000,4907.99365
1659.50000,4909.54541
1660.00000,4908.59619
1660.50000,4904.84375
1661.00000,4899.89209
1661.50000,4896.61035
1662.00000,4898.83643
1662.50000,4906.95020
1663.00000,4919.79102
1663.50000,4933.62158
1664.00000,4943.93457
1664.50000,4946.35938
1665.00000,4941.43018
1665.50000,4932.28125
1666.00000,4922.71777
1666.50000,4915.80371
1667.00000,4912.44336
1667.50000,4911.58447
1668.00000,4910.90674
1668.50000,4909.16797
1669.00000,4906.35547
1669.50000,4903.07275
1670.00000,4900.07813
1670.50000,4897.93848
1671.00000,4897.08057
1671.50000,4897.62451
1672.00000,4898.99121
1672.50000,4900.39600
1673.00000,4901.21045
1673.50000,4901.67139
1674.00000,4902.86914
1674.50000,4905.31592
1675.00000,4908.63623
1675.50000,4911.44971
1676.00000,4912.71484
1676.50000,4912.28906
1677.00000,4911.54980
1677.50000,4911.41455
1678.00000,4912.11914
1678.50000,4913.15918
1679.00000,4914.56934
1679.50000,4917.04639
1680.00000,4920.87744
1680.50000,4925.55322
1681.00000,4929.44336
1681.50000,4931.25000
1682.00000,4930.37793
1682.50000,4928.29639
1683.00000,4926.43506
1683.50000,4925.99072
1684.00000,4927.50195
1684.50000,4931.48193
1685.00000,4936.57861
1685.50000,4940.27002
1686.00000,4939.28613
1686.50000,4933.66992
1687.00000,4926.10059
1687.50000,4922.32275
1688.00000,4926.11768
1688.50000,4937.22754
1689.00000,4949.21045
1689.50000,4957.06201
1690.00000,4958.87598
1690.50000,4958.30078
1691.00000,4959.27148
1691.50000,4962.36377
1692.00000,4965.06543
1692.50000,4964.43164
1693.00000,4961.64404
1693.50000,4960.27246
1694.00000,4963.57422
1694.50000,4969.70947
1695.00000,4974.18213
1695.50000,4972.97510
1696.00000,4966.03760
1696.50000,4956.41064
1697.00000,4948.94287
1697.50000,4945.01123
1698.00000,4943.15137
1698.50000,4940.89648
1699.00000,4937.53223
1699.50000,4934.95508
1700.00000,4935.26904
1700.50000,4939.81592
1701.00000,4946.43359
1701.50000,4952.65967
1702.00000,4956.10742
1702.50000,4956.83691
1703.00000,4956.00732
1703.50000,4955.48633
1704.00000,4956.24561
1704.50000,4958.43994
1705.00000,4960.93311
1705.50000,4962.76416
1706.00000,4963.67285
1706.50000,4964.33154
1707.00000,4965.90479
1707.50000,4969.02441
1708.00000,4973.16260
1708.50000,4976.56299
1709.00000,4977.68896
1709.50000,4975.64551
1710.00000,4971.33496
1710.50000,4966.96143
1711.00000,4964.99951
1711.50000,4966.39697
1712.00000,4971.42383
1712.50000,4979.99316
1713.00000,4990.40283
1713.50000,5000.37793
1714.00000,5006.94922
1714.50000,5008.41455
1715.00000,5003.77002
1715.50000,4996.42676
1716.00000,4990.62158
1716.50000,4990.41797
1717.00000,4995.68311
1717.50000,5004.69189
1718.00000,5013.40967
1718.50000,5018.27393
1719.00000,5016.58887
1719.50000,5010.44336
1720.00000,5002.87012
1720.50000,4998.74756
1721.00000,5001.45557
1721.50000,5012.90088
1722.00000,5028.90967
1722.50000,5044.03076
1723.00000,5052.00439
1723.50000,5051.87842
1724.00000,5044.62793
1724.50000,5035.05078
1725.00000,5027.69336
1725.50000,5025.44824
1726.00000,5027.82520
1726.50000,5032.45313
1727.00000,5035.85693
1727.50000,5036.30371
1728.00000,5033.95850
1728.50000,5031.04785
1729.00000,5030.09131
1729.50000,5032.81592
1730.00000,5037.72314
1730.50000,5042.79492
1731.00000,5046.15283
1731.50000,5047.79443
1732.00000,5048.81445
1732.50000,5051.39209
1733.00000,5056.80664
1733.50000,5065.43701
1734.00000,5074.76123
1734.50000,5081.08398
1735.00000,5080.16602
1735.50000,5073.69385
1736.00000,5065.20703
1736.50000,5059.90430
1737.00000,5060.00732
1737.50000,5064.83447
1738.00000,5070.01367
1738.50000,5073.59082
1739.00000,5075.89209
1739.50000,5078.59131
1740.00000,5082.11621
