280.00000,2753.88208
280.50000,2755.76221
281.00000,2751.74780
281.50000,2748.28979
282.00000,2749.70898
282.50000,2755.68140
283.00000,2762.08301
283.50000,2764.26172
284.00000,2762.44214
284.50000,2758.58569
285.00000,2756.09229
285.50000,2757.08374
286.00000,2762.05273
286.50000,2768.38745
287.00000,2774.42139
287.50000,2779.36353
288.00000,2783.64331
288.50000,2787.58276
289.00000,2790.69409
289.50000,2792.13281
290.00000,2791.07031
290.50000,2788.26758
291.00000,2785.21240
291.50000,2784.16455
292.00000,2786.15942
292.50000,2790.79810
293.00000,2796.66357
293.50000,2802.43311
294.00000,2807.44092
294.50000,2811.91821
295.00000,2816.32349
295.50000,2820.58325
296.00000,2824.07178
296.50000,2825.91211
297.00000,2825.63599
297.50000,2823.60596
298.00000,2820.20703
298.50000,2816.29712
299.00000,2812.02148
299.50000,2807.44067
300.00000,2803.05103
300.50000,2800.08081
301.00000,2800.44922
301.50000,2804.66382
302.00000,2812.33765
302.50000,2820.69067
303.00000,2826.89575
303.50000,2827.95654
304.00000,2823.82202
304.50000,2816.68799
305.00000,2810.57373
305.50000,2808.27002
306.00000,2812.18237
306.50000,2820.69312
307.00000,2831.39282
307.50000,2840.50635
308.00000,2846.33154
308.50000,2848.35791
309.00000,2848.10425
309.50000,2847.56250
310.00000,2848.80029
310.50000,2851.96362
311.00000,2855.83545
311.50000,2858.50635
312.00000,2858.67651
312.50000,2855.42163
313.00000,2849.69995
313.50000,2843.54297
314.00000,2839.38379
314.50000,2837.92261
315.00000,2839.26489
315.50000,2842.49414
316.00000,2846.04321
316.50000,2848.53955
317.00000,2849.71265
317.50000,2849.83545
318.00000,2849.19800
318.50000,2848.29565
319.00000,2847.40112
319.50000,2846.99438
320.00000,2847.65820
320.50000,2850.30835
321.00000,2855.08887
321.50000,2861.63818
322.00000,2868.98584
322.50000,2875.26489
323.00000,2878.79590
323.50000,2879.07837
324.00000,2876.93311
324.50000,2873.38013
325.00000,2870.13525
325.50000,2868.57471
326.00000,2870.06396
326.50000,2874.03760
327.00000,2880.17480
327.50000,2887.41138
328.00000,2894.43677
328.50000,2899.58496
329.00000,2901.81812
329.50000,2901.07007
330.00000,2897.89233
330.50000,2893.85498
331.00000,2890.17993
331.50000,2887.72559
332.00000,2886.59424
332.50000,2886.52612
333.00000,2887.18970
333.50000,2889.01709
334.00000,2893.02100
334.50000,2899.53979
335.00000,2908.68823
335.50000,2918.46045
336.00000,2926.09595
336.50000,2928.20166
337.00000,2924.39941
337.50000,2915.03857
338.00000,2902.51294
338.50000,2891.31885
339.00000,2885.77856
339.50000,2887.41504
340.00000,2895.46533
340.50000,2908.58716
341.00000,2922.50000
341.50000,2933.45093
342.00000,2938.38916
342.50000,2938.03369
343.00000,2933.41992
343.50000,2927.53271
344.00000,2922.92773
344.50000,2922.16553
345.00000,2925.12744
345.50000,2930.59521
346.00000,2936.72314
346.50000,2942.00903
347.00000,2945.45654
347.50000,2947.21411
348.00000,2947.83179
348.50000,2948.04712
349.00000,2948.45093
349.50000,2949.41455
350.00000,2951.32568
350.50000,2954.42456
351.00000,2959.20923
351.50000,2965.33789
352.00000,2971.79126
352.50000,2977.09302
353.00000,2980.24829
353.50000,2980.42505
354.00000,2977.83813
354.50000,2973.68457
355.00000,2969.37549
355.50000,2965.81567
356.00000,2963.18188
356.50000,2961.38599
357.00000,2960.17017
357.50000,2959.98071
358.00000,2961.95898
358.50000,2966.66650
359.00000,2974.59839
359.50000,2984.18359
360.00000,2993.46216
360.50000,2999.74658
361.00000,3001.58521
361.50000,2998.78711
362.00000,2993.83691
362.50000,2989.41138
363.00000,2988.21484
363.50000,2990.62842
364.00000,2995.95142
364.50000,3001.78882
365.00000,3005.56738
365.50000,3005.91382
366.00000,3003.44751
366.50000,2999.81128
367.00000,2997.08618
367.50000,2996.58984
368.00000,2998.41797
368.50000,3001.01343
369.00000,3002.50415
369.50000,3001.18188
370.00000,2996.72583
370.50000,2989.92554
371.00000,2982.43628
371.50000,2976.68823
372.00000,2974.29077
372.50000,2975.96216
373.00000,2980.65430
373.50000,2987.10132
374.00000,2993.07471
374.50000,2996.68066
375.00000,2996.69897
375.50000,2994.26245
376.00000,2990.46826
376.50000,2986.85620
377.00000,2984.41016
377.50000,2983.56445
378.00000,2983.55127
378.50000,2983.51563
379.00000,2983.21924
379.50000,2983.18457
380.00000,2984.40308
380.50000,2987.78320
381.00000,2993.30859
381.50000,3000.02710
382.00000,3006.02979
382.50000,3009.99414
383.00000,3010.94580
383.50000,3009.68872
384.00000,3007.14526
384.50000,3004.77246
385.00000,3003.42871
385.50000,3003.39893
386.00000,3004.21582
386.50000,3005.52734
387.00000,3007.10181
387.50000,3008.79175
388.00000,3010.47095
388.50000,3011.80298
389.00000,3012.43701
389.50000,3011.89136
390.00000,3010.33057
390.50000,3008.05396
391.00000,3005.64258
391.50000,3003.70264
392.00000,3002.53809
392.50000,3002.03052
393.00000,3001.93433
393.50000,3002.11743
394.00000,3002.46606
394.50000,3003.02856
395.00000,3003.90356
395.50000,3005.04517
396.00000,3006.50659
396.50000,3008.32178
397.00000,3010.50269
397.50000,3012.99438
398.00000,3015.30933
398.50000,3016.59277
399.00000,3016.02026
399.50000,3013.71362
400.00000,3010.30981
400.50000,3007.50513
401.00000,3006.96167
401.50000,3010.69800
402.00000,3017.78735
402.50000,3026.06348
403.00000,3032.62354
403.50000,3035.60400
404.00000,3033.77197
404.50000,3028.76367
405.00000,3023.10889
405.50000,3020.04248
406.00000,3020.04932
406.50000,3022.31909
407.00000,3024.52539
407.50000,3024.54932
408.00000,3020.82593
408.50000,3014.54932
409.00000,3008.40479
409.50000,3005.85645
410.00000,3007.86719
410.50000,3014.47485
411.00000,3023.50903
411.50000,3032.02490
412.00000,3036.97144
412.50000,3037.76343
413.00000,3036.05054
413.50000,3034.42285
414.00000,3035.23438
414.50000,3040.01978
415.00000,3048.23901
415.50000,3057.69946
416.00000,3065.07373
416.50000,3068.72949
417.00000,3068.42847
417.50000,3065.21631
418.00000,3061.52563
418.50000,3059.35083
419.00000,3059.75879
419.50000,3062.37988
420.00000,3066.22583
420.50000,3070.23315
421.00000,3074.25317
421.50000,3078.75537
422.00000,3084.22949
422.50000,3090.95313
423.00000,3098.11304
423.50000,3104.35254
424.00000,3108.07910
424.50000,3109.28345
425.00000,3108.25977
425.50000,3106.04004
426.00000,3103.95264
426.50000,3103.06738
427.00000,3103.55713
427.50000,3105.15356
428.00000,3107.79932
428.50000,3111.13623
429.00000,3115.03955
429.50000,3119.15381
430.00000,3122.78638
430.50000,3124.81299
431.00000,3124.72583
431.50000,3122.51880
432.00000,3118.45044
432.50000,3113.84717
433.00000,3109.88501
433.50000,3107.76050
434.00000,3107.85205
434.50000,3110.14233
435.00000,3113.64941
435.50000,3117.40991
436.00000,3120.29175
436.50000,3121.68115
437.00000,3121.11743
437.50000,3118.80396
438.00000,3115.73193
438.50000,3112.77100
439.00000,3110.55249
439.50000,3109.36426
440.00000,3109.40747
440.50000,3110.48315
441.00000,3112.89380
441.50000,3116.84424
442.00000,3122.02002
442.50000,3127.66016
443.00000,3132.14746
443.50000,3133.68774
444.00000,3130.31299
444.50000,3122.45557
445.00000,3111.47949
445.50000,3101.07397
446.00000,3094.13428
446.50000,3093.55884
447.00000,3098.45093
447.50000,3107.23193
448.00000,3117.00488
448.50000,3124.61060
449.00000,3128.09497
449.50000,3127.83765
450.00000,3125.18945
450.50000,3121.38257
451.00000,3117.72681
451.50000,3114.71509
452.00000,3112.39429
452.50000,3110.45166
453.00000,3108.76563
453.50000,3107.32471
454.00000,3106.14648
454.50000,3105.28882
455.00000,3104.70532
455.50000,3104.56396
456.00000,3105.36865
456.50000,3107.50049
457.00000,3111.32690
457.50000,3116.30078
458.00000,3121.41162
458.50000,3125.02075
459.00000,3126.15479
459.50000,3124.09546
460.00000,3119.26514
460.50000,3113.59106
461.00000,3108.54565
461.50000,3104.88330
462.00000,3102.47656
462.50000,3100.61865
463.00000,3098.32861
463.50000,3095.21143
464.00000,3092.01929
464.50000,3090.01123
465.00000,3090.62793
465.50000,3093.88135
466.00000,3099.04517
466.50000,3104.65112
467.00000,3109.00415
467.50000,3110.70068
468.00000,3109.93530
468.50000,3107.77466
469.00000,3105.10522
469.50000,3102.63940
470.00000,3100.50537
470.50000,3098.53687
471.00000,3096.59180
471.50000,3095.01929
472.00000,3094.41138
472.50000,3094.99951
473.00000,3096.68408
473.50000,3098.44092
474.00000,3099.22998
474.50000,3098.17529
475.00000,3095.73682
475.50000,3093.29370
476.00000,3092.62036
476.50000,3094.52319
477.00000,3099.37793
477.50000,3105.59839
478.00000,3111.66992
478.50000,3116.03345
479.00000,3118.22021
479.50000,3118.36084
480.00000,3117.29126
480.50000,3115.48853
481.00000,3112.90405
481.50000,3109.68140
482.00000,3106.07910
482.50000,3102.95410
483.00000,3101.44141
483.50000,3102.54712
484.00000,3105.73315
484.50000,3109.72729
485.00000,3112.68823
485.50000,3113.49756
486.00000,3111.74023
486.50000,3108.31055
487.00000,3105.18945
487.50000,3104.32886
488.00000,3106.15698
488.50000,3110.11401
489.00000,3115.09106
489.50000,3119.49463
490.00000,3122.19263
490.50000,3122.66772
491.00000,3121.38892
491.50000,3119.13232
492.00000,3116.99438
492.50000,3115.71240
493.00000,3115.88745
493.50000,3117.15698
494.00000,3118.85474
494.50000,3119.70093
495.00000,3118.50073
495.50000,3114.44751
496.00000,3108.68872
496.50000,3102.94946
497.00000,3099.80420
497.50000,3100.61792
498.00000,3106.32275
498.50000,3115.68701
499.00000,3125.90576
499.50000,3133.52612
500.00000,3136.98120
500.50000,3135.92139
501.00000,3131.13403
501.50000,3125.09033
502.00000,3119.79468
502.50000,3116.70483
503.00000,3116.16455
503.50000,3117.86719
504.00000,3120.40845
504.50000,3122.83179
505.00000,3124.22681
505.50000,3124.30200
506.00000,3122.91528
506.50000,3120.64990
507.00000,3118.45459
507.50000,3117.73804
508.00000,3118.97607
508.50000,3122.31274
509.00000,3127.19702
509.50000,3132.40625
510.00000,3136.80420
510.50000,3139.68164
511.00000,3140.87573
511.50000,3140.10913
512.00000,3137.89795
512.50000,3134.12915
513.00000,3128.89307
513.50000,3122.96875
514.00000,3117.66016
514.50000,3114.55762
515.00000,3114.76733
515.50000,3119.32324
516.00000,3125.89697
516.50000,3132.52734
517.00000,3137.26563
517.50000,3139.60596
518.00000,3139.74561
518.50000,3139.09961
519.00000,3138.62231
519.50000,3138.35669
520.00000,3137.31714
520.50000,3134.63232
521.00000,3130.59888
521.50000,3126.83228
522.00000,3125.96655
522.50000,3129.49194
523.00000,3137.58398
523.50000,3148.82739
524.00000,3159.40649
524.50000,3166.09692
525.00000,3167.46191
525.50000,3164.37256
526.00000,3157.94897
526.50000,3150.59497
527.00000,3143.70483
527.50000,3138.08569
528.00000,3133.60791
528.50000,3130.17456
529.00000,3127.66382
529.50000,3125.94312
530.00000,3124.87793
530.50000,3123.90479
531.00000,3122.52588
531.50000,3120.40576
532.00000,3117.86426
532.50000,3115.68115
533.00000,3114.67334
533.50000,3115.12671
534.00000,3117.19141
534.50000,3120.08374
535.00000,3123.12012
535.50000,3125.44531
536.00000,3126.44312
536.50000,3125.08765
537.00000,3121.02539
537.50000,3114.60303
538.00000,3106.42627
538.50000,3098.41479
539.00000,3092.43433
539.50000,3090.22144
540.00000,3091.70850
540.50000,3096.37061
541.00000,3101.92139
541.50000,3106.35205
542.00000,3108.25317
542.50000,3108.20117
543.00000,3107.00684
543.50000,3105.86621
544.00000,3105.53687
544.50000,3106.33765
545.00000,3107.84521
545.50000,3109.48682
546.00000,3110.59570
546.50000,3110.75415
547.00000,3109.40552
547.50000,3106.20801
548.00000,3101.48047
548.50000,3095.81616
549.00000,3090.57080
549.50000,3087.04517
550.00000,3086.42310
550.50000,3087.86084
551.00000,3090.53979
551.50000,3093.41260
552.00000,3096.03247
552.50000,3098.67017
553.00000,3101.92993
553.50000,3106.11548
554.00000,3110.82031
554.50000,3114.82373
555.00000,3117.10254
555.50000,3117.63599
556.00000,3117.34619
556.50000,3117.37915
557.00000,3118.29810
557.50000,3119.72900
558.00000,3120.37061
558.50000,3119.11401
559.00000,3115.77710
559.50000,3111.96460
560.00000,3109.49707
560.50000,3110.13892
561.00000,3113.33984
561.50000,3117.82007
562.00000,3121.54370
562.50000,3123.24805
563.00000,3122.49390
563.50000,3120.46240
564.00000,3118.35791
564.50000,3116.61304
565.00000,3114.77051
565.50000,3112.14380
566.00000,3108.31567
566.50000,3103.80737
567.00000,3099.61035
567.50000,3096.81372
568.00000,3095.84619
568.50000,3096.82959
569.00000,3099.08374
569.50000,3102.56982
570.00000,3107.41797
570.50000,3113.44409
571.00000,3120.26367
571.50000,3126.69946
572.00000,3131.45605
572.50000,3132.72900
573.00000,3131.02686
573.50000,3126.73145
574.00000,3120.80640
574.50000,3114.31543
575.00000,3107.98608
575.50000,3102.46851
576.00000,3098.42676
576.50000,3097.02832
577.00000,3098.38550
577.50000,3102.16235
578.00000,3106.84424
578.50000,3110.75537
579.00000,3112.49976
579.50000,3112.33325
580.00000,3111.33521
580.50000,3111.19287
581.00000,3112.82227
581.50000,3116.21777
582.00000,3119.83301
582.50000,3122.11353
583.00000,3121.96924
583.50000,3120.08301
584.00000,3117.52075
584.50000,3115.49341
585.00000,3114.42749
585.50000,3114.10156
586.00000,3113.77100
586.50000,3113.05811
587.00000,3112.49707
587.50000,3113.13794
588.00000,3115.93433
588.50000,3121.35962
589.00000,3128.37329
589.50000,3135.65991
590.00000,3141.64697
590.50000,3145.52783
591.00000,3146.74634
591.50000,3146.45972
592.00000,3145.61182
592.50000,3144.87329
593.00000,3144.40430
593.50000,3144.07446
594.00000,3143.73877
594.50000,3143.53735
595.00000,3144.10938
595.50000,3145.88135
596.00000,3149.10498
596.50000,3153.00000
597.00000,3156.18213
597.50000,3157.10620
598.00000,3155.30615
598.50000,3151.29639
599.00000,3146.14136
599.50000,3141.43848
600.00000,3138.02563
600.50000,3135.81152
601.00000,3133.82300
601.50000,3131.27100
602.00000,3128.30688
602.50000,3125.65918
603.00000,3124.22729
603.50000,3123.74292
604.00000,3123.10864
604.50000,3120.54321
605.00000,3115.22290
605.50000,3107.43066
606.00000,3100.17529
606.50000,3096.67383
607.00000,3099.83545
607.50000,3108.29492
608.00000,3119.73657
608.50000,3130.06982
609.00000,3136.32202
609.50000,3136.39648
610.00000,3132.21631
610.50000,3126.47095
611.00000,3122.52637
611.50000,3121.59082
612.00000,3123.58521
612.50000,3126.87671
613.00000,3129.72363
613.50000,3130.70728
614.00000,3129.83789
614.50000,3127.57568
615.00000,3124.67896
615.50000,3121.86279
616.00000,3119.37671
616.50000,3117.12378
617.00000,3115.02783
617.50000,3113.29810
618.00000,3112.17847
618.50000,3111.91943
619.00000,3112.52808
619.50000,3113.49756
620.00000,3114.27026
620.50000,3114.50024
621.00000,3114.41357
621.50000,3114.84082
622.00000,3116.34546
622.50000,3118.99780
623.00000,3122.00781
623.50000,3124.12451
624.00000,3124.10596
624.50000,3121.95093
625.00000,3118.65161
625.50000,3115.92334
626.00000,3115.12061
626.50000,3116.56323
627.00000,3119.24341
627.50000,3121.68213
628.00000,3122.77515
628.50000,3122.51953
629.00000,3121.54907
629.50000,3120.71826
630.00000,3120.54150
630.50000,3121.19409
631.00000,3122.74341
631.50000,3125.41040
632.00000,3129.96313
632.50000,3136.38062
633.00000,3143.90039
633.50000,3150.63721
634.00000,3154.65894
634.50000,3154.34766
635.00000,3149.89648
635.50000,3143.49609
636.00000,3138.01025
636.50000,3135.77295
637.00000,3137.22144
637.50000,3141.18018
638.00000,3145.15332
638.50000,3147.35938
639.00000,3147.22339
639.50000,3145.57764
640.00000,3143.67017
640.50000,3142.65967
641.00000,3142.87012
641.50000,3143.83374
642.00000,3144.43042
642.50000,3143.79810
643.00000,3141.88696
643.50000,3139.34473
644.00000,3137.16553
644.50000,3136.12158
645.00000,3136.50073
645.50000,3137.92310
646.00000,3139.28125
646.50000,3139.47168
647.00000,3138.10620
647.50000,3135.94409
648.00000,3134.83765
648.50000,3136.22998
649.00000,3140.85645
649.50000,3148.03394
650.00000,3155.42847
650.50000,3160.41284
651.00000,3161.47095
651.50000,3158.90771
652.00000,3154.16553
652.50000,3150.36475
653.00000,3149.73901
653.50000,3152.69019
654.00000,3157.25854
654.50000,3160.84766
655.00000,3161.24927
655.50000,3157.82910
656.00000,3151.02417
656.50000,3143.72852
657.00000,3138.65234
657.50000,3138.09888
658.00000,3142.12012
658.50000,3149.97021
659.00000,3158.56567
659.50000,3165.46753
660.00000,3168.36768
660.50000,3167.51733
661.00000,3163.55664
661.50000,3158.34888
662.00000,3153.86475
662.50000,3151.84741
663.00000,3152.61841
663.50000,3155.88184
664.00000,3161.06836
664.50000,3166.82617
665.00000,3172.37305
665.50000,3177.05151
666.00000,3180.51514
666.50000,3182.19995
667.00000,3182.26318
667.50000,3180.97754
668.00000,3178.94312
668.50000,3177.12158
669.00000,3176.25977
669.50000,3176.46069
670.00000,3176.93970
670.50000,3176.26904
671.00000,3173.59961
671.50000,3168.79053
672.00000,3162.83447
672.50000,3157.76611
673.00000,3155.77100
673.50000,3157.76855
674.00000,3162.87158
674.50000,3169.04150
675.00000,3173.16528
675.50000,3172.75073
676.00000,3167.08789
676.50000,3158.41528
677.00000,3149.27490
677.50000,3142.44067
678.00000,3139.27979
678.50000,3140.89844
679.00000,3145.71558
679.50000,3152.71143
680.00000,3160.66870
680.50000,3168.45288
681.00000,3174.95264
681.50000,3179.16479
682.00000,3180.66797
682.50000,3179.00708
683.00000,3175.66870
683.50000,3172.07080
684.00000,3169.81445
684.50000,3169.45947
685.00000,3170.97119
685.50000,3173.25781
686.00000,3175.52319
686.50000,3177.67773
687.00000,3180.42993
687.50000,3184.59180
688.00000,3189.88965
688.50000,3194.78662
689.00000,3196.83423
689.50000,3194.79370
690.00000,3188.84644
690.50000,3180.60303
691.00000,3173.23193
691.50000,3169.24414
692.00000,3169.45410
692.50000,3172.30176
693.00000,3175.39844
693.50000,3176.42993
694.00000,3175.02612
694.50000,3172.44800
695.00000,3170.98901
695.50000,3172.42871
696.00000,3176.86011
696.50000,3182.64526
697.00000,3187.38232
697.50000,3189.41602
698.00000,3188.50562
698.50000,3186.14014
699.00000,3185.15063
699.50000,3188.39404
700.00000,3196.20703
700.50000,3206.57617
701.00000,3216.28027
701.50000,3222.41479
702.00000,3223.52490
702.50000,3220.04736
703.00000,3215.04492
703.50000,3211.45947
704.00000,3211.12329
704.50000,3213.66992
705.00000,3217.24683
705.50000,3218.88647
706.00000,3216.61084
706.50000,3210.42310
707.00000,3202.81421
707.50000,3196.84180
708.00000,3195.05322
708.50000,3198.19165
709.00000,3206.19165
709.50000,3215.65527
710.00000,3223.39404
710.50000,3226.09717
711.00000,3222.94604
711.50000,3213.79004
712.00000,3201.70947
712.50000,3190.28003
713.00000,3183.34888
713.50000,3181.70313
714.00000,3185.41748
714.50000,3192.73120
715.00000,3200.89233
715.50000,3207.52563
716.00000,3211.36084
716.50000,3212.24121
717.00000,3210.64355
717.50000,3208.51416
718.00000,3207.67188
718.50000,3209.74951
719.00000,3214.73657
719.50000,3221.52075
720.00000,3227.45435
720.50000,3230.20898
721.00000,3227.86938
721.50000,3221.88208
722.00000,3214.45361
722.50000,3208.81421
723.00000,3206.78516
723.50000,3209.07983
724.00000,3213.32422
724.50000,3217.05249
725.00000,3218.03638
725.50000,3216.46875
726.00000,3213.63135
726.50000,3211.33179
727.00000,3210.51392
727.50000,3211.53979
728.00000,3213.60107
728.50000,3216.10083
729.00000,3218.53662
729.50000,3220.51465
730.00000,3221.39893
730.50000,3220.63721
731.00000,3218.23364
731.50000,3214.94141
732.00000,3212.93506
732.50000,3214.38745
733.00000,3220.50244
733.50000,3229.53247
734.00000,3238.67310
734.50000,3244.58789
735.00000,3245.78955
735.50000,3242.00903
736.00000,3236.73340
736.50000,3233.04248
737.00000,3233.32910
737.50000,3237.01270
738.00000,3242.17188
738.50000,3245.75537
739.00000,3245.99170
739.50000,3242.47485
740.00000,3237.51392
740.50000,3232.91748
741.00000,3229.94775
741.50000,3228.43311
742.00000,3227.83154
742.50000,3227.54492
743.00000,3227.77710
743.50000,3229.66797
744.00000,3233.73804
744.50000,3240.01367
745.00000,3247.04370
745.50000,3252.69775
746.00000,3254.51489
746.50000,3252.56567
747.00000,3248.09375
747.50000,3243.13354
748.00000,3239.62573
748.50000,3238.66748
749.00000,3240.23218
749.50000,3243.48462
750.00000,3247.91406
750.50000,3252.76709
751.00000,3257.39502
751.50000,3260.64502
752.00000,3261.63916
752.50000,3259.49634
753.00000,3254.84985
753.50000,3249.79443
754.00000,3247.12842
754.50000,3247.97803
755.00000,3251.93774
755.50000,3256.84058
756.00000,3259.89087
756.50000,3259.15137
757.00000,3255.09937
757.50000,3249.93506
758.00000,3246.42529
758.50000,3245.74902
759.00000,3247.50977
759.50000,3249.75781
760.00000,3250.45898
760.50000,3248.72046
761.00000,3246.09424
761.50000,3244.86206
762.00000,3247.55225
762.50000,3253.74365
763.00000,3261.98315
763.50000,3269.41431
764.00000,3273.78540
764.50000,3273.67529
765.00000,3270.36890
765.50000,3266.28174
766.00000,3264.55273
766.50000,3266.53638
767.00000,3272.37036
767.50000,3280.08594
768.00000,3286.41528
768.50000,3287.95581
769.00000,3283.92285
769.50000,3275.43262
770.00000,3264.80151
770.50000,3255.58447
771.00000,3250.46094
771.50000,3250.76904
772.00000,3255.44580
772.50000,3263.36987
773.00000,3272.31274
773.50000,3280.86182
774.00000,3287.99487
774.50000,3293.58936
775.00000,3297.26001
775.50000,3298.63159
776.00000,3297.66504
776.50000,3294.27246
777.00000,3289.65845
777.50000,3285.17896
778.00000,3282.48779
778.50000,3282.10571
779.00000,3284.04932
779.50000,3287.15332
780.00000,3289.90552
780.50000,3290.79688
781.00000,3289.52441
781.50000,3286.37280
782.00000,3282.21021
782.50000,3278.38892
783.00000,3276.18604
783.50000,3276.51587
784.00000,3279.58862
784.50000,3285.50391
785.00000,3292.80273
785.50000,3300.01782
786.00000,3305.33691
786.50000,3308.01538
787.00000,3307.76563
787.50000,3305.79175
788.00000,3303.69092
788.50000,3303.08252
789.00000,3304.34448
789.50000,3307.27246
790.00000,3311.06299
790.50000,3314.75220
791.00000,3317.74414
791.50000,3319.89746
792.00000,3321.28516
792.50000,3321.86255
793.00000,3321.97314
793.50000,3321.97754
794.00000,3322.46655
794.50000,3323.79614
795.00000,3326.09399
795.50000,3328.82617
796.00000,3331.37964
796.50000,3333.26392
797.00000,3334.68433
797.50000,3335.98462
798.00000,3337.33643
798.50000,3338.35620
799.00000,3338.06299
799.50000,3336.02197
800.00000,3332.74365
800.50000,3330.08057
801.00000,3330.12720
801.50000,3334.25708
802.00000,3341.93701
802.50000,3350.91064
803.00000,3358.91919
803.50000,3364.94238
804.00000,3369.40186
804.50000,3373.47314
805.00000,3377.96362
805.50000,3382.26514
806.00000,3384.60840
806.50000,3383.74683
807.00000,3379.08594
807.50000,3372.85669
808.00000,3367.57129
808.50000,3365.51367
809.00000,3366.22974
809.50000,3368.15430
810.00000,3369.14160
810.50000,3368.73682
811.00000,3368.19092
811.50000,3369.53711
812.00000,3373.84180
812.50000,3380.39600
813.00000,3386.39893
813.50000,3388.91211
814.00000,3386.85889
814.50000,3381.75684
815.00000,3376.74561
815.50000,3375.15967
816.00000,3378.83008
816.50000,3387.47339
817.00000,3397.78125
817.50000,3406.14722
818.00000,3409.78613
818.50000,3408.08936
819.00000,3401.61377
819.50000,3393.97046
820.00000,3388.02026
820.50000,3386.23853
821.00000,3388.65088
821.50000,3394.60498
822.00000,3401.70923
822.50000,3407.99048
823.00000,3411.95972
823.50000,3414.12109
824.00000,3415.19385
824.50000,3415.87842
825.00000,3416.10620
825.50000,3414.74243
826.00000,3410.94556
826.50000,3404.84717
827.00000,3397.87183
827.50000,3392.66968
828.00000,3391.71973
828.50000,3395.83838
829.00000,3403.15747
829.50000,3411.39087
830.00000,3418.13208
830.50000,3422.36865
831.00000,3423.85449
831.50000,3423.71680
832.00000,3422.28809
832.50000,3419.60425
833.00000,3415.81396
833.50000,3411.53613
834.00000,3408.43115
834.50000,3408.30469
835.00000,3412.85815
835.50000,3420.87134
836.00000,3430.42334
836.50000,3438.64087
837.00000,3443.97632
837.50000,3446.10791
838.00000,3447.21777
838.50000,3449.20630
839.00000,3452.95410
839.50000,3457.34546
840.00000,3460.74536
840.50000,3462.15405
841.00000,3462.12598
841.50000,3462.16675
842.00000,3463.60742
842.50000,3466.51025
843.00000,3469.49609
843.50000,3470.90991
844.00000,3470.01904
844.50000,3468.32813
845.00000,3468.29199
845.50000,3472.77588
846.00000,3481.09375
846.50000,3491.00879
847.00000,3498.57349
847.50000,3501.40527
848.00000,3498.76147
848.50000,3493.64404
849.00000,3489.77759
849.50000,3490.75171
850.00000,3496.21289
850.50000,3504.84692
851.00000,3514.07544
851.50000,3521.80786
852.00000,3526.86938
852.50000,3529.70288
853.00000,3531.17773
853.50000,3531.96265
854.00000,3532.56787
854.50000,3532.91650
855.00000,3532.64014
855.50000,3531.48975
856.00000,3529.34448
856.50000,3526.94312
857.00000,3525.50757
857.50000,3527.07495
858.00000,3532.25732
858.50000,3541.14966
859.00000,3551.86548
859.50000,3561.36084
860.00000,3566.18799
860.50000,3565.50122
861.00000,3560.15674
861.50000,3552.65674
862.00000,3546.93823
862.50000,3546.58789
863.00000,3553.59473
863.50000,3566.99487
864.00000,3584.88672
864.50000,3602.36426
865.00000,3614.86938
865.50000,3617.66992
866.00000,3611.30273
866.50000,3597.45288
867.00000,3581.69897
867.50000,3569.73267
868.00000,3567.28271
868.50000,3574.19727
869.00000,3588.63916
869.50000,3606.89209
870.00000,3624.55762
870.50000,3638.99634
871.00000,3649.59277
871.50000,3657.14844
872.00000,3661.94995
872.50000,3664.82813
873.00000,3665.86768
873.50000,3665.21704
874.00000,3663.59473
874.50000,3661.51685
875.00000,3659.45239
875.50000,3657.54614
876.00000,3655.83545
876.50000,3654.34424
877.00000,3653.26904
877.50000,3652.84839
878.00000,3653.03857
878.50000,3653.76147
879.00000,3654.78589
879.50000,3656.02197
880.00000,3657.56079
880.50000,3659.32300
881.00000,3661.04932
881.50000,3662.23022
882.00000,3662.56860
882.50000,3661.94897
883.00000,3660.81348
883.50000,3659.48193
884.00000,3657.68701
884.50000,3654.81104
885.00000,3650.11475
885.50000,3643.72192
886.00000,3636.99609
886.50000,3631.98901
887.00000,3629.91406
887.50000,3630.63892
888.00000,3632.70679
888.50000,3633.68481
889.00000,3631.91992
889.50000,3627.45801
890.00000,3622.03687
890.50000,3617.88892
891.00000,3616.28687
891.50000,3617.27588
892.00000,3619.97754
892.50000,3622.73999
893.00000,3624.51563
893.50000,3624.91187
894.00000,3624.13037
894.50000,3622.18140
895.00000,3619.37646
895.50000,3615.90820
896.00000,3612.19067
896.50000,3608.86328
897.00000,3606.59033
897.50000,3605.57520
898.00000,3605.48755
898.50000,3605.82007
899.00000,3605.83887
899.50000,3605.02979
900.00000,3603.07275
900.50000,3600.29541
901.00000,3597.22607
901.50000,3594.71362
902.00000,3593.35254
902.50000,3593.61035
903.00000,3594.83496
903.50000,3596.42554
904.00000,3598.02246
904.50000,3599.99292
905.00000,3603.51147
905.50000,3609.39722
906.00000,3617.40161
906.50000,3626.15747
907.00000,3633.31494
907.50000,3637.10229
908.00000,3637.17554
908.50000,3635.39697
909.00000,3633.86890
909.50000,3634.02002
910.00000,3635.68018
910.50000,3637.55762
911.00000,3638.24683
911.50000,3637.30127
912.00000,3635.52319
912.50000,3634.19897
913.00000,3634.14063
913.50000,3634.99023
914.00000,3635.99829
914.50000,3636.46436
915.00000,3636.36816
915.50000,3635.92896
916.00000,3635.38623
916.50000,3634.78979
917.00000,3634.23975
917.50000,3634.23584
918.00000,3635.64526
918.50000,3639.67676
919.00000,3646.09204
919.50000,3654.23584
920.00000,3662.52417
920.50000,3669.65039
921.00000,3674.68262
921.50000,3677.96802
922.00000,3679.79712
922.50000,3680.03906
923.00000,3678.71191
923.50000,3675.64673
924.00000,3671.65845
924.50000,3668.20508
925.00000,3667.28687
925.50000,3669.46338
926.00000,3674.55591
926.50000,3681.55566
927.00000,3688.87939
927.50000,3695.61572
928.00000,3701.43677
928.50000,3706.37842
929.00000,3710.26318
929.50000,3713.35449
930.00000,3716.14160
930.50000,3719.82300
931.00000,3725.49194
931.50000,3734.03833
932.00000,3744.59619
932.50000,3755.32080
933.00000,3763.68945
933.50000,3768.97217
934.00000,3771.62427
934.50000,3773.75244
935.00000,3777.60645
935.50000,3784.47437
936.00000,3793.06226
936.50000,3800.84937
937.00000,3804.38110
937.50000,3803.19434
938.00000,3798.29565
938.50000,3793.22974
939.00000,3791.78101
939.50000,3797.34912
940.00000,3809.38525
940.50000,3825.47388
941.00000,3842.38550
941.50000,3857.49609
942.00000,3870.32935
942.50000,3882.66748
943.00000,3897.00854
943.50000,3915.61963
944.00000,3937.77295
944.50000,3961.20679
945.00000,3982.35376
945.50000,3999.09741
946.00000,4010.50806
946.50000,4018.23706
947.00000,4025.29663
947.50000,4034.54370
948.00000,4046.91479
948.50000,4061.71973
949.00000,4077.10107
949.50000,4091.06177
950.00000,4102.43701
950.50000,4111.54150
951.00000,4119.65430
951.50000,4128.01318
952.00000,4137.18164
952.50000,4146.89746
953.00000,4156.23340
953.50000,4164.32031
954.00000,4170.39941
954.50000,4174.47949
955.00000,4177.16504
955.50000,4179.25439
956.00000,4182.01318
956.50000,4186.63672
957.00000,4194.29150
957.50000,4204.75391
958.00000,4217.56445
958.50000,4231.02734
959.00000,4243.36377
959.50000,4252.25244
960.00000,4256.99170
960.50000,4256.72314
961.00000,4251.13867
961.50000,4241.72998
962.00000,4229.80371
962.50000,4217.69434
963.00000,4207.01123
963.50000,4198.46924
964.00000,4190.34082
964.50000,4180.24170
965.00000,4165.93945
965.50000,4147.88867
966.00000,4128.11865
966.50000,4110.24219
967.00000,4096.51953
967.50000,4087.87061
968.00000,4081.38135
968.50000,4074.44019
969.00000,4065.22290
969.50000,4054.15430
970.00000,4042.56030
970.50000,4031.75244
971.00000,4021.88525
971.50000,4012.49829
972.00000,4003.40601
972.50000,3995.84326
973.00000,3991.95044
973.50000,3992.78052
974.00000,3998.94019
974.50000,4007.98633
975.00000,4017.57568
975.50000,4025.81348
976.00000,4032.51831
976.50000,4038.05029
977.00000,4042.78296
977.50000,4046.42944
978.00000,4047.72070
978.50000,4046.41699
979.00000,4043.13892
979.50000,4039.91626
980.00000,4039.28296
980.50000,4043.79492
981.00000,4054.24683
981.50000,4069.42358
982.00000,4087.73242
982.50000,4106.03467
983.00000,4122.10107
983.50000,4134.31982
984.00000,4143.31787
984.50000,4149.90625
985.00000,4155.59961
985.50000,4161.33643
986.00000,4167.49316
986.50000,4174.16357
987.00000,4182.03906
987.50000,4192.83936
988.00000,4207.88721
988.50000,4228.98242
989.00000,4255.54248
989.50000,4285.65088
990.00000,4317.07178
990.50000,4347.30713
991.00000,4375.00977
991.50000,4399.92676
992.00000,4423.47412
992.50000,4447.90869
993.00000,4476.06445
993.50000,4510.04199
994.00000,4551.91650
994.50000,4598.50781
995.00000,4645.88281
995.50000,4688.83984
996.00000,4725.25342
996.50000,4755.59424
997.00000,4785.14697
997.50000,4818.89551
998.00000,4860.52344
998.50000,4906.90625
999.00000,4953.16895
999.50000,4993.71094
1000.00000,5026.98779
1000.50000,5053.70313
1001.00000,5078.16504
1001.50000,5102.85693
1002.00000,5127.40967
1002.50000,5149.06934
1003.00000,5164.11279
1003.50000,5170.54102
1004.00000,5169.40479
1004.50000,5160.97900
1005.00000,5147.42432
1005.50000,5129.37207
1006.00000,5106.95654
1006.50000,5082.04932
1007.00000,5056.15137
1007.50000,5030.32813
1008.00000,5003.86816
1008.50000,4973.67236
1009.00000,4937.64941
1009.50000,4895.25879
1010.00000,4848.87061
1010.50000,4803.69580
1011.00000,4764.25635
1011.50000,4731.55127
1012.00000,4702.85449
1012.50000,4673.95215
1013.00000,4641.55176
1013.50000,4605.04785
1014.00000,4566.48242
1014.50000,4529.23584
1015.00000,4496.07715
1015.50000,4467.75488
1016.00000,4443.75439
1016.50000,4424.60107
1017.00000,4409.40576
1017.50000,4398.11670
1018.00000,4389.70215
1018.50000,4381.82764
1019.00000,4372.40869
1019.50000,4360.82178
1020.00000,4348.11719
1020.50000,4336.33789
1021.00000,4326.45166
1021.50000,4317.79980
1022.00000,4307.99658
1022.50000,4295.20752
1023.00000,4278.99902
1023.50000,4262.12158
1024.00000,4247.91553
1024.50000,4239.79932
1025.00000,4236.64502
1025.50000,4236.23633
1026.00000,4235.13086
1026.50000,4231.49609
1027.00000,4225.27393
1027.50000,4218.59082
1028.00000,4213.25977
1028.50000,4210.40723
1029.00000,4209.20947
1029.50000,4208.89893
1030.00000,4208.87598
1030.50000,4208.96924
1031.00000,4208.82227
1031.50000,4207.39355
1032.00000,4203.16260
1032.50000,4194.39502
1033.00000,4182.14063
1033.50000,4168.41846
1034.00000,4156.61621
1034.50000,4148.87891
1035.00000,4146.31201
1035.50000,4146.42529
1036.00000,4146.64990
1036.50000,4144.92480
1037.00000,4141.64600
1037.50000,4138.62207
1038.00000,4138.05713
1038.50000,4140.51563
1039.00000,4145.18604
1039.50000,4149.40918
1040.00000,4151.33838
1040.50000,4150.53418
1041.00000,4148.88770
1041.50000,4148.60693
1042.00000,4150.80029
1042.50000,4154.58398
1043.00000,4157.63770
1043.50000,4158.00195
1044.00000,4155.11035
1044.50000,4150.30029
1045.00000,4146.08838
1045.50000,4144.36230
1046.00000,4145.01709
1046.50000,4146.63135
1047.00000,4147.48535
1047.50000,4147.10840
1048.00000,4146.17969
1048.50000,4146.22021
1049.00000,4148.17725
1049.50000,4152.58691
1050.00000,4158.87549
1050.50000,4166.49805
1051.00000,4175.26660
1051.50000,4184.35547
1052.00000,4192.34668
1052.50000,4196.85889
1053.00000,4196.41309
1053.50000,4189.73633
1054.00000,4179.11182
1054.50000,4167.78174
1055.00000,4159.73730
1055.50000,4156.57617
1056.00000,4158.82031
1056.50000,4165.06299
1057.00000,4173.00488
1057.50000,4180.95020
1058.00000,4187.58154
1058.50000,4192.07715
1059.00000,4193.61816
1059.50000,4192.96045
1060.00000,4191.13086
1060.50000,4189.87402
1061.00000,4190.25830
1061.50000,4192.45654
1062.00000,4194.96289
1062.50000,4196.34473
1063.00000,4195.82129
1063.50000,4194.43848
1064.00000,4193.64697
1064.50000,4194.39746
1065.00000,4196.25293
1065.50000,4198.05469
1066.00000,4199.04785
1066.50000,4199.75684
1067.00000,4201.88184
1067.50000,4206.36768
1068.00000,4212.88574
1068.50000,4218.98145
1069.00000,4222.20459
1069.50000,4220.64502
1070.00000,4216.32275
1070.50000,4212.06836
1071.00000,4211.03271
1071.50000,4213.70801
1072.00000,4219.04736
1072.50000,4224.33008
1073.00000,4227.77979
1073.50000,4228.77295
1074.00000,4228.96191
1074.50000,4229.82129
1075.00000,4232.20752
1075.50000,4235.52686
1076.00000,4238.70605
1076.50000,4240.86572
1077.00000,4241.97754
1077.50000,4242.57715
1078.00000,4243.52148
1078.50000,4245.20313
1079.00000,4247.50684
1079.50000,4249.99805
1080.00000,4252.54443
1080.50000,4255.48047
1081.00000,4259.39844
1081.50000,4265.05127
1082.00000,4272.00488
1082.50000,4279.44873
1083.00000,4286.09814
1083.50000,4291.28662
1084.00000,4295.01025
1084.50000,4298.44775
1085.00000,4302.59473
1085.50000,4307.69287
1086.00000,4312.48486
1086.50000,4315.18311
1087.00000,4314.75146
1087.50000,4312.22998
1088.00000,4310.01416
1088.50000,4310.60449
1089.00000,4314.83643
1089.50000,4321.58789
1090.00000,4327.86523
1090.50000,4331.74658
1091.00000,4333.84375
1091.50000,4336.86816
1092.00000,4344.38623
1092.50000,4356.56738
1093.00000,4371.15576
1093.50000,4383.56055
1094.00000,4390.59668
1094.50000,4390.99414
1095.00000,4387.40430
1095.50000,4383.64502
1096.00000,4383.00684
1096.50000,4385.72803
1097.00000,4390.78613
1097.50000,4396.49561
1098.00000,4401.59570
1098.50000,4405.54541
1099.00000,4408.33936
1099.50000,4410.17090
1100.00000,4411.41162
1100.50000,4413.18848
1101.00000,4416.80859
1101.50000,4423.23730
1102.00000,4431.63232
1102.50000,4440.46826
1103.00000,4448.04541
1103.50000,4454.04248
1104.00000,4459.45996
1104.50000,4465.99561
1105.00000,4474.35840
1105.50000,4483.70654
1106.00000,4492.32666
1106.50000,4499.01563
1107.00000,4504.41064
1107.50000,4509.93506
1108.00000,4516.84131
1108.50000,4524.56104
1109.00000,4531.80420
1109.50000,4537.60107
1110.00000,4542.73877
1110.50000,4549.31445
1111.00000,4558.75781
1111.50000,4570.54688
1112.00000,4582.00684
1112.50000,4590.21484
1113.00000,4593.82422
1113.50000,4594.79834
1114.00000,4597.12158
1114.50000,4605.04053
1115.00000,4618.97070
1115.50000,4636.91357
1116.00000,4655.19141
1116.50000,4670.63867
1117.00000,4681.88965
1117.50000,4689.95947
1118.00000,4696.92139
1118.50000,4704.09473
1119.00000,4711.56543
1119.50000,4718.64014
1120.00000,4724.68213
1120.50000,4730.38574
1121.00000,4737.65820
1121.50000,4748.89502
1122.00000,4765.19971
1122.50000,4787.23682
1123.00000,4812.15479
1123.50000,4837.20996
1124.00000,4859.74023
1124.50000,4879.31885
1125.00000,4896.59814
1125.50000,4913.44238
1126.00000,4931.10840
1126.50000,4949.88818
1127.00000,4968.72949
1127.50000,4986.64258
1128.00000,5003.27393
1128.50000,5019.60889
1129.00000,5037.27197
1129.50000,5057.48877
1130.00000,5080.24707
1130.50000,5104.74951
1131.00000,5129.02979
1131.50000,5151.98096
1132.00000,5173.72461
1132.50000,5195.73291
1133.00000,5219.67822
1133.50000,5245.68262
1134.00000,5272.21338
1134.50000,5296.33691
1135.00000,5316.81152
1135.50000,5334.15967
1136.00000,5351.48975
1136.50000,5371.97363
1137.00000,5397.33496
1137.50000,5425.14063
1138.00000,5451.76514
1138.50000,5473.85596
1139.00000,5492.85645
1139.50000,5512.77783
1140.00000,5539.26025
1140.50000,5574.83594
1141.00000,5621.19824
1141.50000,5675.40869
1142.00000,5735.63232
1142.50000,5802.49658
1143.00000,5875.49707
1143.50000,5954.88672
1144.00000,6038.53125
1144.50000,6123.37939
1145.00000,6208.32324
1145.50000,6295.36279
1146.00000,6388.99365
1146.50000,6495.85938
1147.00000,6616.46973
1147.50000,6750.91748
1148.00000,6894.72607
1148.50000,7042.57373
1149.00000,7191.33936
1149.50000,7339.52051
1150.00000,7486.95215
1150.50000,7632.99561
1151.00000,7776.03613
1151.50000,7911.90869
1152.00000,8036.12598
1152.50000,8145.88184
1153.00000,8235.32422
1153.50000,8306.77441
1154.00000,8360.05859
1154.50000,8393.75684
1155.00000,8409.37988
1155.50000,8401.18555
1156.00000,8366.26758
1156.50000,8304.32422
1157.00000,8210.41895
1157.50000,8093.59619
1158.00000,7958.33594
1158.50000,7810.10449
1159.00000,7655.38770
1159.50000,7496.82080
1160.00000,7336.73291
1160.50000,7176.50830
1161.00000,7017.74707
1161.50000,6861.88330
1162.00000,6711.53418
1162.50000,6570.48242
1163.00000,6440.78027
1163.50000,6326.56104
1164.00000,6226.40527
1164.50000,6136.81396
1165.00000,6053.85645
1165.50000,5971.79541
1166.00000,5888.71973
1166.50000,5806.16553
1167.00000,5728.02783
1167.50000,5660.55908
1168.00000,5606.18848
1168.50000,5564.87012
1169.00000,5535.34424
1169.50000,5510.71777
1170.00000,5485.95654
1170.50000,5456.99170
1171.00000,5423.46484
1171.50000,5387.47998
1172.00000,5353.79102
1172.50000,5326.30762
1173.00000,5307.93359
1173.50000,5295.81592
1174.00000,5286.43213
1174.50000,5275.08008
1175.00000,5259.32861
1175.50000,5238.62256
1176.00000,5216.44873
1176.50000,5196.91699
1177.00000,5184.96973
1177.50000,5181.55078
1178.00000,5187.01855
1178.50000,5198.12842
1179.00000,5210.55176
1179.50000,5220.40283
1180.00000,5226.58740
1180.50000,5230.08447
1181.00000,5233.56152
1181.50000,5239.29639
1182.00000,5248.12744
1182.50000,5258.61914
1183.00000,5268.91650
1183.50000,5278.12061
1184.00000,5287.54395
1184.50000,5299.47656
1185.00000,5316.03955
1185.50000,5336.22314
1186.00000,5357.23096
1186.50000,5374.69775
1187.00000,5385.92676
1187.50000,5389.34326
1188.00000,5389.37500
1188.50000,5390.82666
1189.00000,5398.77051
1189.50000,5413.86719
1190.00000,5433.96338
1190.50000,5452.49463
1191.00000,5463.37256
1191.50000,5460.53955
1192.00000,5447.03467
1192.50000,5426.50342
1193.00000,5404.93164
1193.50000,5386.73193
1194.00000,5374.10791
1194.50000,5365.40430
1195.00000,5358.06885
1195.50000,5349.29053
1196.00000,5337.58643
1196.50000,5322.08252
1197.00000,5303.07031
1197.50000,5282.02148
1198.00000,5260.50488
1198.50000,5240.29102
1199.00000,5222.46338
1199.50000,5207.84326
1200.00000,5195.72412
1200.50000,5185.91797
1201.00000,5177.92578
1201.50000,5170.86963
1202.00000,5163.35840
1202.50000,5153.67285
1203.00000,5140.54004
1203.50000,5123.59814
1204.00000,5105.14746
1204.50000,5087.87842
1205.00000,5073.96289
1205.50000,5063.57520
1206.00000,5056.41260
1206.50000,5051.07959
1207.00000,5047.50732
1207.50000,5046.62061
1208.00000,5048.44092
1208.50000,5052.34619
1209.00000,5055.98242
1209.50000,5057.02881
1210.00000,5053.18359
1210.50000,5045.28467
1211.00000,5034.51709
1211.50000,5022.51855
1212.00000,5010.72803
1212.50000,5000.02002
1213.00000,4990.89014
1213.50000,4983.48340
1214.00000,4977.77002
1214.50000,4972.29443
1215.00000,4965.43506
1215.50000,4955.96094
1216.00000,4944.91357
1216.50000,4935.19287
1217.00000,4930.01563
1217.50000,4930.30811
1218.00000,4934.45410
1218.50000,4936.66357
1219.00000,4931.42139
1219.50000,4915.48242
1220.00000,4891.81006
1220.50000,4865.24121
1221.00000,4841.96973
1221.50000,4824.88135
1222.00000,4814.45313
1222.50000,4806.71191
1223.00000,4799.32568
1223.50000,4791.89453
1224.00000,4786.00635
1224.50000,4784.11230
1225.00000,4786.18164
1225.50000,4790.51953
1226.00000,4794.54834
1226.50000,4796.73291
1227.00000,4797.08301
1227.50000,4796.76855
1228.00000,4796.47070
1228.50000,4795.26563
1229.00000,4791.63672
1229.50000,4784.59814
1230.00000,4774.29834
1230.50000,4763.27344
1231.00000,4754.22363
1231.50000,4749.34375
1232.00000,4748.98291
1232.50000,4753.27002
1233.00000,4760.09473
1233.50000,4767.73096
1234.00000,4774.51660
1234.50000,4779.84180
1235.00000,4783.84961
1235.50000,4787.47900
1236.00000,4791.33154
1236.50000,4794.86182
1237.00000,4796.62646
1237.50000,4795.22754
1238.00000,4790.51416
1238.50000,4785.21338
1239.00000,4782.88428
1239.50000,4785.79443
1240.00000,4793.28857
1240.50000,4802.88965
1241.00000,4810.75537
1241.50000,4814.95313
1242.00000,4815.96680
1242.50000,4816.70361
1243.00000,4819.92139
1243.50000,4826.33838
1244.00000,4834.44580
1244.50000,4841.08398
1245.00000,4843.70020
1245.50000,4840.74854
1246.00000,4832.85547
1246.50000,4823.51855
1247.00000,4817.50391
1247.50000,4819.09082
1248.00000,4830.22021
1248.50000,4850.61768
1249.00000,4873.23535
1249.50000,4891.27295
1250.00000,4899.16309
1250.50000,4897.90771
1251.00000,4891.85010
1251.50000,4888.80371
1252.00000,4893.42432
1252.50000,4906.88721
1253.00000,4923.15332
1253.50000,4936.65186
1254.00000,4944.22021
1254.50000,4947.84277
1255.00000,4951.50146
1255.50000,4958.22217
1256.00000,4967.45410
1256.50000,4975.58740
1257.00000,4979.61768
1257.50000,4979.27686
1258.00000,4978.69824
1258.50000,4982.44873
1259.00000,4993.81787
1259.50000,5010.02539
1260.00000,5026.54688
1260.50000,5037.95850
1261.00000,5042.68408
1261.50000,5040.79297
1262.00000,5035.11670
1262.50000,5028.61914
1263.00000,5023.34961
1263.50000,5020.07324
1264.00000,5019.22559
1264.50000,5021.45361
1265.00000,5026.62793
1265.50000,5035.13477
1266.00000,5046.20557
1266.50000,5058.17871
1267.00000,5068.15186
1267.50000,5073.66064
1268.00000,5072.82715
1268.50000,5065.51367
1269.00000,5055.27441
1269.50000,5046.30273
1270.00000,5042.27246
1270.50000,5043.90967
1271.00000,5050.12598
1271.50000,5056.64893
1272.00000,5060.70801
1272.50000,5061.59375
1273.00000,5061.67334
1273.50000,5064.37305
1274.00000,5071.77393
1274.50000,5083.25830
1275.00000,5095.75488
1275.50000,5104.41357
1276.00000,5105.47168
1276.50000,5098.01270
1277.00000,5085.79834
1277.50000,5073.90088
1278.00000,5067.37646
1278.50000,5068.22461
1279.00000,5076.22998
1279.50000,5086.29980
1280.00000,5094.28076
1280.50000,5097.46143
1281.00000,5096.60889
1281.50000,5093.65527
1282.00000,5091.29199
1282.50000,5090.53076
1283.00000,5090.73682
1283.50000,5089.84912
1284.00000,5085.83789
1284.50000,5078.08838
1285.00000,5068.00391
1285.50000,5057.93701
1286.00000,5050.48340
1286.50000,5046.95020
1287.00000,5047.10010
1287.50000,5047.96826
1288.00000,5046.66211
1288.50000,5041.64307
1289.00000,5034.03711
1289.50000,5026.44043
1290.00000,5021.39209
1290.50000,5019.54150
1291.00000,5019.37842
1291.50000,5017.82959
1292.00000,5012.01367
1292.50000,5001.06934
1293.00000,4985.84326
1293.50000,4967.02734
1294.00000,4947.04883
1294.50000,4928.46094
1295.00000,4915.10498
1295.50000,4908.99902
1296.00000,4911.59424
1296.50000,4919.65576
1297.00000,4927.91797
1297.50000,4930.29297
1298.00000,4925.70264
1298.50000,4916.24512
1299.00000,4907.52344
1299.50000,4904.31592
1300.00000,4908.52100
1300.50000,4916.07764
1301.00000,4921.73389
1301.50000,4920.19287
1302.00000,4912.32813
1302.50000,4900.87354
1303.00000,4890.50830
1303.50000,4884.18359
1304.00000,4883.09668
1304.50000,4885.39844
1305.00000,4889.10889
1305.50000,4892.87109
1306.00000,4895.86963
1306.50000,4897.11133
1307.00000,4895.12012
1307.50000,4889.47705
1308.00000,4881.01953
1308.50000,4873.27734
1309.00000,4869.66309
1309.50000,4872.82129
1310.00000,4879.97363
1310.50000,4887.11523
1311.00000,4890.01953
1311.50000,4888.22314
1312.00000,4884.19824
1312.50000,4882.63867
1313.00000,4886.15283
1313.50000,4894.59912
1314.00000,4903.76221
1314.50000,4909.94189
1315.00000,4911.88818
1315.50000,4911.68164
1316.00000,4911.95166
1316.50000,4913.83594
1317.00000,4916.22559
1317.50000,4916.37891
1318.00000,4912.93457
1318.50000,4906.14063
1319.00000,4898.94238
1319.50000,4894.54102
1320.00000,4895.81543
1320.50000,4901.48926
1321.00000,4909.02490
1321.50000,4914.75879
1322.00000,4916.75049
1322.50000,4914.92529
1323.00000,4911.47266
1323.50000,4908.38623
1324.00000,4906.31201
1324.50000,4903.94873
1325.00000,4899.82422
1325.50000,4893.72949
1326.00000,4887.96729
1326.50000,4886.19287
1327.00000,4890.48926
1327.50000,4899.77832
1328.00000,4910.50977
1328.50000,4917.61328
1329.00000,4917.91846
1329.50000,4911.78857
1330.00000,4903.34717
1330.50000,4896.87109
1331.00000,4895.16162
1331.50000,4898.39502
1332.00000,4905.35498
1332.50000,4912.26123
1333.00000,4915.82520
1333.50000,4913.39551
1334.00000,4905.37744
1334.50000,4893.32715
1335.00000,4881.41016
1335.50000,4873.05859
1336.00000,4870.44043
1336.50000,4870.99414
1337.00000,4871.97217
1337.50000,4871.30762
1338.00000,4869.81396
1338.50000,4870.67773
1339.00000,4876.37402
1339.50000,4886.77344
1340.00000,4898.68555
1340.50000,4907.21631
1341.00000,4908.99902
1341.50000,4904.55078
1342.00000,4897.75000
1342.50000,4892.52930
1343.00000,4890.10010
1343.50000,4889.45215
1344.00000,4889.24268
1344.50000,4889.66016
1345.00000,4893.05762
1345.50000,4901.62012
1346.00000,4914.73633
1346.50000,4929.65332
1347.00000,4942.12939
1347.50000,4950.13574
1348.00000,4954.38574
1348.50000,4958.19238
1349.00000,4963.13232
1349.50000,4967.66211
1350.00000,4969.10400
1350.50000,4965.45850
1351.00000,4959.73682
1351.50000,4956.10010
1352.00000,4957.86035
1352.50000,4962.92529
1353.00000,4966.33154
1353.50000,4963.62793
1354.00000,4955.36670
1354.50000,4946.82275
1355.00000,4944.71289
1355.50000,4951.27637
1356.00000,4962.06934
1356.50000,4969.19092
1357.00000,4966.45654
1357.50000,4955.03857
1358.00000,4940.53955
1358.50000,4929.93311
1359.00000,4925.70020
1359.50000,4927.27197
1360.00000,4931.76611
1360.50000,4936.56787
1361.00000,4940.72900
1361.50000,4943.54883
1362.00000,4943.63867
1362.50000,4938.39795
1363.00000,4928.81592
1363.50000,4917.84131
1364.00000,4910.99365
1364.50000,4911.69824
1365.00000,4921.30371
1365.50000,4935.01660
1366.00000,4947.33154
1366.50000,4952.81689
1367.00000,4951.34961
1367.50000,4944.45313
1368.00000,4936.23096
1368.50000,4930.08350
1369.00000,4928.53320
1369.50000,4931.10254
1370.00000,4936.10156
1370.50000,4940.78564
1371.00000,4943.02246
1371.50000,4942.22754
1372.00000,4940.22852
1372.50000,4939.56982
1373.00000,4942.00977
1373.50000,4945.83643
1374.00000,4947.89844
1374.50000,4945.11572
1375.00000,4938.36572
1375.50000,4930.43066
1376.00000,4925.35352
1376.50000,4924.93359
1377.00000,4929.09424
1377.50000,4934.28271
1378.00000,4937.59375
1378.50000,4937.12012
1379.00000,4933.81787
1379.50000,4929.63818
1380.00000,4927.52783
1380.50000,4929.80273
1381.00000,4939.57520
1381.50000,4955.77344
1382.00000,4976.19629
1382.50000,4995.73779
1383.00000,5009.23193
1383.50000,5012.30371
1384.00000,5006.19434
1384.50000,4995.61523
1385.00000,4987.01318
1385.50000,4984.19678
1386.00000,4987.83301
1386.50000,4995.79541
1387.00000,5004.81396
1387.50000,5013.40918
1388.00000,5021.55615
1388.50000,5029.45410
1389.00000,5035.82568
1389.50000,5038.69922
1390.00000,5035.81689
1390.50000,5027.12012
1391.00000,5016.48877
1391.50000,5009.09521
1392.00000,5008.15283
1392.50000,5013.38818
1393.00000,5021.46680
1393.50000,5026.61670
1394.00000,5024.51953
1394.50000,5014.35645
1395.00000,5000.01123
1395.50000,4987.08350
1396.00000,4980.81885
1396.50000,4983.05566
1397.00000,4992.15820
1397.50000,5001.68018
1398.00000,5005.53223
1398.50000,4999.96826
1399.00000,4986.67871
1399.50000,4969.92334
1400.00000,4956.20752
1400.50000,4949.14941
1401.00000,4949.24072
1401.50000,4951.84961
1402.00000,4953.13086
1402.50000,4951.97021
1403.00000,4950.43701
1403.50000,4951.88574
1404.00000,4957.16064
1404.50000,4964.85059
1405.00000,4971.76807
1405.50000,4975.71631
1406.00000,4976.18311
1406.50000,4974.91211
1407.00000,4973.85547
1407.50000,4974.22217
1408.00000,4975.85693
1408.50000,4978.53223
1409.00000,4981.78809
1409.50000,4984.52490
1410.00000,4984.83643
1410.50000,4981.39648
1411.00000,4974.78369
1411.50000,4967.71484
1412.00000,4964.25879
1412.50000,4966.95703
1413.00000,4974.73193
1413.50000,4983.20752
1414.00000,4988.48047
1414.50000,4989.63086
1415.00000,4988.46533
1415.50000,4987.53662
1416.00000,4987.89258
1416.50000,4988.73584
1417.00000,4988.69824
1417.50000,4987.94775
1418.00000,4988.19775
1418.50000,4990.42676
1419.00000,4993.41797
1419.50000,4993.55957
1420.00000,4988.71826
1420.50000,4978.96729
1421.00000,4968.15088
1421.50000,4960.93311
1422.00000,4960.98096
1422.50000,4967.05615
1423.00000,4976.21045
1423.50000,4986.07666
1424.00000,4996.08203
1424.50000,5006.91260
1425.00000,5018.48389
1425.50000,5029.11670
1426.00000,5035.72070
1426.50000,5037.21826
1427.00000,5034.43652
1427.50000,5030.10938
1428.00000,5027.80908
1428.50000,5029.76465
1429.00000,5036.27148
1429.50000,5045.95605
1430.00000,5057.12158
1430.50000,5066.86133
1431.00000,5072.26074
1431.50000,5070.25830
1432.00000,5062.03271
1432.50000,5050.62158
1433.00000,5042.35596
1433.50000,5041.55225
1434.00000,5050.85840
1434.50000,5065.74414
1435.00000,5081.39404
1435.50000,5093.44727
1436.00000,5101.66699
1436.50000,5107.86328
1437.00000,5114.68066
1437.50000,5122.72266
1438.00000,5130.46680
1438.50000,5136.60010
1439.00000,5141.77148
1439.50000,5148.81787
1440.00000,5159.87256
1440.50000,5175.23682
1441.00000,5191.25586
1441.50000,5203.64990
1442.00000,5208.06592
1442.50000,5206.28613
1443.00000,5201.38232
1443.50000,5196.95703
1444.00000,5194.52002
1444.50000,5194.15869
1445.00000,5195.15381
1445.50000,5197.46973
1446.00000,5201.75635
1446.50000,5207.15186
1447.00000,5211.81250
1447.50000,5213.50732
1448.00000,5212.77246
1448.50000,5212.46143
1449.00000,5216.03174
1449.50000,5224.17383
1450.00000,5233.53076
1450.50000,5237.75928
1451.00000,5231.51074
1451.50000,5214.58838
1452.00000,5193.27197
1452.50000,5175.54395
1453.00000,5165.73633
1453.50000,5163.80273
1454.00000,5167.72266
1454.50000,5173.91748
1455.00000,5181.59717
1455.50000,5190.50488
1456.00000,5199.42773
1456.50000,5205.10840
1457.00000,5205.36084
1457.50000,5200.62988
1458.00000,5193.96777
1458.50000,5189.23242
1459.00000,5187.58594
1459.50000,5186.32422
1460.00000,5181.73047
1460.50000,5171.13330
1461.00000,5157.65186
1461.50000,5146.33008
1462.00000,5142.00439
1462.50000,5144.02930
1463.00000,5149.97754
1463.50000,5155.97510
1464.00000,5160.29883
1464.50000,5163.31787
1465.00000,5166.80127
1465.50000,5171.59570
1466.00000,5177.33789
1466.50000,5182.93311
1467.00000,5188.08496
1467.50000,5193.40234
1468.00000,5199.54980
1468.50000,5206.67480
1469.00000,5213.56836
1469.50000,5218.66211
1470.00000,5220.60889
1470.50000,5220.14893
1471.00000,5219.57422
1471.50000,5222.10010
1472.00000,5229.60303
1472.50000,5242.69678
1473.00000,5257.28125
1473.50000,5268.98926
1474.00000,5274.18604
1474.50000,5273.70605
1475.00000,5270.66797
1475.50000,5269.55713
1476.00000,5271.82422
1476.50000,5276.47168
1477.00000,5280.70752
1477.50000,5283.57764
1478.00000,5286.49414
1478.50000,5291.58301
1479.00000,5300.02783
1479.50000,5309.75537
1480.00000,5318.29590
1480.50000,5324.70947
1481.00000,5331.12305
1481.50000,5340.30225
1482.00000,5353.42725
1482.50000,5368.58545
1483.00000,5382.50342
1483.50000,5393.01172
1484.00000,5400.55273
1484.50000,5407.36865
1485.00000,5415.45117
1485.50000,5425.28076
1486.00000,5436.04199
1486.50000,5447.02295
1487.00000,5458.72168
1487.50000,5472.22266
1488.00000,5488.55762
1488.50000,5507.73145
1489.00000,5528.00684
1489.50000,5547.56543
1490.00000,5564.86621
1490.50000,5579.76416
1491.00000,5593.41846
1491.50000,5608.84521
1492.00000,5629.22754
1492.50000,5656.80420
1493.00000,5688.91309
1493.50000,5722.10986
1494.00000,5752.79883
1494.50000,5780.42725
1495.00000,5807.45264
1495.50000,5837.97754
1496.00000,5874.74072
1496.50000,5917.88770
1497.00000,5963.60742
1497.50000,6009.24512
1498.00000,6053.99121
1498.50000,6099.01758
1499.00000,6146.94922
1499.50000,6198.97266
1500.00000,6256.03271
1500.50000,6318.11084
1501.00000,6383.27881
1501.50000,6449.54199
1502.00000,6514.83887
1502.50000,6578.76807
1503.00000,6643.61670
1503.50000,6713.48730
1504.00000,6793.31543
1504.50000,6886.11133
1505.00000,6989.12256
1505.50000,7098.18994
1506.00000,7207.16113
1506.50000,7311.97559
1507.00000,7408.99756
1507.50000,7498.76953
1508.00000,7581.52881
1508.50000,7659.45752
1509.00000,7735.68408
1509.50000,7811.70996
1510.00000,7886.32178
1510.50000,7955.97900
1511.00000,8015.08691
1511.50000,8063.47900
1512.00000,8102.25732
1512.50000,8136.28223
1513.00000,8169.74463
1513.50000,8202.12305
1514.00000,8228.75000
1514.50000,8243.19141
1515.00000,8237.71875
1515.50000,8213.48340
1516.00000,8170.96387
1516.50000,8116.38037
1517.00000,8057.64893
1517.50000,8002.12109
1518.00000,7953.06348
1518.50000,7909.88232
1519.00000,7867.80029
1519.50000,7820.32715
1520.00000,7761.68945
1520.50000,7691.45801
1521.00000,7613.45068
1521.50000,7531.90479
1522.00000,7449.72266
1522.50000,7366.07373
1523.00000,7278.96680
1523.50000,7189.03955
1524.00000,7099.36377
1524.50000,7013.96973
1525.00000,6933.59619
1525.50000,6853.70508
1526.00000,6767.41162
1526.50000,6670.72461
1527.00000,6566.34717
1527.50000,6464.04053
1528.00000,6375.24219
1528.50000,6303.99121
1529.00000,6245.71631
1529.50000,6190.10742
1530.00000,6128.14453
1530.50000,6058.18994
1531.00000,5986.33545
1531.50000,5921.27539
1532.00000,5870.58252
1532.50000,5832.85010
1533.00000,5802.02441
1533.50000,5770.56982
1534.00000,5734.43604
1534.50000,5693.26611
1535.00000,5650.03076
1535.50000,5608.66943
1536.00000,5573.25781
1536.50000,5545.22852
1537.00000,5523.96191
1537.50000,5506.94580
1538.00000,5489.53711
1538.50000,5468.32617
1539.00000,5442.43945
1539.50000,5414.41309
1540.00000,5388.28955
1540.50000,5366.90479
1541.00000,5350.19971
1541.50000,5336.40674
1542.00000,5323.22705
1542.50000,5310.45850
1543.00000,5299.07373
1543.50000,5289.59131
1544.00000,5281.54688
1544.50000,5273.18848
1545.00000,5263.88428
1545.50000,5254.63184
1546.00000,5246.97900
1546.50000,5241.70166
1547.00000,5237.58936
1547.50000,5232.76758
1548.00000,5225.71924
1548.50000,5217.29199
1549.00000,5208.70850
1549.50000,5201.08740
1550.00000,5194.99561
1550.50000,5191.81836
1551.00000,5192.94531
1551.50000,5198.55859
1552.00000,5206.49609
1552.50000,5211.28906
1553.00000,5209.02441
1553.50000,5199.83984
1554.00000,5189.78809
1554.50000,5185.84570
1555.00000,5190.12305
1555.50000,5198.19287
1556.00000,5201.07813
1556.50000,5195.24219
1557.00000,5182.56641
1557.50000,5170.21484
1558.00000,5163.84326
1558.50000,5164.76416
1559.00000,5167.83447
1559.50000,5168.28174
1560.00000,5164.88965
1560.50000,5161.40723
1561.00000,5161.16943
1561.50000,5164.74902
1562.00000,5169.14453
1562.50000,5170.50586
1563.00000,5167.32910
1563.50000,5160.91650
1564.00000,5153.16943
1564.50000,5146.11377
1565.00000,5141.36523
1565.50000,5140.78906
1566.00000,5145.45605
1566.50000,5156.67236
1567.00000,5170.85205
1567.50000,5183.81104
1568.00000,5190.61035
1568.50000,5190.24805
1569.00000,5182.86230
1569.50000,5171.33691
1570.00000,5159.43750
1570.50000,5151.19336
1571.00000,5148.90332
1571.50000,5153.83301
1572.00000,5165.69971
1572.50000,5180.16602
1573.00000,5192.83545
1573.50000,5200.20215
1574.00000,5202.48975
1574.50000,5201.30908
1575.00000,5199.06787
1575.50000,5196.00781
1576.00000,5191.26074
1576.50000,5185.31641
1577.00000,5181.16553
1577.50000,5183.11719
1578.00000,5192.41113
1578.50000,5207.44678
1579.00000,5221.34619
1579.50000,5228.26465
1580.00000,5224.91699
1580.50000,5214.68164
1581.00000,5202.40869
1581.50000,5192.58350
1582.00000,5186.29590
1582.50000,5183.27344
1583.00000,5181.52734
1583.50000,5180.05225
1584.00000,5177.73291
1584.50000,5173.57617
1585.00000,5166.84717
1585.50000,5158.88477
1586.00000,5152.21533
1586.50000,5150.15137
1587.00000,5152.22266
1587.50000,5156.02832
1588.00000,5157.67334
1588.50000,5156.38574
1589.00000,5154.63916
1589.50000,5156.52734
1590.00000,5163.76221
1590.50000,5174.83301
1591.00000,5184.30713
1591.50000,5188.54102
1592.00000,5187.94043
1592.50000,5185.98975
1593.00000,5185.31982
1593.50000,5185.33838
1594.00000,5183.13477
1594.50000,5174.94434
1595.00000,5162.72314
1595.50000,5150.83398
1596.00000,5144.89502
1596.50000,5146.98584
1597.00000,5156.65381
1597.50000,5167.73389
1598.00000,5173.98535
1598.50000,5170.40723
1599.00000,5158.77588
1599.50000,5142.54248
1600.00000,5127.85840
1600.50000,5119.04883
1601.00000,5119.02734
1601.50000,5124.43066
1602.00000,5131.11328
1602.50000,5135.48193
1603.00000,5136.63818
1603.50000,5134.90967
1604.00000,5131.76563
1604.50000,5128.32715
1605.00000,5125.29443
1605.50000,5123.08984
1606.00000,5122.05762
1606.50000,5122.02588
1607.00000,5121.90186
1607.50000,5120.37744
1608.00000,5117.12256
1608.50000,5113.34229
1609.00000,5110.92969
1609.50000,5110.48047
1610.00000,5111.36719
1610.50000,5111.87598
1611.00000,5110.90186
1611.50000,5108.81055
1612.00000,5107.30664
1612.50000,5107.32080
1613.00000,5108.40820
1613.50000,5108.33936
1614.00000,5104.90576
1614.50000,5097.12402
1615.00000,5087.29980
1615.50000,5078.80420
1616.00000,5074.61230
1616.50000,5075.77344
1617.00000,5082.12500
1617.50000,5090.13428
1618.00000,5096.81396
1618.50000,5100.21240
1619.00000,5100.66602
1619.50000,5099.04590
1620.00000,5097.03711
1620.50000,5095.67627
1621.00000,5095.81104
1621.50000,5097.28809
1622.00000,5099.76514
1622.50000,5102.12451
1623.00000,5103.08008
1623.50000,5101.53613
1624.00000,5098.57666
1624.50000,5096.55615
1625.00000,5098.25146
1625.50000,5103.41748
1626.00000,5110.25879
1626.50000,5115.71289
1627.00000,5118.45068
1627.50000,5119.35352
1628.00000,5121.48047
1628.50000,5126.17285
1629.00000,5132.33984
1629.50000,5136.86914
1630.00000,5137.04541
1630.50000,5132.93018
1631.00000,5127.42480
1631.50000,5124.25000
1632.00000,5125.19043
1632.50000,5130.74707
1633.00000,5140.42676
1633.50000,5152.04395
1634.00000,5162.99609
1634.50000,5169.96484
1635.00000,5170.69336
1635.50000,5162.83203
1636.00000,5149.55957
1636.50000,5134.72754
1637.00000,5123.79248
1637.50000,5119.05859
1638.00000,5121.16992
1638.50000,5127.38477
1639.00000,5134.52002
1639.50000,5139.46338
1640.00000,5140.96826
1640.50000,5139.17578
1641.00000,5136.03418
1641.50000,5134.17773
1642.00000,5135.79590
1642.50000,5140.26709
1643.00000,5144.54785
1643.50000,5143.26855
1644.00000,5135.39453
1644.50000,5122.82959
1645.00000,5111.74902
1645.50000,5107.65723
1646.00000,5113.51904
1646.50000,5123.89014
1647.00000,5131.08643
1647.50000,5128.92432
1648.00000,5120.14893
1648.50000,5110.76123
1649.00000,5108.14746
1649.50000,5113.82422
1650.00000,5123.96875
1650.50000,5131.88037
1651.00000,5134.36572
1651.50000,5131.69531
1652.00000,5127.98242
1652.50000,5125.81445
1653.00000,5125.35400
1653.50000,5125.72803
1654.00000,5127.14893
1654.50000,5129.93164
1655.00000,5133.10693
1655.50000,5132.53125
1656.00000,5125.45313
1656.50000,5111.99658
1657.00000,5097.96729
1657.50000,5089.93848
1658.00000,5092.71436
1658.50000,5101.38428
1659.00000,5108.50635
1659.50000,5108.64600
1660.00000,5104.35596
1660.50000,5101.60156
1661.00000,5105.53174
1661.50000,5115.26367
1662.00000,5124.49707
1662.50000,5127.48193
1663.00000,5122.72803
1663.50000,5113.16064
1664.00000,5104.21143
1664.50000,5099.75635
1665.00000,5099.70996
1665.50000,5102.33984
1666.00000,5106.13916
1666.50000,5109.32471
1667.00000,5110.21680
1667.50000,5106.94824
1668.00000,5100.43164
1668.50000,5093.38232
1669.00000,5090.14404
1669.50000,5093.42334
1670.00000,5104.23193
1670.50000,5116.97461
1671.00000,5125.66504
1671.50000,5126.01465
1672.00000,5119.49951
1672.50000,5110.16650
1673.00000,5104.07227
1673.50000,5104.14355
1674.00000,5108.96582
1674.50000,5112.90527
1675.00000,5111.97314
1675.50000,5105.98975
1676.00000,5099.42480
1676.50000,5098.46680
1677.00000,5104.45996
1677.50000,5114.74609
1678.00000,5124.10889
1678.50000,5128.67383
1679.00000,5126.99219
1679.50000,5120.89844
1680.00000,5113.36230
1680.50000,5106.20996
1681.00000,5101.06445
1681.50000,5099.74902
1682.00000,5104.76855
1682.50000,5114.58545
1683.00000,5126.13330
1683.50000,5135.39160
1684.00000,5140.74902
1684.50000,5142.68164
1685.00000,5143.83398
1685.50000,5144.52734
1686.00000,5141.96875
1686.50000,5134.01855
1687.00000,5120.53955
1687.50000,5106.52979
1688.00000,5098.43164
1688.50000,5101.08105
1689.00000,5110.29492
1689.50000,5119.64307
1690.00000,5121.56201
1690.50000,5114.60596
1691.00000,5102.70557
1691.50000,5094.93799
1692.00000,5097.08447
1692.50000,5111.83105
1693.00000,5131.33350
1693.50000,5146.56152
1694.00000,5150.31982
1694.50000,5145.20264
1695.00000,5136.99365
1695.50000,5132.36182
1696.00000,5132.49414
1696.50000,5132.99023
1697.00000,5128.48340
1697.50000,5118.67578
1698.00000,5109.26123
1698.50000,5106.87695
1699.00000,5115.63379
1699.50000,5130.46533
1700.00000,5143.66211
1700.50000,5149.32813
1701.00000,5149.44971
1701.50000,5148.36035
1702.00000,5151.15820
1702.50000,5158.38721
1703.00000,5167.82959
1703.50000,5176.02783
1704.00000,5181.11914
1704.50000,5181.91309
1705.00000,5179.28027
1705.50000,5173.61475
1706.00000,5165.82422
1706.50000,5157.54785
1707.00000,5150.88867
1707.50000,5147.48193
1708.00000,5147.96973
1708.50000,5152.63232
1709.00000,5160.36475
1709.50000,5170.93115
1710.00000,5183.42139
1710.50000,5196.00732
1711.00000,5205.61914
1711.50000,5209.97168
1712.00000,5207.61621
1712.50000,5198.28857
1713.00000,5185.57764
1713.50000,5173.45752
1714.00000,5165.56250
1714.50000,5163.09424
1715.00000,5166.69531
1715.50000,5173.79102
1716.00000,5182.09082
1716.50000,5189.07080
1717.00000,5193.36230
1717.50000,5193.86768
1718.00000,5191.05762
1718.50000,5186.72168
1719.00000,5184.14404
1719.50000,5185.91895
1720.00000,5193.38330
1720.50000,5205.23047
1721.00000,5216.51563
1721.50000,5220.78467
1722.00000,5215.41797
1722.50000,5202.50830
1723.00000,5187.12549
1723.50000,5176.09570
1724.00000,5173.89160
1724.50000,5179.97217
1725.00000,5189.89404
1725.50000,5200.58691
1726.00000,5210.15527
1726.50000,5218.00684
1727.00000,5222.99170
1727.50000,5225.16650
1728.00000,5225.13770
1728.50000,5225.58350
1729.00000,5229.25537
1729.50000,5237.17432
1730.00000,5245.06934
1730.50000,5248.12402
1731.00000,5242.19043
1731.50000,5230.81689
1732.00000,5220.50928
1732.50000,5218.79395
1733.00000,5226.72412
1733.50000,5241.40186
1734.00000,5254.58496
1734.50000,5259.71631
1735.00000,5253.89941
1735.50000,5244.10352
1736.00000,5237.32617
1736.50000,5238.24170
1737.00000,5244.74902
1737.50000,5250.38428
1738.00000,5250.28613
1738.50000,5245.65186
1739.00000,5242.88916
1739.50000,5247.48486
1740.00000,5260.69971
