280.00000,6580.31396
280.50000,6581.98340
281.00000,6573.06006
281.50000,6568.43115
282.00000,6578.22656
282.50000,6600.33740
283.00000,6623.61426
283.50000,6636.65137
284.00000,6640.65820
284.50000,6640.93311
285.00000,6645.28955
285.50000,6656.98242
286.00000,6673.27051
286.50000,6686.33057
287.00000,6692.91309
287.50000,6693.35645
288.00000,6693.54297
288.50000,6698.62012
289.00000,6710.78125
289.50000,6724.86328
290.00000,6735.34180
290.50000,6739.28320
291.00000,6737.14307
291.50000,6731.78613
292.00000,6728.20264
292.50000,6728.51074
293.00000,6732.02393
293.50000,6736.64014
294.00000,6740.56982
294.50000,6742.97021
295.00000,6743.89404
295.50000,6743.80762
296.00000,6743.41797
296.50000,6743.51611
297.00000,6745.31982
297.50000,6749.77588
298.00000,6758.04639
298.50000,6767.85938
299.00000,6776.72705
299.50000,6781.92480
300.00000,6783.23975
300.50000,6781.69287
301.00000,6780.62549
301.50000,6782.48779
302.00000,6787.78857
302.50000,6794.21289
303.00000,6799.47754
303.50000,6801.89990
304.00000,6802.82275
304.50000,6805.64404
305.00000,6813.12891
305.50000,6825.43848
306.00000,6841.22363
306.50000,6856.32080
307.00000,6866.52148
307.50000,6869.24414
308.00000,6866.72949
308.50000,6861.39014
309.00000,6856.85156
309.50000,6855.60986
310.00000,6860.06787
310.50000,6868.56396
311.00000,6878.75244
311.50000,6887.91504
312.00000,6894.22949
312.50000,6896.51172
313.00000,6895.94971
313.50000,6895.21680
314.00000,6897.72803
314.50000,6904.33838
315.00000,6914.98730
315.50000,6927.83691
316.00000,6940.03809
316.50000,6948.55225
317.00000,6953.07813
317.50000,6954.39404
318.00000,6953.29834
318.50000,6951.33105
319.00000,6949.22119
319.50000,6947.62207
320.00000,6946.98877
320.50000,6947.99121
321.00000,6950.66113
321.50000,6954.68750
322.00000,6959.47070
322.50000,6964.11768
323.00000,6968.49023
323.50000,6973.24463
324.00000,6979.02930
324.50000,6986.25928
325.00000,6994.16992
325.50000,7001.51953
326.00000,7006.85547
326.50000,7010.78174
327.00000,7014.55078
327.50000,7019.80908
328.00000,7027.23486
328.50000,7036.62256
329.00000,7045.80713
329.50000,7052.95459
330.00000,7057.23584
330.50000,7059.72314
331.00000,7061.46436
331.50000,7063.29102
332.00000,7064.83936
332.50000,7064.63379
333.00000,7062.54004
333.50000,7059.67432
334.00000,7058.79834
334.50000,7062.32031
335.00000,7072.42480
335.50000,7087.33691
336.00000,7102.54004
336.50000,7113.35938
337.00000,7118.33691
337.50000,7117.90039
338.00000,7115.31055
338.50000,7115.59619
339.00000,7122.36768
339.50000,7135.06689
340.00000,7151.03076
340.50000,7166.67871
341.00000,7178.98828
341.50000,7186.20947
342.00000,7189.22607
342.50000,7190.92920
343.00000,7193.32617
343.50000,7197.45459
344.00000,7203.13135
344.50000,7209.42676
345.00000,7214.88477
345.50000,7218.82813
346.00000,7221.39355
346.50000,7223.36182
347.00000,7225.53076
347.50000,7228.55664
348.00000,7232.90479
348.50000,7239.15088
349.00000,7247.25781
349.50000,7257.64893
350.00000,7270.27539
350.50000,7284.23779
351.00000,7298.04053
351.50000,7309.42529
352.00000,7317.02979
352.50000,7319.96484
353.00000,7319.93799
353.50000,7318.72070
354.00000,7318.77441
354.50000,7321.96924
355.00000,7329.34863
355.50000,7339.49170
356.00000,7351.04883
356.50000,7362.47754
357.00000,7372.60742
357.50000,7380.52881
358.00000,7385.90967
358.50000,7389.39355
359.00000,7391.20947
359.50000,7392.12695
360.00000,7392.57080
360.50000,7392.83496
361.00000,7393.09912
361.50000,7393.54395
362.00000,7394.52637
362.50000,7396.45654
363.00000,7399.97119
363.50000,7404.76855
364.00000,7410.14063
364.50000,7414.34863
365.00000,7416.17480
365.50000,7415.11865
366.00000,7412.52393
366.50000,7410.54443
367.00000,7412.27588
367.50000,7418.83984
368.00000,7429.89990
368.50000,7442.35547
369.00000,7452.65283
369.50000,7457.46729
370.00000,7456.02832
370.50000,7449.59766
371.00000,7440.54150
371.50000,7432.92383
372.00000,7428.90625
372.50000,7429.16699
373.00000,7432.37744
373.50000,7437.31934
374.00000,7442.59033
374.50000,7448.00732
375.00000,7454.76318
375.50000,7463.68945
376.00000,7475.12305
376.50000,7487.82715
377.00000,7499.31250
377.50000,7505.83203
378.00000,7505.28320
378.50000,7498.79541
379.00000,7488.71338
379.50000,7479.42871
380.00000,7474.56738
380.50000,7476.20117
381.00000,7483.51123
381.50000,7494.40820
382.00000,7505.59424
382.50000,7515.61133
383.00000,7524.03564
383.50000,7531.75488
384.00000,7539.52393
384.50000,7547.53125
385.00000,7555.03027
385.50000,7560.65771
386.00000,7563.85498
386.50000,7564.37598
387.00000,7562.25342
387.50000,7558.50439
388.00000,7553.78564
388.50000,7549.18311
389.00000,7545.56641
389.50000,7544.17188
390.00000,7545.28662
390.50000,7549.04346
391.00000,7555.04443
391.50000,7561.89453
392.00000,7568.57275
392.50000,7574.74121
393.00000,7580.67480
393.50000,7586.92090
394.00000,7593.71436
394.50000,7600.81348
395.00000,7607.26367
395.50000,7612.39697
396.00000,7615.83203
396.50000,7618.07227
397.00000,7619.86719
397.50000,7621.90479
398.00000,7624.37354
398.50000,7626.97412
399.00000,7629.26416
399.50000,7631.30615
400.00000,7633.79688
400.50000,7637.86426
401.00000,7644.56348
401.50000,7655.47266
402.00000,7669.80908
402.50000,7686.05811
403.00000,7701.81885
403.50000,7714.77686
404.00000,7722.25049
404.50000,7723.83203
405.00000,7720.28320
405.50000,7713.87891
406.00000,7708.60254
406.50000,7707.25781
407.00000,7711.29492
407.50000,7719.69336
408.00000,7730.84180
408.50000,7741.53760
409.00000,7749.45752
409.50000,7753.59082
410.00000,7755.46094
410.50000,7756.68164
411.00000,7759.14746
411.50000,7763.75586
412.00000,7770.79492
412.50000,7778.69043
413.00000,7785.75439
413.50000,7790.59961
414.00000,7793.36133
414.50000,7794.74854
415.00000,7796.53125
415.50000,7800.46387
416.00000,7808.52881
416.50000,7819.60107
417.00000,7832.14014
417.50000,7843.81885
418.00000,7852.94531
418.50000,7858.45996
419.00000,7861.22607
419.50000,7863.33301
420.00000,7867.04004
420.50000,7872.78320
421.00000,7879.89697
421.50000,7886.62109
422.00000,7891.36963
422.50000,7893.19434
423.00000,7893.42139
423.50000,7894.78955
424.00000,7900.74463
424.50000,7911.94482
425.00000,7928.28809
425.50000,7947.80078
426.00000,7967.15674
426.50000,7982.89404
427.00000,7993.85107
427.50000,8000.86914
428.00000,8005.08301
428.50000,8008.78271
429.00000,8013.15820
429.50000,8018.59277
430.00000,8024.37256
430.50000,8029.22021
431.00000,8032.34668
431.50000,8033.59326
432.00000,8033.02295
432.50000,8031.66260
433.00000,8030.29980
433.50000,8029.68359
434.00000,8029.91797
434.50000,8030.39111
435.00000,8029.93018
435.50000,8027.44238
436.00000,8021.87451
436.50000,8014.18311
437.00000,8006.14355
437.50000,8001.20752
438.00000,8001.55908
438.50000,8008.57666
439.00000,8019.62354
439.50000,8031.35547
440.00000,8039.72217
440.50000,8043.33154
441.00000,8042.90967
441.50000,8043.11621
442.00000,8047.90381
442.50000,8059.81055
443.00000,8075.84717
443.50000,8091.38867
444.00000,8100.14844
444.50000,8099.66162
445.00000,8090.21289
445.50000,8078.51270
446.00000,8070.65137
446.50000,8071.92334
447.00000,8080.99365
447.50000,8094.53564
448.00000,8106.89648
448.50000,8113.51660
449.00000,8113.04736
449.50000,8108.71729
450.00000,8104.32422
450.50000,8103.28125
451.00000,8105.80908
451.50000,8110.65918
452.00000,8115.07324
452.50000,8116.91797
453.00000,8115.87598
453.50000,8113.74951
454.00000,8112.58691
454.50000,8114.60107
455.00000,8119.69238
455.50000,8127.14160
456.00000,8134.94482
456.50000,8141.12451
457.00000,8144.54297
457.50000,8145.73193
458.00000,8145.85645
458.50000,8146.33887
459.00000,8148.00488
459.50000,8150.82471
460.00000,8153.48096
460.50000,8154.48486
461.00000,8152.75635
461.50000,8149.07080
462.00000,8145.08496
462.50000,8143.39258
463.00000,8145.38672
463.50000,8151.80762
464.00000,8160.75684
464.50000,8169.14014
465.00000,8174.01025
465.50000,8174.48730
466.00000,8171.02832
466.50000,8165.13379
467.00000,8159.47803
467.50000,8156.28564
468.00000,8156.23242
468.50000,8158.63574
469.00000,8162.97754
469.50000,8168.24463
470.00000,8174.01563
470.50000,8180.11768
471.00000,8186.24512
471.50000,8191.54980
472.00000,8194.73047
472.50000,8194.74902
473.00000,8190.04053
473.50000,8181.43164
474.00000,8170.19824
474.50000,8158.86279
475.00000,8150.41162
475.50000,8147.52393
476.00000,8149.88135
476.50000,8155.31299
477.00000,8160.94434
477.50000,8164.15186
478.00000,8163.97803
478.50000,8161.72949
479.00000,8161.16699
479.50000,8166.44971
480.00000,8178.25049
480.50000,8194.13379
481.00000,8209.31836
481.50000,8218.75488
482.00000,8218.81445
482.50000,8208.95313
483.00000,8194.13184
483.50000,8180.84473
484.00000,8173.96094
484.50000,8174.59229
485.00000,8182.13574
485.50000,8191.70703
486.00000,8199.77930
486.50000,8204.08105
487.00000,8205.45508
487.50000,8206.20410
488.00000,8208.30664
488.50000,8211.92969
489.00000,8215.66113
489.50000,8217.39648
490.00000,8215.46875
490.50000,8209.89941
491.00000,8203.01172
491.50000,8198.04492
492.00000,8196.86230
492.50000,8199.71289
493.00000,8205.77832
493.50000,8212.50879
494.00000,8218.02441
494.50000,8221.30371
495.00000,8222.89453
495.50000,8224.24316
496.00000,8226.84961
496.50000,8231.53418
497.00000,8238.65918
497.50000,8247.18457
498.00000,8255.90137
498.50000,8263.05957
499.00000,8267.03125
499.50000,8266.01953
500.00000,8260.73828
500.50000,8252.32227
501.00000,8243.07227
501.50000,8235.84863
502.00000,8233.39746
502.50000,8236.69531
503.00000,8244.61426
503.50000,8254.41699
504.00000,8262.50488
504.50000,8266.62598
505.00000,8265.72266
505.50000,8261.55273
506.00000,8256.19922
506.50000,8252.29980
507.00000,8251.46094
507.50000,8254.52441
508.00000,8259.78125
508.50000,8266.12793
509.00000,8272.58594
509.50000,8278.74414
510.00000,8284.59961
510.50000,8290.28418
511.00000,8295.68359
511.50000,8300.07813
512.00000,8303.11719
512.50000,8304.49609
513.00000,8304.38379
513.50000,8303.53809
514.00000,8302.68555
514.50000,8302.52734
515.00000,8303.51367
515.50000,8306.49219
516.00000,8311.38379
516.50000,8318.41406
517.00000,8327.14258
517.50000,8336.24512
518.00000,8343.76270
518.50000,8348.04199
519.00000,8348.31543
519.50000,8344.75293
520.00000,8340.65723
520.50000,8339.11328
521.00000,8342.12793
521.50000,8348.96191
522.00000,8357.27734
522.50000,8363.01563
523.00000,8362.92969
523.50000,8354.41602
524.00000,8340.15723
524.50000,8323.89746
525.00000,8309.71875
525.50000,8299.66797
526.00000,8294.67480
526.50000,8292.41895
527.00000,8290.47949
527.50000,8286.31348
528.00000,8279.10254
528.50000,8269.33984
529.00000,8259.11230
529.50000,8250.65332
530.00000,8246.97266
530.50000,8248.99121
531.00000,8257.12695
531.50000,8270.30859
532.00000,8284.53906
532.50000,8294.57813
533.00000,8296.52441
533.50000,8289.86328
534.00000,8275.54395
534.50000,8259.73926
535.00000,8248.01465
535.50000,8245.30371
536.00000,8250.95996
536.50000,8261.92383
537.00000,8270.97754
537.50000,8273.68066
538.00000,8267.67969
538.50000,8257.64941
539.00000,8248.77637
539.50000,8246.66309
540.00000,8252.45898
540.50000,8264.92090
541.00000,8278.08105
541.50000,8286.83301
542.00000,8287.64844
542.50000,8282.81738
543.00000,8274.89844
543.50000,8267.22656
544.00000,8261.65820
544.50000,8258.80273
545.00000,8257.75391
545.50000,8258.01172
546.00000,8260.19238
546.50000,8264.57715
547.00000,8271.22461
547.50000,8278.76855
548.00000,8285.05371
548.50000,8287.52539
549.00000,8285.68750
549.50000,8280.42480
550.00000,8274.15527
550.50000,8269.59082
551.00000,8268.26953
551.50000,8270.17285
552.00000,8273.88770
552.50000,8277.76270
553.00000,8280.18164
553.50000,8280.25391
554.00000,8277.67578
554.50000,8274.05859
555.00000,8271.55566
555.50000,8272.37207
556.00000,8277.33887
556.50000,8286.53613
557.00000,8296.85938
557.50000,8304.67871
558.00000,8305.61133
558.50000,8298.63672
559.00000,8284.59277
559.50000,8268.15137
560.00000,8253.72070
560.50000,8245.53320
561.00000,8243.71094
561.50000,8247.45117
562.00000,8254.78613
562.50000,8263.10645
563.00000,8271.11230
563.50000,8278.44629
564.00000,8285.33594
564.50000,8291.85547
565.00000,8298.02832
565.50000,8303.70898
566.00000,8308.71484
566.50000,8312.97754
567.00000,8316.02539
567.50000,8317.29297
568.00000,8316.24219
568.50000,8312.18750
569.00000,8306.10645
569.50000,8299.00977
570.00000,8292.64258
570.50000,8288.55176
571.00000,8288.55859
571.50000,8292.92285
572.00000,8300.99609
572.50000,8311.15234
573.00000,8319.84863
573.50000,8323.78711
574.00000,8320.45801
574.50000,8310.47754
575.00000,8295.37988
575.50000,8279.85840
576.00000,8268.20605
576.50000,8264.90820
577.00000,8269.48145
577.50000,8279.93262
578.00000,8292.27441
578.50000,8303.28320
579.00000,8310.86133
579.50000,8315.36914
580.00000,8317.78711
580.50000,8319.08105
581.00000,8319.90723
581.50000,8319.81934
582.00000,8317.97559
582.50000,8314.13867
583.00000,8308.28320
583.50000,8301.77539
584.00000,8296.28125
584.50000,8294.16211
585.00000,8296.46094
585.50000,8304.17480
586.00000,8316.08789
586.50000,8329.32715
587.00000,8340.05469
587.50000,8346.16895
588.00000,8346.95410
588.50000,8343.30566
589.00000,8338.11914
589.50000,8333.50977
590.00000,8330.45898
590.50000,8328.42773
591.00000,8326.18262
591.50000,8323.18457
592.00000,8320.40723
592.50000,8319.92578
593.00000,8322.86621
593.50000,8329.58398
594.00000,8337.98047
594.50000,8345.39355
595.00000,8348.86719
595.50000,8348.57715
596.00000,8345.96484
596.50000,8344.23535
597.00000,8345.30566
597.50000,8349.68066
598.00000,8355.37012
598.50000,8359.95410
599.00000,8360.83008
599.50000,8358.13379
600.00000,8352.82227
600.50000,8347.19629
601.00000,8343.32715
601.50000,8342.19922
602.00000,8342.82422
602.50000,8343.83203
603.00000,8343.82715
603.50000,8342.46484
604.00000,8339.96875
604.50000,8337.11914
605.00000,8334.48633
605.50000,8331.91309
606.00000,8328.41504
606.50000,8323.04883
607.00000,8315.25879
607.50000,8306.34375
608.00000,8298.30762
608.50000,8293.74512
609.00000,8294.08105
609.50000,8300.68262
610.00000,8311.51270
610.50000,8324.02246
611.00000,8334.53516
611.50000,8340.94434
612.00000,8341.96484
612.50000,8338.48633
613.00000,8332.73047
613.50000,8327.04980
614.00000,8323.36035
614.50000,8322.37598
615.00000,8323.48926
615.50000,8324.42188
616.00000,8322.38281
616.50000,8316.00195
617.00000,8305.96973
617.50000,8294.11621
618.00000,8283.74609
618.50000,8277.46680
619.00000,8276.93848
619.50000,8280.72656
620.00000,8287.05469
620.50000,8293.19238
621.00000,8297.45313
621.50000,8299.12891
622.00000,8299.27832
622.50000,8298.51172
623.00000,8297.20605
623.50000,8295.54004
624.00000,8293.66797
624.50000,8292.13574
625.00000,8291.58398
625.50000,8292.69238
626.00000,8294.72852
626.50000,8296.35059
627.00000,8296.06055
627.50000,8293.71387
628.00000,8290.12207
628.50000,8287.30762
629.00000,8286.87988
629.50000,8290.01758
630.00000,8295.32031
630.50000,8301.10547
631.00000,8305.32617
631.50000,8307.09766
632.00000,8306.17285
632.50000,8303.32813
633.00000,8299.05469
633.50000,8293.71191
634.00000,8288.39453
634.50000,8284.83398
635.00000,8285.25684
635.50000,8290.63281
636.00000,8301.33789
636.50000,8313.90430
637.00000,8324.10547
637.50000,8327.77832
638.00000,8325.23730
638.50000,8318.21191
639.00000,8310.78906
639.50000,8306.18750
640.00000,8306.28223
640.50000,8309.17480
641.00000,8312.33594
641.50000,8313.25781
642.00000,8311.89648
642.50000,8309.89258
643.00000,8309.39258
643.50000,8311.11035
644.00000,8314.49805
644.50000,8317.43555
645.00000,8318.29199
645.50000,8316.41113
646.00000,8313.26563
646.50000,8310.93457
647.00000,8311.31738
647.50000,8314.68457
648.00000,8319.98047
648.50000,8324.78906
649.00000,8327.34668
649.50000,8326.76465
650.00000,8324.17676
650.50000,8321.31836
651.00000,8320.27539
651.50000,8322.04395
652.00000,8326.88477
652.50000,8332.57617
653.00000,8336.86328
653.50000,8338.15234
654.00000,8337.09375
654.50000,8335.35938
655.00000,8335.26367
655.50000,8337.92871
656.00000,8343.27441
656.50000,8348.82324
657.00000,8352.19238
657.50000,8351.98047
658.00000,8349.43457
658.50000,8347.56934
659.00000,8349.38379
659.50000,8355.80566
660.00000,8365.97754
660.50000,8376.22559
661.00000,8383.27539
661.50000,8385.12500
662.00000,8382.61816
662.50000,8377.37402
663.00000,8372.14551
663.50000,8368.31348
664.00000,8365.90039
664.50000,8363.32129
665.00000,8359.36426
665.50000,8353.89160
666.00000,8347.98633
666.50000,8343.42383
667.00000,8341.36621
667.50000,8342.19629
668.00000,8345.54590
668.50000,8349.82910
669.00000,8353.91602
669.50000,8357.14844
670.00000,8359.68164
670.50000,8361.91895
671.00000,8364.19434
671.50000,8366.46289
672.00000,8368.41406
672.50000,8369.85742
673.00000,8370.76367
673.50000,8371.45410
674.00000,8372.28223
674.50000,8373.44727
675.00000,8374.65430
675.50000,8375.30859
676.00000,8374.70410
676.50000,8372.75195
677.00000,8369.52441
677.50000,8365.79199
678.00000,8362.49121
678.50000,8360.99219
679.00000,8361.85742
679.50000,8365.59668
680.00000,8372.02637
680.50000,8379.75977
681.00000,8387.15918
681.50000,8392.47168
682.00000,8395.06641
682.50000,8394.66602
683.00000,8392.77832
683.50000,8390.46973
684.00000,8388.59180
684.50000,8387.23340
685.00000,8386.05762
685.50000,8384.60645
686.00000,8382.75977
686.50000,8380.70898
687.00000,8378.82910
687.50000,8377.30664
688.00000,8376.11133
688.50000,8375.20996
689.00000,8374.90625
689.50000,8375.44238
690.00000,8376.83691
690.50000,8378.62891
691.00000,8379.84277
691.50000,8379.57129
692.00000,8377.62891
692.50000,8374.84570
693.00000,8372.43262
693.50000,8371.15234
694.00000,8370.69141
694.50000,8370.11133
695.00000,8368.90918
695.50000,8367.74609
696.00000,8368.46387
696.50000,8372.56152
697.00000,8381.16406
697.50000,8392.12891
698.00000,8402.65039
698.50000,8409.58008
699.00000,8412.58984
699.50000,8413.08008
700.00000,8414.40625
700.50000,8418.24023
701.00000,8424.02637
701.50000,8428.33691
702.00000,8427.70117
702.50000,8419.84180
703.00000,8407.25684
703.50000,8394.17090
704.00000,8386.03516
704.50000,8385.71582
705.00000,8394.70996
705.50000,8407.94922
706.00000,8420.19727
706.50000,8426.44238
707.00000,8425.96680
707.50000,8419.67480
708.00000,8411.70703
708.50000,8405.83984
709.00000,8405.70703
709.50000,8410.76855
710.00000,8419.73730
710.50000,8429.74121
711.00000,8438.01465
711.50000,8442.48535
712.00000,8443.12988
712.50000,8440.95703
713.00000,8436.86914
713.50000,8431.96191
714.00000,8426.52441
714.50000,8420.86230
715.00000,8415.56934
715.50000,8411.92188
716.00000,8411.07617
716.50000,8413.84473
717.00000,8420.87500
717.50000,8430.37695
718.00000,8440.39844
718.50000,8448.20020
719.00000,8452.17871
719.50000,8451.49023
720.00000,8448.11133
720.50000,8444.50781
721.00000,8443.55371
721.50000,8445.99023
722.00000,8451.05957
722.50000,8455.72754
723.00000,8456.91211
723.50000,8451.80762
724.00000,8441.96094
724.50000,8430.51660
725.00000,8422.23340
725.50000,8419.62598
726.00000,8422.89258
726.50000,8429.26270
727.00000,8435.79395
727.50000,8441.10352
728.00000,8446.27344
728.50000,8453.19141
729.00000,8463.13867
729.50000,8474.38086
730.00000,8483.20508
730.50000,8485.62598
731.00000,8480.38770
731.50000,8467.93066
732.00000,8453.94531
732.50000,8443.21191
733.00000,8438.74707
733.50000,8439.08691
734.00000,8441.68457
734.50000,8443.11035
735.00000,8441.71875
735.50000,8437.08008
736.00000,8431.31641
736.50000,8426.34961
737.00000,8424.06152
737.50000,8424.99707
738.00000,8429.73242
738.50000,8437.38281
739.00000,8446.57715
739.50000,8455.39941
740.00000,8462.32031
740.50000,8466.54297
741.00000,8468.59961
741.50000,8470.25098
742.00000,8473.35547
742.50000,8478.66699
743.00000,8485.59766
743.50000,8492.29980
744.00000,8496.56543
744.50000,8496.33789
745.00000,8490.67285
745.50000,8480.63574
746.00000,8467.51953
746.50000,8454.58203
747.00000,8444.67188
747.50000,8441.10156
748.00000,8443.83398
748.50000,8452.33496
749.00000,8463.67285
749.50000,8474.43359
750.00000,8481.82324
750.50000,8485.72656
751.00000,8487.23730
751.50000,8487.83105
752.00000,8488.31934
752.50000,8487.92480
753.00000,8485.32031
753.50000,8480.46387
754.00000,8475.00000
754.50000,8471.70801
755.00000,8472.41992
755.50000,8477.18652
756.00000,8482.99609
756.50000,8486.62305
757.00000,8486.30762
757.50000,8483.11523
758.00000,8480.01270
758.50000,8480.17480
759.00000,8485.00488
759.50000,8493.40430
760.00000,8501.70313
760.50000,8506.08203
761.00000,8505.06641
761.50000,8499.89453
762.00000,8492.88574
762.50000,8487.45313
763.00000,8486.02344
763.50000,8489.95215
764.00000,8497.84277
764.50000,8507.67871
765.00000,8516.09668
765.50000,8520.59570
766.00000,8518.84668
766.50000,8512.77148
767.00000,8504.59863
767.50000,8497.37891
768.00000,8492.76172
768.50000,8491.01660
769.00000,8490.93652
769.50000,8492.21582
770.00000,8496.54590
770.50000,8505.24023
771.00000,8519.33691
771.50000,8537.02637
772.00000,8553.99805
772.50000,8565.11523
773.00000,8568.71875
773.50000,8566.48730
774.00000,8562.84082
774.50000,8562.79199
775.00000,8568.75293
775.50000,8578.82520
776.00000,8588.11328
776.50000,8591.53320
777.00000,8588.43164
777.50000,8580.79883
778.00000,8572.49316
778.50000,8567.24316
779.00000,8567.43848
779.50000,8573.23340
780.00000,8582.96582
780.50000,8595.02148
781.00000,8606.63867
781.50000,8615.30566
782.00000,8618.08789
782.50000,8614.87793
783.00000,8606.25391
783.50000,8595.73242
784.00000,8587.36719
784.50000,8584.81934
785.00000,8587.41016
785.50000,8593.25488
786.00000,8599.59863
786.50000,8604.75586
787.00000,8608.97266
787.50000,8614.06250
788.00000,8621.48828
788.50000,8631.92383
789.00000,8643.26172
789.50000,8652.91309
790.00000,8658.12207
790.50000,8658.63086
791.00000,8655.03516
791.50000,8650.19922
792.00000,8647.04199
792.50000,8648.89355
793.00000,8655.82813
793.50000,8667.51172
794.00000,8681.94824
794.50000,8696.04688
795.00000,8706.71680
795.50000,8712.43262
796.00000,8713.35352
796.50000,8710.37402
797.00000,8706.58301
797.50000,8704.25000
798.00000,8704.99512
798.50000,8708.65137
799.00000,8714.70996
799.50000,8721.65625
800.00000,8728.37500
800.50000,8733.83887
801.00000,8737.66992
801.50000,8739.26660
802.00000,8738.19434
802.50000,8734.78418
803.00000,8729.64355
803.50000,8724.75586
804.00000,8722.29102
804.50000,8724.90723
805.00000,8732.46582
805.50000,8744.04395
806.00000,8756.33984
806.50000,8765.69434
807.00000,8768.19824
807.50000,8763.86230
808.00000,8754.33496
808.50000,8742.96973
809.00000,8733.72559
809.50000,8729.61719
810.00000,8731.15820
810.50000,8737.06934
811.00000,8746.70410
811.50000,8758.51953
812.00000,8771.83984
812.50000,8785.78711
813.00000,8798.88965
813.50000,8809.11328
814.00000,8814.96387
814.50000,8816.39160
815.00000,8813.82617
815.50000,8810.09473
816.00000,8807.48047
816.50000,8807.86523
817.00000,8811.09375
817.50000,8816.49414
818.00000,8822.54590
818.50000,8828.32422
819.00000,8833.79004
819.50000,8839.60840
820.00000,8846.15820
820.50000,8852.81250
821.00000,8857.92871
821.50000,8858.98438
822.00000,8855.02637
822.50000,8847.12305
823.00000,8838.28613
823.50000,8832.95117
824.00000,8834.70508
824.50000,8844.61914
825.00000,8859.24609
825.50000,8873.92773
826.00000,8883.93945
826.50000,8887.38867
827.00000,8884.27246
827.50000,8878.86133
828.00000,8874.50977
828.50000,8873.56641
829.00000,8875.93945
829.50000,8881.39746
830.00000,8888.80859
830.50000,8897.37598
831.00000,8905.86035
831.50000,8912.45703
832.00000,8915.02051
832.50000,8912.67969
833.00000,8907.18945
833.50000,8901.89063
834.00000,8900.60938
834.50000,8905.38477
835.00000,8916.28320
835.50000,8929.46777
836.00000,8941.66992
836.50000,8950.98535
837.00000,8958.18262
837.50000,8965.35547
838.00000,8974.47754
838.50000,8985.91406
839.00000,8998.70410
839.50000,9011.27344
840.00000,9022.69238
840.50000,9032.65332
841.00000,9040.96777
841.50000,9046.24316
842.00000,9047.73242
842.50000,9044.81055
843.00000,9038.15527
843.50000,9030.71484
844.00000,9025.76270
844.50000,9025.74121
845.00000,9031.11230
845.50000,9042.28223
846.00000,9057.08203
846.50000,9074.58203
847.00000,9093.91113
847.50000,9113.67676
848.00000,9131.88965
848.50000,9146.17090
849.00000,9155.13281
849.50000,9157.35449
850.00000,9155.50098
850.50000,9151.91797
851.00000,9149.57617
851.50000,9150.24512
852.00000,9155.16797
852.50000,9163.66211
853.00000,9174.58008
853.50000,9186.86035
854.00000,9199.14551
854.50000,9210.75195
855.00000,9221.46387
855.50000,9231.58398
856.00000,9241.27051
856.50000,9250.42578
857.00000,9258.57715
857.50000,9265.03027
858.00000,9270.36328
858.50000,9275.93066
859.00000,9283.82715
859.50000,9294.97461
860.00000,9308.75586
860.50000,9321.88672
861.00000,9331.15625
861.50000,9333.97461
862.00000,9332.47070
862.50000,9330.04297
863.00000,9331.06934
863.50000,9337.39355
864.00000,9349.05273
864.50000,9362.39063
865.00000,9374.37988
865.50000,9383.17871
866.00000,9390.08691
866.50000,9397.42871
867.00000,9407.69434
867.50000,9421.75781
868.00000,9440.07715
868.50000,9460.91504
869.00000,9482.77148
869.50000,9503.48633
870.00000,9520.91406
870.50000,9532.24316
871.00000,9536.53027
871.50000,9535.58691
872.00000,9532.87012
872.50000,9532.92773
873.00000,9538.24023
873.50000,9548.43652
874.00000,9559.64453
874.50000,9568.06641
875.00000,9572.32422
875.50000,9574.12793
876.00000,9576.90332
876.50000,9582.83691
877.00000,9591.61133
877.50000,9600.16016
878.00000,9605.28418
878.50000,9605.01074
879.00000,9600.92480
879.50000,9595.46582
880.00000,9589.92090
880.50000,9583.46875
881.00000,9574.11328
881.50000,9561.20410
882.00000,9547.63770
882.50000,9538.89453
883.00000,9538.65039
883.50000,9546.18555
884.00000,9555.45117
884.50000,9557.80176
885.00000,9547.19434
885.50000,9524.22559
886.00000,9496.79980
886.50000,9474.51953
887.00000,9463.16992
887.50000,9462.78516
888.00000,9469.41211
888.50000,9475.70703
889.00000,9477.73535
889.50000,9475.56250
890.00000,9472.34180
890.50000,9471.26953
891.00000,9472.93066
891.50000,9475.79297
892.00000,9477.09863
892.50000,9475.43848
893.00000,9470.62109
893.50000,9464.03809
894.00000,9457.13965
894.50000,9450.58496
895.00000,9444.33887
895.50000,9438.47852
896.00000,9433.80664
896.50000,9431.21973
897.00000,9431.85840
897.50000,9435.42578
898.00000,9440.49023
898.50000,9445.17188
899.00000,9447.83594
899.50000,9447.44238
900.00000,9443.50293
900.50000,9437.11426
901.00000,9429.53223
901.50000,9423.06348
902.00000,9419.98535
902.50000,9423.72461
903.00000,9434.18848
903.50000,9450.56836
904.00000,9469.37305
904.50000,9485.42480
905.00000,9493.17578
905.50000,9490.73438
906.00000,9480.12695
906.50000,9466.01758
907.00000,9455.83594
907.50000,9454.92285
908.00000,9464.79688
908.50000,9480.43750
909.00000,9495.16504
909.50000,9503.09277
910.00000,9503.05664
910.50000,9497.78320
911.00000,9494.29199
911.50000,9497.53906
912.00000,9508.39063
912.50000,9522.26758
913.00000,9533.96289
913.50000,9540.89648
914.00000,9544.22656
914.50000,9547.50391
915.00000,9553.66113
915.50000,9563.03613
916.00000,9573.17285
916.50000,9581.48926
917.00000,9587.01465
917.50000,9591.72656
918.00000,9597.65332
918.50000,9605.25977
919.00000,9612.11523
919.50000,9615.07227
920.00000,9613.26855
920.50000,9609.81934
921.00000,9610.70410
921.50000,9619.82031
922.00000,9637.32129
922.50000,9658.85742
923.00000,9677.16113
923.50000,9686.91016
924.00000,9688.17090
924.50000,9685.53223
925.00000,9684.43359
925.50000,9687.60742
926.00000,9694.37988
926.50000,9701.80664
927.00000,9707.62012
927.50000,9712.40430
928.00000,9719.60547
928.50000,9732.53125
929.00000,9753.97363
929.50000,9780.76953
930.00000,9809.08301
930.50000,9833.94629
931.00000,9852.62793
931.50000,9863.03613
932.00000,9866.30762
932.50000,9864.80078
933.00000,9860.93066
933.50000,9858.15137
934.00000,9859.00586
934.50000,9865.07910
935.00000,9875.18359
935.50000,9887.43262
936.00000,9898.82617
936.50000,9907.65039
937.00000,9913.59180
937.50000,9919.39844
938.00000,9928.52539
938.50000,9944.43164
939.00000,9967.42285
939.50000,9996.83691
940.00000,10028.44922
940.50000,10058.37988
941.00000,10083.41309
941.50000,10104.86914
942.00000,10126.29297
942.50000,10153.49609
943.00000,10190.14355
943.50000,10239.13672
944.00000,10296.48438
944.50000,10357.01660
945.00000,10415.02051
945.50000,10467.83008
946.00000,10514.76172
946.50000,10557.12695
947.00000,10596.22070
947.50000,10630.74512
948.00000,10660.00586
948.50000,10684.21973
949.00000,10705.88867
949.50000,10729.68457
950.00000,10759.39160
950.50000,10795.06055
951.00000,10832.76758
951.50000,10866.47656
952.00000,10892.49219
952.50000,10909.93555
953.00000,10920.53125
953.50000,10928.71680
954.00000,10936.89746
954.50000,10946.04688
955.00000,10956.12402
955.50000,10967.75000
956.00000,10981.62402
956.50000,10998.36621
957.00000,11017.20215
957.50000,11035.53223
958.00000,11050.61035
958.50000,11061.67969
959.00000,11070.21680
959.50000,11078.27734
960.00000,11086.66602
960.50000,11093.24316
961.00000,11093.24023
961.50000,11083.95313
962.00000,11063.62109
962.50000,11036.34180
963.00000,11007.50488
963.50000,10982.16309
964.00000,10961.10547
964.50000,10942.77539
965.00000,10923.82813
965.50000,10902.09961
966.00000,10877.05176
966.50000,10850.54199
967.00000,10824.32227
967.50000,10799.13672
968.00000,10773.82227
968.50000,10746.54395
969.00000,10716.07324
969.50000,10683.60547
970.00000,10652.49609
970.50000,10627.03711
971.00000,10610.19043
971.50000,10603.64648
972.00000,10602.49902
972.50000,10601.76074
973.00000,10596.94434
973.50000,10587.98535
974.00000,10578.42480
974.50000,10573.62500
975.00000,10576.49805
975.50000,10586.49707
976.00000,10597.49902
976.50000,10604.02344
977.00000,10604.12695
977.50000,10601.38965
978.00000,10602.95410
978.50000,10614.25781
979.00000,10637.19043
979.50000,10669.95605
980.00000,10705.78223
980.50000,10739.70996
981.00000,10768.92676
981.50000,10793.61328
982.00000,10814.19629
982.50000,10832.53223
983.00000,10849.65723
983.50000,10866.92969
984.00000,10885.78418
984.50000,10907.58105
985.00000,10932.25684
985.50000,10958.73730
986.00000,10986.54297
986.50000,11016.34375
987.00000,11051.07910
987.50000,11095.06250
988.00000,11148.78320
988.50000,11211.36621
989.00000,11276.86719
989.50000,11339.50488
990.00000,11394.60840
990.50000,11444.80957
991.00000,11495.42578
991.50000,11554.34961
992.00000,11625.59961
992.50000,11712.05566
993.00000,11809.65918
993.50000,11913.30566
994.00000,12019.00391
994.50000,12124.22168
995.00000,12229.17676
995.50000,12335.59473
996.00000,12445.00098
996.50000,12559.04004
997.00000,12677.38184
997.50000,12799.09668
998.00000,12922.90234
998.50000,13046.30859
999.00000,13166.61719
999.50000,13280.76172
1000.00000,13387.05957
1000.50000,13482.20117
1001.00000,13566.45898
1001.50000,13639.95703
1002.00000,13701.37305
1002.50000,13752.64160
1003.00000,13791.83789
1003.50000,13816.83691
1004.00000,13826.60938
1004.50000,13815.74023
1005.00000,13785.85352
1005.50000,13738.35547
1006.00000,13675.13281
1006.50000,13602.90137
1007.00000,13524.08008
1007.50000,13439.73828
1008.00000,13349.21875
1008.50000,13249.13672
1009.00000,13140.28223
1009.50000,13024.37695
1010.00000,12905.02734
1010.50000,12786.72949
1011.00000,12672.48242
1011.50000,12563.29199
1012.00000,12458.93848
1012.50000,12360.91211
1013.00000,12269.14746
1013.50000,12184.45313
1014.00000,12106.68359
1014.50000,12032.94141
1015.00000,11961.37988
1015.50000,11891.07422
1016.00000,11823.15527
1016.50000,11761.48730
1017.00000,11707.39941
1017.50000,11661.70215
1018.00000,11623.13770
1018.50000,11588.35059
1019.00000,11555.89453
1019.50000,11525.10352
1020.00000,11496.11523
1020.50000,11469.10156
1021.00000,11442.55859
1021.50000,11414.90527
1022.00000,11385.16211
1022.50000,11354.32617
1023.00000,11324.74609
1023.50000,11298.71094
1024.00000,11276.99609
1024.50000,11259.19922
1025.00000,11242.36328
1025.50000,11224.27441
1026.00000,11203.71777
1026.50000,11181.37891
1027.00000,11158.62305
1027.50000,11136.98828
1028.00000,11117.19531
1028.50000,11099.57324
1029.00000,11083.46289
1029.50000,11068.83789
1030.00000,11055.84473
1030.50000,11044.47949
1031.00000,11034.80469
1031.50000,11025.90039
1032.00000,11016.79980
1032.50000,11006.55176
1033.00000,10995.10156
1033.50000,10982.64355
1034.00000,10969.58301
1034.50000,10956.06934
1035.00000,10941.94434
1035.50000,10927.71094
1036.00000,10914.86621
1036.50000,10906.52930
1037.00000,10904.46289
1037.50000,10910.04004
1038.00000,10920.79395
1038.50000,10932.09473
1039.00000,10938.35449
1039.50000,10937.59473
1040.00000,10930.51367
1040.50000,10920.87207
1041.00000,10913.56738
1041.50000,10911.95703
1042.00000,10915.65234
1042.50000,10921.71680
1043.00000,10926.35449
1043.50000,10927.38770
1044.00000,10924.60254
1044.50000,10920.03711
1045.00000,10917.01953
1045.50000,10918.93457
1046.00000,10927.00293
1046.50000,10940.22266
1047.00000,10956.41113
1047.50000,10971.30664
1048.00000,10981.64355
1048.50000,10985.74414
1049.00000,10985.61426
1049.50000,10984.30469
1050.00000,10985.42383
1050.50000,10990.39844
1051.00000,10998.71289
1051.50000,11006.90820
1052.00000,11012.10059
1052.50000,11012.98438
1053.00000,11011.18555
1053.50000,11009.14648
1054.00000,11009.01172
1054.50000,11011.04785
1055.00000,11013.95801
1055.50000,11015.66895
1056.00000,11015.06152
1056.50000,11012.79883
1057.00000,11010.98145
1057.50000,11012.37500
1058.00000,11018.15820
1058.50000,11028.16211
1059.00000,11040.95801
1059.50000,11053.32520
1060.00000,11062.18945
1060.50000,11065.43066
1061.00000,11063.36133
1061.50000,11056.98438
1062.00000,11049.60938
1062.50000,11043.66602
1063.00000,11040.83105
1063.50000,11040.60059
1064.00000,11042.66309
1064.50000,11046.92578
1065.00000,11053.83496
1065.50000,11064.52441
1066.00000,11077.56152
1066.50000,11090.27930
1067.00000,11098.67480
1067.50000,11101.38184
1068.00000,11099.05273
1068.50000,11095.98828
1069.00000,11096.37109
1069.50000,11103.47852
1070.00000,11115.29395
1070.50000,11129.11133
1071.00000,11142.23633
1071.50000,11154.00977
1072.00000,11164.83301
1072.50000,11174.70898
1073.00000,11182.21484
1073.50000,11184.08789
1074.00000,11180.75000
1074.50000,11174.85645
1075.00000,11172.25488
1075.50000,11177.01074
1076.00000,11190.42188
1076.50000,11207.23145
1077.00000,11221.16406
1077.50000,11226.75684
1078.00000,11226.58887
1078.50000,11225.79883
1079.00000,11230.77246
1079.50000,11242.96094
1080.00000,11259.91211
1080.50000,11274.92871
1081.00000,11283.19336
1081.50000,11281.94629
1082.00000,11275.54395
1082.50000,11268.62500
1083.00000,11266.11426
1083.50000,11269.90137
1084.00000,11281.02051
1084.50000,11296.98535
1085.00000,11315.10547
1085.50000,11332.07617
1086.00000,11345.32910
1086.50000,11352.94141
1087.00000,11355.24512
1087.50000,11354.94824
1088.00000,11355.49609
1088.50000,11359.79004
1089.00000,11369.04395
1089.50000,11383.22363
1090.00000,11399.85547
1090.50000,11417.42090
1091.00000,11434.95898
1091.50000,11452.35547
1092.00000,11469.49414
1092.50000,11485.64844
1093.00000,11499.37109
1093.50000,11508.82715
1094.00000,11514.61328
1094.50000,11518.60742
1095.00000,11524.72852
1095.50000,11535.99414
1096.00000,11554.49902
1096.50000,11576.72949
1097.00000,11598.07715
1097.50000,11613.25098
1098.00000,11621.33691
1098.50000,11623.80566
1099.00000,11625.62109
1099.50000,11630.67578
1100.00000,11641.19336
1100.50000,11654.60547
1101.00000,11668.14844
1101.50000,11679.65723
1102.00000,11689.54980
1102.50000,11699.52930
1103.00000,11711.30566
1103.50000,11725.14941
1104.00000,11740.56445
1104.50000,11756.35645
1105.00000,11772.36816
1105.50000,11789.08398
1106.00000,11806.77344
1106.50000,11825.26074
1107.00000,11843.77832
1107.50000,11861.95898
1108.00000,11880.19043
1108.50000,11899.19434
1109.00000,11919.18359
1109.50000,11939.17480
1110.00000,11957.67090
1110.50000,11973.37891
1111.00000,11987.23926
1111.50000,12001.37109
1112.00000,12018.82422
1112.50000,12040.53125
1113.00000,12066.59473
1113.50000,12095.55859
1114.00000,12125.62402
1114.50000,12155.85742
1115.00000,12185.65430
1115.50000,12214.28320
1116.00000,12240.04883
1116.50000,12262.16016
1117.00000,12280.32813
1117.50000,12296.95313
1118.00000,12316.07031
1118.50000,12342.97168
1119.00000,12378.62207
1119.50000,12421.30371
1120.00000,12466.11719
1120.50000,12507.14648
1121.00000,12540.76172
1121.50000,12568.59375
1122.00000,12596.14258
1122.50000,12630.82324
1123.00000,12675.30566
1123.50000,12728.62207
1124.00000,12785.89746
1124.50000,12840.89355
1125.00000,12890.13379
1125.50000,12934.77734
1126.00000,12978.37695
1126.50000,13024.25977
1127.00000,13072.50195
1127.50000,13121.29980
1128.00000,13168.43066
1128.50000,13214.12695
1129.00000,13261.06445
1129.50000,13312.62891
1130.00000,13369.94434
1130.50000,13432.17090
1131.00000,13494.55664
1131.50000,13553.55273
1132.00000,13607.73340
1132.50000,13659.60156
1133.00000,13713.00488
1133.50000,13771.13965
1134.00000,13834.63477
1134.50000,13902.72754
1135.00000,13971.97070
1135.50000,14040.49023
1136.00000,14108.16113
1136.50000,14176.98828
1137.00000,14250.85742
1137.50000,14332.51758
1138.00000,14423.13184
1138.50000,14523.55664
1139.00000,14629.91113
1139.50000,14740.21875
1140.00000,14853.65918
1140.50000,14971.75781
1141.00000,15100.99121
1141.50000,15246.63965
1142.00000,15412.66699
1142.50000,15602.92090
1143.00000,15810.19141
1143.50000,16030.71777
1144.00000,16260.95801
1144.50000,16501.06445
1145.00000,16760.17969
1145.50000,17044.35742
1146.00000,17358.69531
1146.50000,17706.67578
1147.00000,18077.52734
1147.50000,18466.08203
1148.00000,18867.21484
1148.50000,19279.16992
1149.00000,19705.44141
1149.50000,20142.95703
1150.00000,20585.95703
1150.50000,21023.70313
1151.00000,21447.21484
1151.50000,21847.67969
1152.00000,22221.45117
1152.50000,22566.47266
1153.00000,22865.95117
1153.50000,23112.57617
1154.00000,23290.10742
1154.50000,23381.06055
1155.00000,23395.54492
1155.50000,23329.04883
1156.00000,23192.40625
1156.50000,22995.73242
1157.00000,22729.47461
1157.50000,22407.18555
1158.00000,22029.98828
1158.50000,21602.00391
1159.00000,21138.52734
1159.50000,20644.91406
1160.00000,20133.58594
1160.50000,19617.02539
1161.00000,19112.18359
1161.50000,18631.22070
1162.00000,18184.66992
1162.50000,17775.31445
1163.00000,17392.69336
1163.50000,17031.62891
1164.00000,16685.78516
1164.50000,16356.06055
1165.00000,16052.91016
1165.50000,15777.64160
1166.00000,15534.04199
1166.50000,15319.70508
1167.00000,15125.96387
1167.50000,14950.85449
1168.00000,14790.40625
1168.50000,14644.23633
1169.00000,14515.65137
1169.50000,14402.15332
1170.00000,14304.66016
1170.50000,14221.97363
1171.00000,14150.28027
1171.50000,14087.21387
1172.00000,14027.14063
1172.50000,13966.05371
1173.00000,13901.54004
1173.50000,13835.42188
1174.00000,13772.11133
1174.50000,13717.39844
1175.00000,13674.39355
1175.50000,13646.54199
1176.00000,13629.96777
1176.50000,13620.99316
1177.00000,13615.71094
1177.50000,13610.78320
1178.00000,13605.77539
1178.50000,13602.24609
1179.00000,13602.28711
1179.50000,13608.66406
1180.00000,13620.48145
1180.50000,13635.95410
1181.00000,13652.11230
1181.50000,13666.63281
1182.00000,13679.25293
1182.50000,13692.41309
1183.00000,13709.35645
1183.50000,13734.38965
1184.00000,13767.03516
1184.50000,13805.64648
1185.00000,13846.07617
1185.50000,13883.44922
1186.00000,13913.33008
1186.50000,13934.63281
1187.00000,13949.16992
1187.50000,13960.10449
1188.00000,13972.96289
1188.50000,13991.99121
1189.00000,14019.56152
1189.50000,14053.12012
1190.00000,14088.18359
1190.50000,14118.11035
1191.00000,14137.84473
1191.50000,14142.05176
1192.00000,14134.08105
1192.50000,14116.10547
1193.00000,14091.86035
1193.50000,14064.91797
1194.00000,14036.33789
1194.50000,14006.38281
1195.00000,13974.73340
1195.50000,13940.56836
1196.00000,13903.70313
1196.50000,13862.70508
1197.00000,13815.72852
1197.50000,13762.27051
1198.00000,13701.93848
1198.50000,13638.58398
1199.00000,13576.99707
1199.50000,13523.30371
1200.00000,13479.03223
1200.50000,13444.26270
1201.00000,13415.10352
1201.50000,13386.58105
1202.00000,13354.93750
1202.50000,13319.66504
1203.00000,13282.26758
1203.50000,13245.88379
1204.00000,13213.58496
1204.50000,13188.65723
1205.00000,13172.60742
1205.50000,13164.49414
1206.00000,13162.97266
1206.50000,13162.73633
1207.00000,13158.94434
1207.50000,13147.10547
1208.00000,13127.95410
1208.50000,13104.13477
1209.00000,13081.25000
1209.50000,13063.42871
1210.00000,13053.34277
1210.50000,13047.79102
1211.00000,13043.00293
1211.50000,13035.02637
1212.00000,13023.04102
1212.50000,13008.06543
1213.00000,12992.85938
1213.50000,12978.88867
1214.00000,12965.15430
1214.50000,12948.28906
1215.00000,12924.39844
1215.50000,12891.03613
1216.00000,12851.04395
1216.50000,12808.94531
1217.00000,12770.37012
1217.50000,12737.65918
1218.00000,12710.74609
1218.50000,12685.22461
1219.00000,12658.37988
1219.50000,12630.02246
1220.00000,12602.70996
1220.50000,12579.47363
1221.00000,12559.73535
1221.50000,12539.71094
1222.00000,12512.95313
1222.50000,12477.71484
1223.00000,12435.92578
1223.50000,12395.16992
1224.00000,12363.12109
1224.50000,12346.33105
1225.00000,12342.29785
1225.50000,12345.58594
1226.00000,12349.94238
1226.50000,12351.05469
1227.00000,12347.62207
1227.50000,12340.41406
1228.00000,12330.84668
1228.50000,12319.38281
1229.00000,12307.53320
1229.50000,12297.72266
1230.00000,12294.01953
1230.50000,12297.58691
1231.00000,12308.12500
1231.50000,12321.05762
1232.00000,12330.67188
1232.50000,12331.19141
1233.00000,12322.95117
1233.50000,12309.06348
1234.00000,12295.58691
1234.50000,12288.19629
1235.00000,12291.14551
1235.50000,12304.09863
1236.00000,12323.10742
1236.50000,12343.26367
1237.00000,12359.55762
1237.50000,12369.47266
1238.00000,12373.18262
1238.50000,12374.91504
1239.00000,12378.50391
1239.50000,12385.56445
1240.00000,12394.23535
1240.50000,12399.63867
1241.00000,12398.14355
1241.50000,12388.47363
1242.00000,12373.65137
1242.50000,12360.41992
1243.00000,12355.89063
1243.50000,12363.25391
1244.00000,12381.35449
1244.50000,12408.14648
1245.00000,12437.40234
1245.50000,12465.24902
1246.00000,12488.48535
1246.50000,12506.32422
1247.00000,12518.06543
1247.50000,12525.75391
1248.00000,12532.24316
1248.50000,12541.21387
1249.00000,12554.34375
1249.50000,12571.97266
1250.00000,12592.42188
1250.50000,12613.18652
1251.00000,12632.57422
1251.50000,12650.16113
1252.00000,12665.91602
1252.50000,12678.89551
1253.00000,12688.55859
1253.50000,12694.05566
1254.00000,12696.41992
1254.50000,12698.73145
1255.00000,12705.38086
1255.50000,12719.02930
1256.00000,12740.41406
1256.50000,12768.89063
1257.00000,12800.20605
1257.50000,12830.75488
1258.00000,12857.04590
1258.50000,12877.64844
1259.00000,12891.25977
1259.50000,12900.22461
1260.00000,12907.09570
1260.50000,12914.53125
1261.00000,12923.33008
1261.50000,12931.90430
1262.00000,12936.94434
1262.50000,12936.44336
1263.00000,12930.01660
1263.50000,12922.44629
1264.00000,12919.03906
1264.50000,12924.61035
1265.00000,12937.67090
1265.50000,12954.19141
1266.00000,12967.55176
1266.50000,12973.83301
1267.00000,12971.80957
1267.50000,12966.78613
1268.00000,12963.40918
1268.50000,12965.15039
1269.00000,12971.13965
1269.50000,12978.94727
1270.00000,12985.13574
1270.50000,12987.94629
1271.00000,12986.52930
1271.50000,12982.95605
1272.00000,12979.31152
1272.50000,12978.55273
1273.00000,12982.85156
1273.50000,12994.78223
1274.00000,13013.41602
1274.50000,13035.36816
1275.00000,13054.62012
1275.50000,13066.14063
1276.00000,13067.50195
1276.50000,13061.07031
1277.00000,13053.17383
1277.50000,13049.55273
1278.00000,13051.93945
1278.50000,13058.22559
1279.00000,13064.44434
1279.50000,13068.05371
1280.00000,13069.73438
1280.50000,13072.92578
1281.00000,13080.08691
1281.50000,13091.08203
1282.00000,13101.18262
1282.50000,13105.20215
1283.00000,13098.38086
1283.50000,13083.47070
1284.00000,13064.99805
1284.50000,13049.46289
1285.00000,13040.36230
1285.50000,13039.53320
1286.00000,13043.92969
1286.50000,13050.13672
1287.00000,13053.89746
1287.50000,13052.26953
1288.00000,13042.65625
1288.50000,13025.35938
1289.00000,13003.56738
1289.50000,12981.23047
1290.00000,12961.82910
1290.50000,12946.08496
1291.00000,12932.00684
1291.50000,12916.21094
1292.00000,12896.54688
1292.50000,12873.91406
1293.00000,12850.38379
1293.50000,12827.00781
1294.00000,12803.19629
1294.50000,12778.03711
1295.00000,12752.29395
1295.50000,12728.97754
1296.00000,12712.11230
1296.50000,12702.46484
1297.00000,12696.96777
1297.50000,12690.69336
1298.00000,12680.60742
1298.50000,12667.79199
1299.00000,12657.39746
1299.50000,12653.85449
1300.00000,12658.75000
1300.50000,12666.93262
1301.00000,12672.19629
1301.50000,12668.39941
1302.00000,12656.96875
1302.50000,12641.39746
1303.00000,12627.64844
1303.50000,12619.67676
1304.00000,12619.38574
1304.50000,12623.82715
1305.00000,12629.02148
1305.50000,12631.29785
1306.00000,12630.80859
1306.50000,12630.23730
1307.00000,12633.69141
1307.50000,12641.93555
1308.00000,12651.24609
1308.50000,12654.51270
1309.00000,12646.94336
1309.50000,12627.57422
1310.00000,12605.45703
1310.50000,12590.53613
1311.00000,12590.36328
1311.50000,12603.49707
1312.00000,12624.73633
1312.50000,12644.31836
1313.00000,12656.00391
1313.50000,12656.02246
1314.00000,12647.75391
1314.50000,12634.38379
1315.00000,12620.87598
1315.50000,12610.91992
1316.00000,12607.22168
1316.50000,12608.08594
1317.00000,12610.59766
1317.50000,12611.61035
1318.00000,12610.92871
1318.50000,12611.18555
1319.00000,12615.64844
1319.50000,12624.16699
1320.00000,12632.44336
1320.50000,12634.39551
1321.00000,12626.93750
1321.50000,12612.58789
1322.00000,12600.11523
1322.50000,12597.41797
1323.00000,12605.75098
1323.50000,12620.10059
1324.00000,12633.13672
1324.50000,12639.69629
1325.00000,12638.36523
1325.50000,12630.80566
1326.00000,12621.00684
1326.50000,12611.65723
1327.00000,12604.69336
1327.50000,12600.99609
1328.00000,12601.70508
1328.50000,12605.59570
1329.00000,12611.70703
1329.50000,12618.78711
1330.00000,12625.86328
1330.50000,12631.90820
1331.00000,12635.52637
1331.50000,12635.47656
1332.00000,12630.83691
1332.50000,12624.53027
1333.00000,12620.10645
1333.50000,12620.51172
1334.00000,12624.51074
1334.50000,12628.03027
1335.00000,12626.56641
1335.50000,12618.97852
1336.00000,12607.90625
1336.50000,12598.52246
1337.00000,12593.39063
1337.50000,12591.98047
1338.00000,12592.33301
1338.50000,12595.18066
1339.00000,12603.15918
1339.50000,12618.73926
1340.00000,12641.98438
1340.50000,12666.38379
1341.00000,12685.04883
1341.50000,12694.13281
1342.00000,12696.45898
1342.50000,12697.65039
1343.00000,12702.22656
1343.50000,12709.61914
1344.00000,12715.41309
1344.50000,12716.15820
1345.00000,12711.49805
1345.50000,12705.52051
1346.00000,12702.63574
1346.50000,12705.68555
1347.00000,12712.55078
1347.50000,12720.69336
1348.00000,12728.73242
1348.50000,12737.64355
1349.00000,12749.62695
1349.50000,12765.05078
1350.00000,12782.05371
1350.50000,12797.93652
1351.00000,12811.49219
1351.50000,12823.33496
1352.00000,12835.26563
1352.50000,12848.25684
1353.00000,12861.46289
1353.50000,12872.61230
1354.00000,12880.05371
1354.50000,12882.46582
1355.00000,12881.56738
1355.50000,12878.54688
1356.00000,12874.15625
1356.50000,12868.73926
1357.00000,12862.27734
1357.50000,12855.36133
1358.00000,12848.80664
1358.50000,12843.78027
1359.00000,12840.70898
1359.50000,12840.06445
1360.00000,12841.67480
1360.50000,12844.03223
1361.00000,12844.47363
1361.50000,12840.26074
1362.00000,12830.82227
1362.50000,12817.83789
1363.00000,12806.57227
1363.50000,12801.89160
1364.00000,12805.99902
1364.50000,12815.66309
1365.00000,12825.58105
1365.50000,12830.16504
1366.00000,12827.07129
1366.50000,12816.39160
1367.00000,12803.16992
1367.50000,12792.00879
1368.00000,12786.50195
1368.50000,12786.86621
1369.00000,12791.92676
1369.50000,12797.41797
1370.00000,12799.87598
1370.50000,12797.45703
1371.00000,12793.28516
1371.50000,12792.50293
1372.00000,12799.79688
1372.50000,12814.85742
1373.00000,12833.69629
1373.50000,12848.76367
1374.00000,12855.85938
1374.50000,12854.72559
1375.00000,12850.55176
1375.50000,12847.25000
1376.00000,12846.35254
1376.50000,12846.76855
1377.00000,12847.47754
1377.50000,12849.12988
1378.00000,12853.89844
1378.50000,12864.00195
1379.00000,12878.25879
1379.50000,12894.36035
1380.00000,12909.48242
1380.50000,12922.61035
1381.00000,12933.37500
1381.50000,12942.28125
1382.00000,12949.13770
1382.50000,12954.37598
1383.00000,12960.16016
1383.50000,12969.70801
1384.00000,12984.22461
1384.50000,13001.32129
1385.00000,13014.54785
1385.50000,13019.87891
1386.00000,13017.97949
1386.50000,13016.48535
1387.00000,13024.52051
1387.50000,13048.83594
1388.00000,13084.31836
1388.50000,13119.88672
1389.00000,13140.78418
1389.50000,13143.62891
1390.00000,13131.06152
1390.50000,13113.77637
1391.00000,13101.94922
1391.50000,13099.69336
1392.00000,13103.01465
1392.50000,13107.19727
1393.00000,13110.00586
1393.50000,13113.15137
1394.00000,13118.90625
1394.50000,13126.72461
1395.00000,13132.62500
1395.50000,13131.05566
1396.00000,13121.27539
1396.50000,13106.76953
1397.00000,13093.35840
1397.50000,13084.14746
1398.00000,13078.68555
1398.50000,13073.56543
1399.00000,13066.26270
1399.50000,13056.54199
1400.00000,13046.90625
1400.50000,13039.46387
1401.00000,13035.31738
1401.50000,13033.50879
1402.00000,13033.83691
1402.50000,13036.55273
1403.00000,13041.62598
1403.50000,13048.23242
1404.00000,13053.88086
1404.50000,13056.54199
1405.00000,13055.57813
1405.50000,13053.45410
1406.00000,13053.52832
1406.50000,13058.57910
1407.00000,13068.99023
1407.50000,13083.45117
1408.00000,13097.82324
1408.50000,13108.37207
1409.00000,13111.54688
1409.50000,13107.66504
1410.00000,13097.96094
1410.50000,13086.42383
1411.00000,13076.23926
1411.50000,13069.21094
1412.00000,13064.23535
1412.50000,13060.92578
1413.00000,13061.12891
1413.50000,13067.52051
1414.00000,13083.01660
1414.50000,13104.37891
1415.00000,13124.41992
1415.50000,13132.11621
1416.00000,13124.75684
1416.50000,13104.29492
1417.00000,13080.51367
1417.50000,13064.65039
1418.00000,13063.98535
1418.50000,13075.17578
1419.00000,13091.55469
1419.50000,13106.91602
1420.00000,13119.55078
1420.50000,13131.65234
1421.00000,13146.74414
1421.50000,13165.37988
1422.00000,13185.17480
1422.50000,13201.96777
1423.00000,13214.14648
1423.50000,13223.32422
1424.00000,13233.38672
1424.50000,13245.87891
1425.00000,13258.42285
1425.50000,13266.83496
1426.00000,13267.60156
1426.50000,13264.23242
1427.00000,13263.56836
1427.50000,13274.30859
1428.00000,13296.05664
1428.50000,13322.75586
1429.00000,13344.58984
1429.50000,13356.70703
1430.00000,13359.84375
1430.50000,13362.72363
1431.00000,13371.83887
1431.50000,13388.47266
1432.00000,13405.53418
1432.50000,13414.64258
1433.00000,13413.37109
1433.50000,13408.14844
1434.00000,13409.59082
1434.50000,13423.25195
1435.00000,13448.11133
1435.50000,13476.28320
1436.00000,13498.54492
1436.50000,13510.15527
1437.00000,13514.89551
1437.50000,13520.38281
1438.00000,13534.00000
1438.50000,13554.91992
1439.00000,13579.61719
1439.50000,13603.44434
1440.00000,13624.83398
1440.50000,13645.23730
1441.00000,13667.13770
1441.50000,13690.58984
1442.00000,13711.79102
1442.50000,13725.92480
1443.00000,13729.88281
1443.50000,13724.99512
1444.00000,13717.36133
1444.50000,13712.97070
1445.00000,13714.83984
1445.50000,13721.89746
1446.00000,13730.62500
1446.50000,13736.75293
1447.00000,13738.33301
1447.50000,13736.65918
1448.00000,13735.44238
1448.50000,13738.30859
1449.00000,13746.42969
1449.50000,13759.00391
1450.00000,13773.95801
1450.50000,13787.67578
1451.00000,13796.66895
1451.50000,13797.82520
1452.00000,13790.33398
1452.50000,13773.96484
1453.00000,13753.20605
1453.50000,13733.10156
1454.00000,13720.03418
1454.50000,13716.16992
1455.00000,13721.82520
1455.50000,13732.62402
1456.00000,13742.59961
1456.50000,13746.40820
1457.00000,13744.23340
1457.50000,13739.74805
1458.00000,13738.71875
1458.50000,13744.31738
1459.00000,13757.01270
1459.50000,13772.45117
1460.00000,13785.06738
1460.50000,13789.54297
1461.00000,13786.53418
1461.50000,13779.18945
1462.00000,13772.31738
1462.50000,13768.61816
1463.00000,13768.81641
1463.50000,13772.10547
1464.00000,13778.35449
1464.50000,13789.89648
1465.00000,13806.92480
1465.50000,13827.72070
1466.00000,13846.18555
1466.50000,13856.73535
1467.00000,13856.57520
1467.50000,13850.61426
1468.00000,13846.38867
1468.50000,13851.21777
1469.00000,13863.38770
1469.50000,13877.42969
1470.00000,13885.95410
1470.50000,13887.57813
1471.00000,13887.06934
1471.50000,13892.11035
1472.00000,13906.10254
1472.50000,13928.21973
1473.00000,13950.92383
1473.50000,13969.14648
1474.00000,13982.09766
1474.50000,13994.33301
1475.00000,14011.94336
1475.50000,14036.72559
1476.00000,14066.72266
1476.50000,14098.44531
1477.00000,14128.58887
1477.50000,14155.84473
1478.00000,14179.74414
1478.50000,14199.76465
1479.00000,14212.97266
1479.50000,14218.67773
1480.00000,14219.38770
1480.50000,14221.46191
1481.00000,14232.24219
1481.50000,14257.73535
1482.00000,14297.39453
1482.50000,14343.51367
1483.00000,14386.57617
1483.50000,14420.21191
1484.00000,14445.36719
1484.50000,14469.64551
1485.00000,14501.44531
1485.50000,14545.33105
1486.00000,14597.65918
1486.50000,14649.85742
1487.00000,14692.91309
1487.50000,14725.92285
1488.00000,14753.99219
1488.50000,14787.36133
1489.00000,14831.88965
1489.50000,14889.30078
1490.00000,14954.05273
1490.50000,15019.12988
1491.00000,15079.37598
1491.50000,15135.32324
1492.00000,15190.06836
1492.50000,15248.44336
1493.00000,15313.08691
1493.50000,15387.34082
1494.00000,15473.29395
1494.50000,15572.09473
1495.00000,15687.12988
1495.50000,15813.47266
1496.00000,15946.70117
1496.50000,16081.14453
1497.00000,16213.94629
1497.50000,16346.87891
1498.00000,16484.38086
1498.50000,16629.95898
1499.00000,16788.11328
1499.50000,16957.42383
1500.00000,17139.38477
1500.50000,17336.17383
1501.00000,17546.17383
1501.50000,17768.49805
1502.00000,17998.97461
1502.50000,18236.05469
1503.00000,18485.24219
1503.50000,18751.45898
1504.00000,19041.61719
1504.50000,19354.97461
1505.00000,19678.37305
1505.50000,19995.71875
1506.00000,20297.13867
1506.50000,20582.82813
1507.00000,20859.41992
1507.50000,21137.40625
1508.00000,21420.22852
1508.50000,21703.81641
1509.00000,21980.93750
1509.50000,22245.50781
1510.00000,22498.65625
1510.50000,22740.54688
1511.00000,22963.75977
1511.50000,23160.56445
1512.00000,23315.23242
1512.50000,23419.69727
1513.00000,23479.88086
1513.50000,23502.10547
1514.00000,23503.17383
1514.50000,23488.65234
1515.00000,23455.83398
1515.50000,23403.54492
1516.00000,23326.17578
1516.50000,23223.41797
1517.00000,23097.83398
1517.50000,22946.78320
1518.00000,22773.93164
1518.50000,22578.60547
1519.00000,22359.63867
1519.50000,22122.76953
1520.00000,21869.11328
1520.50000,21602.62891
1521.00000,21327.56836
1521.50000,21048.18164
1522.00000,20770.17188
1522.50000,20497.29688
1523.00000,20231.93945
1523.50000,19972.81836
1524.00000,19719.14844
1524.50000,19468.52930
1525.00000,19218.05859
1525.50000,18963.02148
1526.00000,18700.79688
1526.50000,18430.44531
1527.00000,18155.53320
1527.50000,17883.25781
1528.00000,17621.39453
1528.50000,17372.91602
1529.00000,17137.00977
1529.50000,16913.95117
1530.00000,16702.03711
1530.50000,16505.04492
1531.00000,16326.23047
1531.50000,16162.53027
1532.00000,16011.03320
1532.50000,15865.20996
1533.00000,15722.46973
1533.50000,15585.53320
1534.00000,15457.34180
1534.50000,15341.58594
1535.00000,15239.06738
1535.50000,15146.88867
1536.00000,15064.62012
1536.50000,14990.08398
1537.00000,14922.03125
1537.50000,14859.34082
1538.00000,14799.12598
1538.50000,14739.87988
1539.00000,14680.95605
1539.50000,14622.92871
1540.00000,14567.81250
1540.50000,14517.46484
1541.00000,14473.66113
1541.50000,14438.78320
1542.00000,14411.66895
1542.50000,14391.36719
1543.00000,14374.05859
1543.50000,14355.33203
1544.00000,14330.87500
1544.50000,14300.63477
1545.00000,14267.52832
1545.50000,14236.38477
1546.00000,14210.69238
1546.50000,14192.20801
1547.00000,14178.71484
1547.50000,14166.49023
1548.00000,14152.41992
1548.50000,14136.57422
1549.00000,14120.91406
1549.50000,14108.09375
1550.00000,14098.88672
1550.50000,14093.48926
1551.00000,14090.97656
1551.50000,14090.75098
1552.00000,14092.83301
1552.50000,14095.35352
1553.00000,14095.71680
1553.50000,14090.78223
1554.00000,14080.40137
1554.50000,14066.15039
1555.00000,14052.36816
1555.50000,14042.42090
1556.00000,14037.58984
1556.50000,14034.64160
1557.00000,14030.72266
1557.50000,14023.99609
1558.00000,14015.37305
1558.50000,14006.80176
1559.00000,13999.74805
1559.50000,13993.27539
1560.00000,13983.63184
1560.50000,13968.16016
1561.00000,13945.96094
1561.50000,13920.98145
1562.00000,13900.43555
1562.50000,13893.16309
1563.00000,13900.66113
1563.50000,13916.82227
1564.00000,13931.70996
1564.50000,13937.44727
1565.00000,13931.75684
1565.50000,13920.44922
1566.00000,13912.46582
1566.50000,13915.67676
1567.00000,13927.19824
1567.50000,13940.67578
1568.00000,13948.39453
1568.50000,13948.20313
1569.00000,13941.67871
1569.50000,13934.73242
1570.00000,13933.09863
1570.50000,13940.65430
1571.00000,13954.60645
1571.50000,13970.33301
1572.00000,13981.06250
1572.50000,13983.13770
1573.00000,13975.68457
1573.50000,13964.62891
1574.00000,13958.50586
1574.50000,13965.42480
1575.00000,13983.56934
1575.50000,14007.28809
1576.00000,14027.88770
1576.50000,14040.76465
1577.00000,14046.04395
1577.50000,14049.79590
1578.00000,14056.32910
1578.50000,14065.72461
1579.00000,14073.38770
1579.50000,14075.07227
1580.00000,14068.98047
1580.50000,14058.12402
1581.00000,14044.87793
1581.50000,14029.90625
1582.00000,14012.39160
1582.50000,13992.76563
1583.00000,13975.98047
1583.50000,13968.97461
1584.00000,13977.30371
1584.50000,13995.96094
1585.00000,14014.85547
1585.50000,14023.25391
1586.00000,14017.28516
1586.50000,13998.26953
1587.00000,13976.91309
1587.50000,13961.06445
1588.00000,13953.62500
1588.50000,13950.90137
1589.00000,13949.43066
1589.50000,13947.77637
1590.00000,13947.65625
1590.50000,13952.68750
1591.00000,13962.82129
1591.50000,13974.95410
1592.00000,13983.28320
1592.50000,13984.24219
1593.00000,13976.15820
1593.50000,13963.33887
1594.00000,13950.56055
1594.50000,13942.05957
1595.00000,13937.02637
1595.50000,13933.21875
1596.00000,13928.31738
1596.50000,13922.00488
1597.00000,13914.92480
1597.50000,13907.22559
1598.00000,13897.37695
1598.50000,13883.78125
1599.00000,13868.75879
1599.50000,13857.56934
1600.00000,13855.69922
1600.50000,13863.36035
1601.00000,13876.32129
1601.50000,13885.63574
1602.00000,13887.33008
1602.50000,13883.25586
1603.00000,13879.72852
1603.50000,13879.89355
1604.00000,13880.66992
1604.50000,13875.84668
1605.00000,13861.53223
1605.50000,13844.44336
1606.00000,13833.34473
1606.50000,13834.90430
1607.00000,13844.40234
1607.50000,13851.45898
1608.00000,13845.40234
1608.50000,13826.56445
1609.00000,13802.65332
1609.50000,13785.48242
1610.00000,13781.33691
1610.50000,13789.35742
1611.00000,13801.24805
1611.50000,13809.79590
1612.00000,13812.46289
1612.50000,13810.56348
1613.00000,13805.71973
1613.50000,13799.93652
1614.00000,13794.05762
1614.50000,13789.65039
1615.00000,13788.26855
1615.50000,13791.28223
1616.00000,13797.34375
1616.50000,13804.08594
1617.00000,13809.07715
1617.50000,13812.06055
1618.00000,13813.84473
1618.50000,13814.88672
1619.00000,13813.98047
1619.50000,13808.22070
1620.00000,13797.38379
1620.50000,13784.34375
1621.00000,13776.27148
1621.50000,13777.88867
1622.00000,13790.72656
1622.50000,13810.51855
1623.00000,13830.38477
1623.50000,13844.28711
1624.00000,13850.31152
1624.50000,13848.38379
1625.00000,13837.98730
1625.50000,13820.82715
1626.00000,13798.63184
1626.50000,13777.27246
1627.00000,13763.63184
1627.50000,13766.48047
1628.00000,13782.61523
1628.50000,13806.23926
1629.00000,13829.18652
1629.50000,13845.70020
1630.00000,13852.71191
1630.50000,13850.59082
1631.00000,13841.65234
1631.50000,13827.79297
1632.00000,13813.82129
1632.50000,13805.13379
1633.00000,13807.83887
1633.50000,13821.97266
1634.00000,13844.62012
1634.50000,13867.17090
1635.00000,13882.80566
1635.50000,13884.88672
1636.00000,13875.06055
1636.50000,13856.00293
1637.00000,13834.04785
1637.50000,13816.92188
1638.00000,13810.60059
1638.50000,13814.79590
1639.00000,13824.48145
1639.50000,13832.20508
1640.00000,13833.21094
1640.50000,13828.39453
1641.00000,13823.54980
1641.50000,13823.43750
1642.00000,13829.24609
1642.50000,13836.56348
1643.00000,13840.42969
1643.50000,13837.80371
1644.00000,13832.43555
1644.50000,13828.54297
1645.00000,13829.70703
1645.50000,13835.88672
1646.00000,13846.03613
1646.50000,13857.54395
1647.00000,13868.63672
1647.50000,13877.27637
1648.00000,13881.50195
1648.50000,13877.86426
1649.00000,13863.78320
1649.50000,13841.18164
1650.00000,13815.50684
1650.50000,13795.20703
1651.00000,13786.29590
1651.50000,13791.95996
1652.00000,13805.09863
1652.50000,13817.16113
1653.00000,13820.95410
1653.50000,13816.50391
1654.00000,13807.12500
1654.50000,13798.42871
1655.00000,13792.54590
1655.50000,13788.64746
1656.00000,13784.62305
1656.50000,13780.97266
1657.00000,13779.95996
1657.50000,13782.72168
1658.00000,13788.45117
1658.50000,13793.38184
1659.00000,13795.34473
1659.50000,13795.10156
1660.00000,13795.73145
1660.50000,13799.46973
1661.00000,13805.62598
1661.50000,13811.50195
1662.00000,13814.56250
1662.50000,13815.44727
1663.00000,13815.73730
1663.50000,13816.80664
1664.00000,13818.22949
1664.50000,13817.97656
1665.00000,13814.34668
1665.50000,13806.98535
1666.00000,13795.51465
1666.50000,13781.67969
1667.00000,13767.39355
1667.50000,13756.86133
1668.00000,13753.80957
1668.50000,13761.98438
1669.00000,13779.14258
1669.50000,13799.32813
1670.00000,13813.37109
1670.50000,13816.11719
1671.00000,13807.63184
1671.50000,13793.58301
1672.00000,13780.98047
1672.50000,13774.19727
1673.00000,13772.69531
1673.50000,13774.31543
1674.00000,13778.52344
1674.50000,13786.19531
1675.00000,13799.06934
1675.50000,13816.17969
1676.00000,13833.00000
1676.50000,13842.78223
1677.00000,13843.04590
1677.50000,13834.76855
1678.00000,13821.33008
1678.50000,13808.88184
1679.00000,13802.70703
1679.50000,13806.26465
1680.00000,13818.04297
1680.50000,13835.54199
1681.00000,13852.75977
1681.50000,13865.07324
1682.00000,13869.25781
1682.50000,13868.27344
1683.00000,13865.28516
1683.50000,13862.55566
1684.00000,13860.26465
1684.50000,13858.29297
1685.00000,13858.32031
1685.50000,13863.43359
1686.00000,13875.61816
1686.50000,13890.68750
1687.00000,13901.26367
1687.50000,13900.19727
1688.00000,13887.13281
1688.50000,13867.91016
1689.00000,13851.73730
1689.50000,13842.47754
1690.00000,13838.33105
1690.50000,13833.83496
1691.00000,13828.24707
1691.50000,13827.88965
1692.00000,13839.46875
1692.50000,13867.19531
1693.00000,13900.33301
1693.50000,13924.37305
1694.00000,13927.39258
1694.50000,13914.58984
1695.00000,13897.29785
1695.50000,13889.18848
1696.00000,13894.45898
1696.50000,13909.29785
1697.00000,13920.95605
1697.50000,13923.13184
1698.00000,13915.50488
1698.50000,13903.44141
1699.00000,13891.33301
1699.50000,13882.28125
1700.00000,13877.75488
1700.50000,13880.44238
1701.00000,13888.90234
1701.50000,13899.71094
1702.00000,13905.64648
1702.50000,13903.04980
1703.00000,13893.95020
1703.50000,13887.51172
1704.00000,13891.57324
1704.50000,13910.29102
1705.00000,13934.41699
1705.50000,13952.52539
1706.00000,13956.76270
1706.50000,13949.11719
1707.00000,13935.95898
1707.50000,13926.83984
1708.00000,13925.60547
1708.50000,13930.45801
1709.00000,13935.33789
1709.50000,13936.68750
1710.00000,13935.45605
1710.50000,13936.45898
1711.00000,13944.99707
1711.50000,13960.13672
1712.00000,13977.71191
1712.50000,13991.34473
1713.00000,13997.79590
1713.50000,13997.47656
1714.00000,13994.52051
1714.50000,13992.16309
1715.00000,13991.96973
1715.50000,13993.66504
1716.00000,13997.46680
1716.50000,14003.96777
1717.00000,14012.28125
1717.50000,14020.16797
1718.00000,14024.42090
1718.50000,14023.43164
1719.00000,14017.95215
1719.50000,14011.97852
1720.00000,14007.91113
1720.50000,14006.62500
1721.00000,14007.59668
1721.50000,14012.93750
1722.00000,14026.12207
1722.50000,14049.23438
1723.00000,14081.64160
1723.50000,14113.12207
1724.00000,14130.73730
1724.50000,14126.12109
1725.00000,14105.35840
1725.50000,14079.06152
1726.00000,14060.67090
1726.50000,14056.29590
1727.00000,14065.86621
1727.50000,14079.96289
1728.00000,14094.40527
1728.50000,14107.62988
1729.00000,14119.44531
1729.50000,14127.52441
1730.00000,14130.29590
1730.50000,14128.44336
1731.00000,14125.24902
1731.50000,14124.75391
1732.00000,14128.71680
1732.50000,14136.21875
1733.00000,14146.76855
1733.50000,14162.89746
1734.00000,14184.47363
1734.50000,14206.69336
1735.00000,14217.71777
1735.50000,14212.47266
1736.00000,14191.41211
1736.50000,14164.45020
1737.00000,14142.28516
1737.50000,14131.70703
1738.00000,14129.23730
1738.50000,14132.36621
1739.00000,14141.81152
1739.50000,14157.56055
1740.00000,14178.41797
