280.00000,9358.69336
280.50000,9358.40137
281.00000,9357.16309
281.50000,9359.50977
282.00000,9368.79883
282.50000,9384.00977
283.00000,9401.02734
283.50000,9415.03711
284.00000,9424.75488
284.50000,9430.01953
285.00000,9431.47168
285.50000,9430.04688
286.00000,9424.65527
286.50000,9415.62988
287.00000,9404.22070
287.50000,9392.92969
288.00000,9384.73047
288.50000,9382.25098
289.00000,9386.71289
289.50000,9395.03418
290.00000,9405.04492
290.50000,9414.53320
291.00000,9422.47949
291.50000,9428.29492
292.00000,9432.44434
292.50000,9435.08301
293.00000,9436.41406
293.50000,9436.96289
294.00000,9437.29980
294.50000,9438.03320
295.00000,9439.19727
295.50000,9439.94531
296.00000,9439.52051
296.50000,9437.60352
297.00000,9434.95801
297.50000,9433.07715
298.00000,9434.29199
298.50000,9438.40918
299.00000,9444.28223
299.50000,9450.01563
300.00000,9454.06934
300.50000,9455.75879
301.00000,9456.10156
301.50000,9456.98047
302.00000,9459.69141
302.50000,9463.88477
303.00000,9468.62305
303.50000,9472.54980
304.00000,9475.03613
304.50000,9476.60449
305.00000,9478.55664
305.50000,9481.73926
306.00000,9486.64258
306.50000,9492.44238
307.00000,9498.08301
307.50000,9502.58789
308.00000,9506.17285
308.50000,9509.52148
309.00000,9513.67188
309.50000,9519.28711
310.00000,9526.85645
310.50000,9535.15039
311.00000,9542.62988
311.50000,9547.61816
312.00000,9549.54102
312.50000,9547.99902
313.00000,9544.31055
313.50000,9540.53125
314.00000,9538.90918
314.50000,9539.86328
315.00000,9543.27637
315.50000,9548.09863
316.00000,9552.93262
316.50000,9556.93848
317.00000,9560.51172
317.50000,9564.23242
318.00000,9568.29492
318.50000,9571.99609
319.00000,9573.92480
319.50000,9572.40625
320.00000,9568.00879
320.50000,9562.48438
321.00000,9558.62500
321.50000,9558.52930
322.00000,9563.82129
322.50000,9572.56934
323.00000,9581.79492
323.50000,9588.43848
324.00000,9591.51563
324.50000,9590.83594
325.00000,9588.38379
325.50000,9586.02539
326.00000,9585.29883
326.50000,9585.78418
327.00000,9586.69531
327.50000,9587.03809
328.00000,9586.35645
328.50000,9584.61621
329.00000,9582.80469
329.50000,9582.07910
330.00000,9583.65625
330.50000,9587.67578
331.00000,9594.20117
331.50000,9602.21582
332.00000,9610.11133
332.50000,9616.18848
333.00000,9620.51367
333.50000,9624.11914
334.00000,9629.13281
334.50000,9637.19531
335.00000,9649.38086
335.50000,9663.59668
336.00000,9676.11426
336.50000,9682.76563
337.00000,9683.13867
337.50000,9678.28125
338.00000,9671.95020
338.50000,9669.22852
339.00000,9673.52246
339.50000,9683.90234
340.00000,9697.60840
340.50000,9711.57910
341.00000,9723.63574
341.50000,9733.46875
342.00000,9742.61621
342.50000,9752.16602
343.00000,9761.24609
343.50000,9767.49805
344.00000,9768.54199
344.50000,9761.42285
345.00000,9748.64746
345.50000,9734.49512
346.00000,9723.98047
346.50000,9719.76367
347.00000,9723.64355
347.50000,9733.22266
348.00000,9745.22266
348.50000,9755.88086
349.00000,9763.62891
349.50000,9767.81836
350.00000,9768.77734
350.50000,9767.58301
351.00000,9765.01465
351.50000,9762.72656
352.00000,9762.42871
352.50000,9766.15625
353.00000,9773.86133
353.50000,9784.99609
354.00000,9797.01855
354.50000,9806.33984
355.00000,9809.20703
355.50000,9806.01465
356.00000,9798.44043
356.50000,9789.64746
357.00000,9783.33203
357.50000,9782.64648
358.00000,9788.79688
358.50000,9799.39453
359.00000,9812.21191
359.50000,9824.12695
360.00000,9832.83984
360.50000,9836.29004
361.00000,9834.67480
361.50000,9828.90137
362.00000,9821.81055
362.50000,9816.00195
363.00000,9814.33398
363.50000,9817.21289
364.00000,9824.23438
364.50000,9833.27051
365.00000,9841.06836
365.50000,9845.51953
366.00000,9846.43555
366.50000,9845.03125
367.00000,9843.04785
367.50000,9842.41113
368.00000,9843.98730
368.50000,9847.31836
369.00000,9851.29492
369.50000,9855.26367
370.00000,9859.03809
370.50000,9862.85938
371.00000,9867.03613
371.50000,9871.09082
372.00000,9873.93066
372.50000,9874.19238
373.00000,9871.47070
373.50000,9865.49609
374.00000,9857.65430
374.50000,9849.74805
375.00000,9843.68750
375.50000,9839.83887
376.00000,9838.25977
376.50000,9838.43359
377.00000,9839.62695
377.50000,9841.78418
378.00000,9845.02441
378.50000,9849.29980
379.00000,9854.11719
379.50000,9858.17285
380.00000,9859.71680
380.50000,9857.19531
381.00000,9850.40234
381.50000,9840.23633
382.00000,9829.86426
382.50000,9821.84766
383.00000,9818.68945
383.50000,9820.12988
384.00000,9825.56445
384.50000,9832.81641
385.00000,9839.76563
385.50000,9845.54004
386.00000,9850.66211
386.50000,9855.91211
387.00000,9861.90332
387.50000,9868.23145
388.00000,9873.30273
388.50000,9875.42969
389.00000,9874.15527
389.50000,9869.45117
390.00000,9863.43750
390.50000,9858.14453
391.00000,9855.81543
391.50000,9857.06641
392.00000,9861.60645
392.50000,9868.01465
393.00000,9875.00391
393.50000,9881.59473
394.00000,9887.31543
394.50000,9891.80957
395.00000,9894.45410
395.50000,9895.11621
396.00000,9893.12012
396.50000,9888.67480
397.00000,9882.58398
397.50000,9876.19238
398.00000,9871.50684
398.50000,9870.59180
399.00000,9874.42969
399.50000,9881.96094
400.00000,9891.82910
400.50000,9901.30371
401.00000,9907.99512
401.50000,9908.94043
402.00000,9904.57520
402.50000,9896.62598
403.00000,9888.06445
403.50000,9881.88086
404.00000,9880.96777
404.50000,9885.59570
405.00000,9894.59766
405.50000,9905.22266
406.00000,9914.04688
406.50000,9919.01465
407.00000,9919.63379
407.50000,9917.37305
408.00000,9914.03027
408.50000,9911.88867
409.00000,9912.11426
409.50000,9914.65918
410.00000,9918.08887
410.50000,9921.26270
411.00000,9923.40820
411.50000,9924.67285
412.00000,9925.94629
412.50000,9928.69043
413.00000,9933.87988
413.50000,9942.32129
414.00000,9953.34961
414.50000,9966.47754
415.00000,9980.49023
415.50000,9993.99707
416.00000,10004.83789
416.50000,10012.03711
417.00000,10014.68359
417.50000,10012.20996
418.00000,10006.20313
418.50000,9998.16797
419.00000,9990.66211
419.50000,9985.88965
420.00000,9985.56641
420.50000,9988.67578
421.00000,9994.12207
421.50000,10000.29297
422.00000,10005.80762
422.50000,10010.09473
423.00000,10013.88379
423.50000,10018.56934
424.00000,10025.86621
424.50000,10035.88965
425.00000,10048.34570
425.50000,10061.82910
426.00000,10074.27344
426.50000,10083.04590
427.00000,10087.37598
427.50000,10088.19531
428.00000,10087.33887
428.50000,10088.02246
429.00000,10093.11035
429.50000,10104.44141
430.00000,10120.65039
430.50000,10137.90625
431.00000,10150.61914
431.50000,10154.81641
432.00000,10146.56152
432.50000,10129.18750
433.00000,10106.54102
433.50000,10085.68457
434.00000,10072.77734
434.50000,10071.69531
435.00000,10079.59570
435.50000,10092.01855
436.00000,10103.16602
436.50000,10108.77930
437.00000,10106.56543
437.50000,10098.06836
438.00000,10088.25977
438.50000,10081.56055
439.00000,10079.80859
439.50000,10082.76758
440.00000,10088.55469
440.50000,10093.79297
441.00000,10095.79492
441.50000,10094.09277
442.00000,10090.58691
442.50000,10087.64063
443.00000,10087.14063
443.50000,10089.83984
444.00000,10095.35449
444.50000,10101.62891
445.00000,10106.74219
445.50000,10110.07129
446.00000,10112.48242
446.50000,10115.70215
447.00000,10121.09961
447.50000,10129.07715
448.00000,10138.33398
448.50000,10145.45020
449.00000,10146.10156
449.50000,10138.41797
450.00000,10123.31836
450.50000,10102.73730
451.00000,10081.98535
451.50000,10065.33301
452.00000,10056.26367
452.50000,10053.70898
453.00000,10054.74902
453.50000,10055.43359
454.00000,10053.63477
454.50000,10048.92578
455.00000,10044.19238
455.50000,10043.10840
456.00000,10049.80176
456.50000,10063.94531
457.00000,10083.54590
457.50000,10103.74609
458.00000,10120.28125
458.50000,10128.57422
459.00000,10128.99414
459.50000,10122.33691
460.00000,10111.87402
460.50000,10101.87500
461.00000,10095.21191
461.50000,10092.72852
462.00000,10094.08887
462.50000,10098.51074
463.00000,10103.80762
463.50000,10108.13086
464.00000,10109.69531
464.50000,10108.02246
465.00000,10102.54980
465.50000,10094.62207
466.00000,10085.99902
466.50000,10079.39551
467.00000,10076.83594
467.50000,10080.56641
468.00000,10089.57715
468.50000,10100.98730
469.00000,10111.38965
469.50000,10117.96582
470.00000,10119.35449
470.50000,10115.57129
471.00000,10109.52930
471.50000,10103.96777
472.00000,10100.50488
472.50000,10098.75781
473.00000,10097.58691
473.50000,10095.77441
474.00000,10093.25879
474.50000,10091.40039
475.00000,10092.15820
475.50000,10097.14551
476.00000,10105.07031
476.50000,10113.20020
477.00000,10117.76660
477.50000,10117.08008
478.00000,10110.72949
478.50000,10100.37598
479.00000,10089.79492
479.50000,10082.24707
480.00000,10078.68164
480.50000,10078.23438
481.00000,10079.68066
481.50000,10081.23145
482.00000,10082.32715
482.50000,10083.45508
483.00000,10085.85059
483.50000,10090.76563
484.00000,10097.91016
484.50000,10106.03125
485.00000,10112.86523
485.50000,10116.50781
486.00000,10115.37012
486.50000,10109.30566
487.00000,10100.63672
487.50000,10092.61914
488.00000,10087.86523
488.50000,10087.14258
489.00000,10089.94141
489.50000,10093.31055
490.00000,10094.80176
490.50000,10093.08496
491.00000,10089.41699
491.50000,10086.53906
492.00000,10086.26855
492.50000,10088.29199
493.00000,10090.02734
493.50000,10088.08301
494.00000,10079.59082
494.50000,10064.76563
495.00000,10047.75293
495.50000,10034.75098
496.00000,10029.24609
496.50000,10031.84375
497.00000,10040.74902
497.50000,10050.91211
498.00000,10058.57422
498.50000,10061.97559
499.00000,10062.31445
499.50000,10062.14941
500.00000,10063.38477
500.50000,10066.16309
501.00000,10069.30664
501.50000,10071.25879
502.00000,10071.01270
502.50000,10068.97461
503.00000,10066.41016
503.50000,10064.33984
504.00000,10062.42480
504.50000,10059.50000
505.00000,10054.12012
505.50000,10046.38867
506.00000,10037.54785
506.50000,10030.54688
507.00000,10028.43555
507.50000,10034.35156
508.00000,10045.84863
508.50000,10060.09961
509.00000,10072.77344
509.50000,10080.80957
510.00000,10082.22949
510.50000,10078.75488
511.00000,10073.66797
511.50000,10071.25293
512.00000,10072.84570
512.50000,10078.10059
513.00000,10084.73828
513.50000,10089.98242
514.00000,10091.49121
514.50000,10089.07813
515.00000,10083.84277
515.50000,10077.58887
516.00000,10072.55176
516.50000,10070.23828
517.00000,10071.72266
517.50000,10076.84570
518.00000,10085.46289
518.50000,10095.41016
519.00000,10103.91895
519.50000,10106.41895
520.00000,10101.51563
520.50000,10089.28516
521.00000,10073.01367
521.50000,10057.53809
522.00000,10047.88184
522.50000,10045.57031
523.00000,10049.68457
523.50000,10057.16602
524.00000,10063.18652
524.50000,10065.03418
525.00000,10062.67383
525.50000,10057.94336
526.00000,10052.49316
526.50000,10047.37891
527.00000,10042.36914
527.50000,10036.50488
528.00000,10029.48730
528.50000,10022.33203
529.00000,10017.09082
529.50000,10015.16992
530.00000,10017.66406
530.50000,10022.73535
531.00000,10028.15332
531.50000,10031.17773
532.00000,10030.72070
532.50000,10026.95020
533.00000,10022.29785
533.50000,10018.80273
534.00000,10017.87500
534.50000,10018.55371
535.00000,10019.13477
535.50000,10017.27832
536.00000,10012.07324
536.50000,10003.44141
537.00000,9993.72754
537.50000,9985.13867
538.00000,9979.50879
538.50000,9976.39453
539.00000,9975.11914
539.50000,9974.79785
540.00000,9975.09473
540.50000,9976.90820
541.00000,9981.23340
541.50000,9987.82520
542.00000,9994.95996
542.50000,9999.72949
543.00000,9999.33691
543.50000,9992.36328
544.00000,9980.63672
544.50000,9966.98438
545.00000,9955.71484
545.50000,9949.85254
546.00000,9951.04785
546.50000,9956.83887
547.00000,9965.25977
547.50000,9973.80273
548.00000,9980.77930
548.50000,9984.94238
549.00000,9986.40820
549.50000,9985.43457
550.00000,9982.23730
550.50000,9977.85449
551.00000,9972.80859
551.50000,9967.72949
552.00000,9963.10840
552.50000,9959.55371
553.00000,9957.38184
553.50000,9956.99121
554.00000,9958.99219
554.50000,9962.89844
555.00000,9967.97559
555.50000,9972.83398
556.00000,9976.13867
556.50000,9976.28027
557.00000,9973.27441
557.50000,9967.59180
558.00000,9960.60547
558.50000,9954.67578
559.00000,9952.44141
559.50000,9955.28223
560.00000,9962.84375
560.50000,9974.07422
561.00000,9985.34082
561.50000,9993.17676
562.00000,9994.18945
562.50000,9988.62305
563.00000,9977.92480
563.50000,9967.12695
564.00000,9960.42090
564.50000,9961.40918
565.00000,9968.28418
565.50000,9978.35840
566.00000,9987.17285
566.50000,9991.27051
567.00000,9987.93555
567.50000,9977.95801
568.00000,9964.08691
568.50000,9949.94434
569.00000,9938.71191
569.50000,9932.62402
570.00000,9932.53223
570.50000,9936.64746
571.00000,9942.84082
571.50000,9948.00488
572.00000,9950.26953
572.50000,9949.01172
573.00000,9947.10254
573.50000,9947.07813
574.00000,9950.37793
574.50000,9955.66211
575.00000,9959.64648
575.50000,9958.73535
576.00000,9951.12891
576.50000,9937.05566
577.00000,9921.87988
577.50000,9911.22852
578.00000,9908.79395
578.50000,9913.86523
579.00000,9924.41504
579.50000,9935.55859
580.00000,9943.80176
580.50000,9946.55273
581.00000,9944.72656
581.50000,9939.29199
582.00000,9932.24707
582.50000,9925.19238
583.00000,9919.37793
583.50000,9915.55371
584.00000,9914.37500
584.50000,9916.38379
585.00000,9920.66699
585.50000,9926.33301
586.00000,9931.93457
586.50000,9936.38965
587.00000,9938.96582
587.50000,9939.94629
588.00000,9939.37598
588.50000,9937.16504
589.00000,9933.68164
589.50000,9929.36133
590.00000,9925.38477
590.50000,9923.04688
591.00000,9924.10254
591.50000,9928.02930
592.00000,9933.33789
592.50000,9937.61719
593.00000,9939.10840
593.50000,9936.78125
594.00000,9931.91797
594.50000,9926.73730
595.00000,9924.01563
595.50000,9924.58203
596.00000,9928.09570
596.50000,9932.16211
597.00000,9934.49707
597.50000,9933.66797
598.00000,9930.35938
598.50000,9926.08594
599.00000,9922.46680
599.50000,9919.98145
600.00000,9918.04785
600.50000,9915.27051
601.00000,9910.85547
601.50000,9905.15527
602.00000,9899.67676
602.50000,9895.45996
603.00000,9892.68555
603.50000,9889.93945
604.00000,9885.71191
604.50000,9879.45703
605.00000,9872.64160
605.50000,9868.58105
606.00000,9870.10645
606.50000,9877.30273
607.00000,9887.77051
607.50000,9896.46094
608.00000,9898.80762
608.50000,9892.81445
609.00000,9880.66309
609.50000,9866.14258
610.00000,9854.49512
610.50000,9848.97852
611.00000,9850.81738
611.50000,9855.92188
612.00000,9860.76758
612.50000,9862.37402
613.00000,9860.23438
613.50000,9855.23047
614.00000,9850.34766
614.50000,9847.90137
615.00000,9849.11035
615.50000,9852.07715
616.00000,9852.97949
616.50000,9847.87207
617.00000,9835.54395
617.50000,9816.33008
618.00000,9795.76074
618.50000,9779.50586
619.00000,9773.43945
619.50000,9778.05859
620.00000,9792.53027
620.50000,9811.28906
621.00000,9828.63184
621.50000,9839.78516
622.00000,9845.01855
622.50000,9845.12012
623.00000,9841.51953
623.50000,9835.73828
624.00000,9827.91211
624.50000,9818.63477
625.00000,9809.09277
625.50000,9801.84668
626.00000,9798.99609
626.50000,9801.75098
627.00000,9808.83789
627.50000,9816.97949
628.00000,9822.89746
628.50000,9824.90918
629.00000,9823.31836
629.50000,9819.59961
630.00000,9816.28223
630.50000,9814.65625
631.00000,9814.47266
631.50000,9814.13574
632.00000,9812.12402
632.50000,9808.55371
633.00000,9804.62793
633.50000,9802.34961
634.00000,9802.63574
634.50000,9805.51367
635.00000,9809.38672
635.50000,9812.17188
636.00000,9811.91602
636.50000,9808.76953
637.00000,9804.16992
637.50000,9800.30566
638.00000,9798.61035
638.50000,9799.92090
639.00000,9803.89941
639.50000,9809.54004
640.00000,9816.05469
640.50000,9822.34766
641.00000,9827.28906
641.50000,9828.91895
642.00000,9825.93848
642.50000,9817.09961
643.00000,9803.58105
643.50000,9788.34570
644.00000,9775.68555
644.50000,9768.83887
645.00000,9769.70020
645.50000,9778.07617
646.00000,9789.87207
646.50000,9800.89063
647.00000,9807.16211
647.50000,9807.29102
648.00000,9801.32520
648.50000,9792.76855
649.00000,9784.26563
649.50000,9778.30176
650.00000,9775.65039
650.50000,9776.77441
651.00000,9780.70898
651.50000,9786.27246
652.00000,9792.33887
652.50000,9797.50000
653.00000,9800.30957
653.50000,9799.48633
654.00000,9795.06055
654.50000,9787.16113
655.00000,9777.71582
655.50000,9768.88086
656.00000,9763.25586
656.50000,9761.37598
657.00000,9763.10156
657.50000,9766.77344
658.00000,9770.23633
658.50000,9772.13672
659.00000,9773.12891
659.50000,9774.63184
660.00000,9778.14648
660.50000,9783.15625
661.00000,9787.78125
661.50000,9788.98633
662.00000,9785.13770
662.50000,9775.65430
663.00000,9764.07813
663.50000,9754.72754
664.00000,9752.80176
664.50000,9757.73633
665.00000,9766.90723
665.50000,9774.77344
666.00000,9776.91016
666.50000,9769.95996
667.00000,9756.62500
667.50000,9741.03809
668.00000,9728.60352
668.50000,9722.07227
669.00000,9722.23242
669.50000,9726.29492
670.00000,9730.47852
670.50000,9732.20313
671.00000,9731.81543
671.50000,9730.79004
672.00000,9731.02734
672.50000,9733.05371
673.00000,9736.29395
673.50000,9739.13965
674.00000,9740.49609
674.50000,9739.97852
675.00000,9738.86035
675.50000,9738.35352
676.00000,9738.96680
676.50000,9739.98047
677.00000,9740.46191
677.50000,9740.03711
678.00000,9739.20020
678.50000,9738.95605
679.00000,9739.64453
679.50000,9740.62598
680.00000,9740.15234
680.50000,9736.96289
681.00000,9730.57520
681.50000,9723.09961
682.00000,9717.23926
682.50000,9715.43750
683.00000,9716.75195
683.50000,9719.33594
684.00000,9720.59668
684.50000,9719.53320
685.00000,9716.82129
685.50000,9714.91797
686.00000,9715.65137
686.50000,9719.60742
687.00000,9724.19141
687.50000,9726.39258
688.00000,9724.69531
688.50000,9720.73340
689.00000,9717.79883
689.50000,9718.91504
690.00000,9724.89844
690.50000,9734.24414
691.00000,9742.66504
691.50000,9746.36914
692.00000,9743.71387
692.50000,9736.60547
693.00000,9728.31641
693.50000,9722.84668
694.00000,9721.88379
694.50000,9725.36328
695.00000,9730.47656
695.50000,9734.62891
696.00000,9735.62598
696.50000,9732.92969
697.00000,9726.50391
697.50000,9718.59473
698.00000,9711.55078
698.50000,9708.28516
699.00000,9709.81641
699.50000,9716.64844
700.00000,9726.18555
700.50000,9735.23047
701.00000,9740.49707
701.50000,9741.43164
702.00000,9738.72070
702.50000,9734.36426
703.00000,9730.61035
703.50000,9728.52832
704.00000,9727.55664
704.50000,9726.37793
705.00000,9723.46777
705.50000,9718.68555
706.00000,9712.51074
706.50000,9706.00684
707.00000,9700.13477
707.50000,9695.93848
708.00000,9694.31641
708.50000,9696.00684
709.00000,9702.27246
709.50000,9711.54199
710.00000,9721.62598
710.50000,9728.78516
711.00000,9730.49121
711.50000,9725.17676
712.00000,9715.93262
712.50000,9707.67773
713.00000,9706.15625
713.50000,9711.95313
714.00000,9723.36816
714.50000,9735.08301
715.00000,9741.79688
715.50000,9739.11133
716.00000,9728.37891
716.50000,9713.41406
717.00000,9699.64160
717.50000,9690.92285
718.00000,9688.77246
718.50000,9691.03027
719.00000,9693.30664
719.50000,9691.68652
720.00000,9685.54883
720.50000,9676.49805
721.00000,9668.01367
721.50000,9663.35352
722.00000,9664.77246
722.50000,9671.80664
723.00000,9681.73438
723.50000,9691.47461
724.00000,9698.48926
724.50000,9701.65137
725.00000,9700.57324
725.50000,9696.51563
726.00000,9689.78809
726.50000,9680.80469
727.00000,9670.46777
727.50000,9660.68750
728.00000,9654.22754
728.50000,9653.96191
729.00000,9662.21289
729.50000,9676.81836
730.00000,9694.51074
730.50000,9709.69531
731.00000,9718.15039
731.50000,9715.75879
732.00000,9705.10645
732.50000,9689.85645
733.00000,9675.11328
733.50000,9664.60449
734.00000,9660.89355
734.50000,9663.26660
735.00000,9669.39844
735.50000,9676.52539
736.00000,9681.68164
736.50000,9683.00293
737.00000,9679.90918
737.50000,9674.07520
738.00000,9667.52344
738.50000,9662.64063
739.00000,9660.69824
739.50000,9662.15332
740.00000,9665.41797
740.50000,9669.58105
741.00000,9674.16797
741.50000,9679.29785
742.00000,9685.34766
742.50000,9691.78613
743.00000,9697.20215
743.50000,9698.81445
744.00000,9695.40527
744.50000,9686.12109
745.00000,9672.36914
745.50000,9657.37402
746.00000,9644.92773
746.50000,9637.46484
747.00000,9636.08789
747.50000,9641.69336
748.00000,9651.99121
748.50000,9664.99707
749.00000,9677.14551
749.50000,9685.03906
750.00000,9684.70215
750.50000,9676.57617
751.00000,9663.12109
751.50000,9649.46094
752.00000,9640.97168
752.50000,9641.36230
753.00000,9649.41992
753.50000,9659.66992
754.00000,9665.40039
754.50000,9663.66992
755.00000,9654.88965
755.50000,9642.57520
756.00000,9631.65918
756.50000,9625.03320
757.00000,9622.19434
757.50000,9620.56152
758.00000,9617.60742
758.50000,9613.16992
759.00000,9609.17188
759.50000,9608.91797
760.00000,9613.54785
760.50000,9622.43750
761.00000,9631.42285
761.50000,9636.73828
762.00000,9635.09863
762.50000,9628.40527
763.00000,9619.56055
763.50000,9612.98730
764.00000,9611.55078
764.50000,9617.09961
765.00000,9627.74023
765.50000,9640.12695
766.00000,9649.74512
766.50000,9653.77051
767.00000,9650.52246
767.50000,9640.99219
768.00000,9629.36133
768.50000,9620.68066
769.00000,9618.62305
769.50000,9624.30273
770.00000,9637.78223
770.50000,9654.71387
771.00000,9671.64063
771.50000,9685.11621
772.00000,9693.68164
772.50000,9695.95020
773.00000,9693.08887
773.50000,9686.49414
774.00000,9677.73047
774.50000,9669.10254
775.00000,9662.15527
775.50000,9657.40820
776.00000,9653.84863
776.50000,9649.86816
777.00000,9644.62891
777.50000,9638.90820
778.00000,9635.44434
778.50000,9636.58398
779.00000,9643.94531
779.50000,9655.67969
780.00000,9667.35449
780.50000,9673.08398
781.00000,9670.34668
781.50000,9659.45898
782.00000,9644.04102
782.50000,9630.37207
783.00000,9623.60547
783.50000,9625.38086
784.00000,9633.32227
784.50000,9643.83398
785.00000,9653.07617
785.50000,9659.64941
786.00000,9663.95703
786.50000,9667.87793
787.00000,9672.75586
787.50000,9678.80273
788.00000,9685.26074
788.50000,9691.12012
789.00000,9696.19043
789.50000,9701.07813
790.00000,9706.96582
790.50000,9714.30176
791.00000,9722.48047
791.50000,9729.37891
792.00000,9732.77441
792.50000,9730.29883
793.00000,9723.84570
793.50000,9715.83984
794.00000,9709.81055
794.50000,9707.70215
795.00000,9710.20996
795.50000,9715.17773
796.00000,9720.09082
796.50000,9722.51758
797.00000,9722.08301
797.50000,9718.76172
798.00000,9712.85059
798.50000,9704.75391
799.00000,9694.29102
799.50000,9682.74512
800.00000,9672.47363
800.50000,9667.79395
801.00000,9670.29199
801.50000,9679.87988
802.00000,9692.82324
802.50000,9704.00781
803.00000,9708.90820
803.50000,9707.63184
804.00000,9702.89453
804.50000,9699.04199
805.00000,9698.90918
805.50000,9702.83594
806.00000,9707.96289
806.50000,9710.70215
807.00000,9707.85938
807.50000,9700.20898
808.00000,9690.09082
808.50000,9681.14941
809.00000,9676.03809
809.50000,9676.60352
810.00000,9682.05957
810.50000,9690.26660
811.00000,9699.11816
811.50000,9706.63574
812.00000,9712.02344
812.50000,9715.71289
813.00000,9719.58105
813.50000,9725.63770
814.00000,9734.73047
814.50000,9745.82422
815.00000,9756.33789
815.50000,9763.41211
816.00000,9765.09766
816.50000,9761.06543
817.00000,9754.06934
817.50000,9746.96777
818.00000,9742.44629
818.50000,9741.50391
819.00000,9744.21875
819.50000,9748.25781
820.00000,9751.69336
820.50000,9752.72754
821.00000,9751.26758
821.50000,9748.36914
822.00000,9746.77148
822.50000,9748.91602
823.00000,9757.06543
823.50000,9768.87109
824.00000,9780.91406
824.50000,9788.58594
825.00000,9790.13379
825.50000,9786.02441
826.00000,9780.94043
826.50000,9779.19336
827.00000,9783.76367
827.50000,9791.70801
828.00000,9798.33887
828.50000,9798.68164
829.00000,9792.37598
829.50000,9781.68652
830.00000,9772.09277
830.50000,9767.53613
831.00000,9770.49609
831.50000,9778.34082
832.00000,9788.35449
832.50000,9797.33984
833.00000,9803.59961
833.50000,9806.01660
834.00000,9805.41211
834.50000,9802.81543
835.00000,9799.78418
835.50000,9798.11816
836.00000,9799.21289
836.50000,9802.93652
837.00000,9807.51465
837.50000,9810.31348
838.00000,9809.92090
838.50000,9806.85547
839.00000,9803.54395
839.50000,9802.48145
840.00000,9804.73242
840.50000,9808.64551
841.00000,9811.50293
841.50000,9810.76074
842.00000,9807.25781
842.50000,9803.52930
843.00000,9803.49121
843.50000,9808.88965
844.00000,9820.19238
844.50000,9834.79102
845.00000,9849.67578
845.50000,9862.38184
846.00000,9872.67578
846.50000,9881.10645
847.00000,9888.69922
847.50000,9896.30371
848.00000,9904.21582
848.50000,9912.40332
849.00000,9920.68457
849.50000,9928.58789
850.00000,9935.47754
850.50000,9940.44336
851.00000,9942.74609
851.50000,9942.79102
852.00000,9941.17285
852.50000,9939.27539
853.00000,9938.15723
853.50000,9938.80371
854.00000,9941.17773
854.50000,9945.37207
855.00000,9951.15332
855.50000,9957.78418
856.00000,9964.33105
856.50000,9969.71777
857.00000,9973.33887
857.50000,9975.08594
858.00000,9976.20508
858.50000,9977.79980
859.00000,9980.45703
859.50000,9983.68359
860.00000,9986.62207
860.50000,9989.15527
861.00000,9992.31934
861.50000,9998.29590
862.00000,10007.76074
862.50000,10020.15918
863.00000,10032.51660
863.50000,10041.68848
864.00000,10045.09082
864.50000,10044.51465
865.00000,10043.26855
865.50000,10045.62012
866.00000,10052.81445
866.50000,10063.88379
867.00000,10075.06055
867.50000,10083.25293
868.00000,10087.17773
868.50000,10090.00488
869.00000,10095.88477
869.50000,10108.87109
870.00000,10127.97754
870.50000,10149.65820
871.00000,10167.34863
871.50000,10176.52539
872.00000,10174.24609
872.50000,10165.67383
873.00000,10156.82227
873.50000,10154.88672
874.00000,10162.37988
874.50000,10179.16797
875.00000,10199.34570
875.50000,10216.36035
876.00000,10223.19629
876.50000,10220.12598
877.00000,10209.39160
877.50000,10196.40527
878.00000,10186.37500
878.50000,10182.18652
879.00000,10182.15820
879.50000,10182.63965
880.00000,10179.16602
880.50000,10170.74414
881.00000,10158.48145
881.50000,10146.19922
882.00000,10137.66895
882.50000,10135.76758
883.00000,10139.22754
883.50000,10145.00781
884.00000,10149.08496
884.50000,10149.31934
885.00000,10145.11328
885.50000,10137.72852
886.00000,10129.03809
886.50000,10119.58789
887.00000,10109.02930
887.50000,10096.75781
888.00000,10083.02344
888.50000,10070.19336
889.00000,10061.73633
889.50000,10060.44531
890.00000,10065.75195
890.50000,10075.42383
891.00000,10084.32813
891.50000,10088.84863
892.00000,10087.30078
892.50000,10082.78516
893.00000,10079.11035
893.50000,10079.54102
894.00000,10084.10059
894.50000,10090.55176
895.00000,10094.81836
895.50000,10094.21875
896.00000,10087.96094
896.50000,10079.07422
897.00000,10070.85840
897.50000,10065.87988
898.00000,10064.09375
898.50000,10063.90234
899.00000,10062.47852
899.50000,10058.27441
900.00000,10051.71191
900.50000,10045.72559
901.00000,10044.16211
901.50000,10049.24902
902.00000,10060.25391
902.50000,10074.84961
903.00000,10088.52441
903.50000,10098.71973
904.00000,10105.31348
904.50000,10111.06641
905.00000,10118.58691
905.50000,10128.02344
906.00000,10136.71973
906.50000,10139.35840
907.00000,10134.43652
907.50000,10123.19629
908.00000,10111.73047
908.50000,10106.88672
909.00000,10114.16699
909.50000,10131.16895
910.00000,10151.46289
910.50000,10166.22461
911.00000,10171.33105
911.50000,10166.39746
912.00000,10156.20801
912.50000,10147.10449
913.00000,10143.17188
913.50000,10144.00391
914.00000,10147.35840
914.50000,10150.95508
915.00000,10153.82813
915.50000,10156.20898
916.00000,10158.25879
916.50000,10159.20117
917.00000,10157.10645
917.50000,10151.69531
918.00000,10144.60938
918.50000,10140.07910
919.00000,10141.67285
919.50000,10151.54688
920.00000,10167.26367
920.50000,10183.45801
921.00000,10194.43359
921.50000,10198.97559
922.00000,10199.41895
922.50000,10201.09082
923.00000,10208.11621
923.50000,10221.71289
924.00000,10238.04590
924.50000,10251.57617
925.00000,10256.48633
925.50000,10253.03027
926.00000,10243.84277
926.50000,10233.89160
927.00000,10227.57324
927.50000,10227.42090
928.00000,10232.55957
928.50000,10240.37012
929.00000,10248.05273
929.50000,10253.74121
930.00000,10257.14551
930.50000,10259.88965
931.00000,10264.97363
931.50000,10276.17188
932.00000,10294.77832
932.50000,10318.89160
933.00000,10343.74902
933.50000,10362.89551
934.00000,10371.47559
934.50000,10368.62207
935.00000,10360.39160
935.50000,10354.61523
936.00000,10357.94727
936.50000,10371.72070
937.00000,10393.38965
937.50000,10414.52734
938.00000,10429.10840
938.50000,10435.29688
939.00000,10437.84375
939.50000,10444.03516
940.00000,10459.31250
940.50000,10484.18555
941.00000,10515.18164
941.50000,10544.57715
942.00000,10567.09180
942.50000,10581.74414
943.00000,10592.77539
943.50000,10605.73926
944.00000,10624.42383
944.50000,10649.28516
945.00000,10678.80371
945.50000,10709.62500
946.00000,10740.71582
946.50000,10772.77344
947.00000,10806.91309
947.50000,10843.67871
948.00000,10880.96484
948.50000,10915.75586
949.00000,10944.23535
949.50000,10965.72168
950.00000,10979.78418
950.50000,10988.61523
951.00000,10995.62305
951.50000,11004.59375
952.00000,11018.25488
952.50000,11037.99316
953.00000,11063.51855
953.50000,11091.30371
954.00000,11117.91211
954.50000,11140.62207
955.00000,11158.96582
955.50000,11172.95996
956.00000,11184.47266
956.50000,11194.23926
957.00000,11202.77539
957.50000,11211.20605
958.00000,11221.32520
958.50000,11234.56445
959.00000,11250.47559
959.50000,11266.07617
960.00000,11276.91406
960.50000,11279.29492
961.00000,11272.29199
961.50000,11260.07422
962.00000,11246.48535
962.50000,11233.73145
963.00000,11220.27930
963.50000,11200.90430
964.00000,11173.11719
964.50000,11136.15137
965.00000,11092.94043
965.50000,11048.33594
966.00000,11005.18066
966.50000,10963.86719
967.00000,10923.79590
967.50000,10885.77539
968.00000,10851.62109
968.50000,10824.35938
969.00000,10805.47852
969.50000,10792.85840
970.00000,10784.54199
970.50000,10778.26172
971.00000,10774.23145
971.50000,10774.91211
972.00000,10780.79590
972.50000,10791.31934
973.00000,10803.41113
973.50000,10814.01172
974.00000,10821.36719
974.50000,10826.58496
975.00000,10831.33496
975.50000,10836.86328
976.00000,10842.82324
976.50000,10847.90430
977.00000,10850.68652
977.50000,10850.77930
978.00000,10848.03711
978.50000,10843.89453
979.00000,10840.03223
979.50000,10839.25684
980.00000,10843.72168
980.50000,10856.11133
981.00000,10876.56348
981.50000,10902.67090
982.00000,10931.52832
982.50000,10959.31348
983.00000,10984.06152
983.50000,11005.29590
984.00000,11024.64648
984.50000,11043.48730
985.00000,11062.91699
985.50000,11083.20313
986.00000,11104.22168
986.50000,11125.26465
987.00000,11145.58398
987.50000,11164.41992
988.00000,11181.95898
988.50000,11199.27246
989.00000,11218.60938
989.50000,11242.05176
990.00000,11272.36426
990.50000,11308.42773
991.00000,11349.44043
991.50000,11394.12500
992.00000,11441.30859
992.50000,11491.68066
993.00000,11545.73633
993.50000,11603.63672
994.00000,11665.90820
994.50000,11731.48730
995.00000,11800.91504
995.50000,11875.46094
996.00000,11955.72461
996.50000,12043.28613
997.00000,12137.01172
997.50000,12235.43945
998.00000,12337.68359
998.50000,12442.08496
999.00000,12548.08301
999.50000,12654.53711
1000.00000,12759.63281
1000.50000,12860.31152
1001.00000,12954.75000
1001.50000,13041.99023
1002.00000,13121.15430
1002.50000,13194.31250
1003.00000,13261.09180
1003.50000,13320.16113
1004.00000,13369.72754
1004.50000,13403.82324
1005.00000,13420.68262
1005.50000,13417.88672
1006.00000,13391.86230
1006.50000,13347.06738
1007.00000,13284.29395
1007.50000,13207.78906
1008.00000,13122.38965
1008.50000,13029.38867
1009.00000,12930.51074
1009.50000,12825.00488
1010.00000,12712.07422
1010.50000,12595.32422
1011.00000,12481.06348
1011.50000,12377.66113
1012.00000,12289.82227
1012.50000,12220.36230
1013.00000,12159.17871
1013.50000,12095.39453
1014.00000,12017.97852
1014.50000,11926.52441
1015.00000,11827.27148
1015.50000,11734.27148
1016.00000,11658.38965
1016.50000,11609.04199
1017.00000,11577.74805
1017.50000,11555.84668
1018.00000,11533.34863
1018.50000,11505.72266
1019.00000,11473.65430
1019.50000,11441.52832
1020.00000,11411.98828
1020.50000,11384.99219
1021.00000,11357.58301
1021.50000,11328.20117
1022.00000,11298.40527
1022.50000,11272.15625
1023.00000,11254.30078
1023.50000,11244.86328
1024.00000,11240.33496
1024.50000,11235.02246
1025.00000,11224.81445
1025.50000,11208.93359
1026.00000,11190.50586
1026.50000,11173.60645
1027.00000,11160.34082
1027.50000,11148.45313
1028.00000,11134.09473
1028.50000,11113.31152
1029.00000,11087.68164
1029.50000,11061.48047
1030.00000,11041.18652
1030.50000,11030.11816
1031.00000,11029.52930
1031.50000,11034.03223
1032.00000,11038.35352
1032.50000,11038.05176
1033.00000,11033.19336
1033.50000,11025.47656
1034.00000,11017.87109
1034.50000,11012.13770
1035.00000,11009.19043
1035.50000,11008.47852
1036.00000,11009.82422
1036.50000,11013.10938
1037.00000,11016.99902
1037.50000,11019.15234
1038.00000,11016.79102
1038.50000,11008.87695
1039.00000,10995.64648
1039.50000,10981.36816
1040.00000,10969.98438
1040.50000,10964.44629
1041.00000,10963.35938
1041.50000,10963.96875
1042.00000,10962.83887
1042.50000,10958.96582
1043.00000,10954.01074
1043.50000,10951.90918
1044.00000,10956.16895
1044.50000,10968.40137
1045.00000,10985.32129
1045.50000,11001.95508
1046.00000,11012.34863
1046.50000,11013.29883
1047.00000,11002.72070
1047.50000,10986.56641
1048.00000,10970.67969
1048.50000,10961.26855
1049.00000,10959.67773
1049.50000,10964.44434
1050.00000,10970.05078
1050.50000,10972.54004
1051.00000,10970.62109
1051.50000,10968.11816
1052.00000,10969.21875
1052.50000,10976.07324
1053.00000,10985.97363
1053.50000,10993.92871
1054.00000,10996.22656
1054.50000,10993.28516
1055.00000,10989.51074
1055.50000,10990.60352
1056.00000,10999.77246
1056.50000,11015.17969
1057.00000,11031.25488
1057.50000,11042.32910
1058.00000,11046.84668
1058.50000,11046.32227
1059.00000,11043.59473
1059.50000,11041.16992
1060.00000,11039.09473
1060.50000,11036.10645
1061.00000,11031.58984
1061.50000,11026.40137
1062.00000,11022.95508
1062.50000,11023.45020
1063.00000,11029.37695
1063.50000,11038.82715
1064.00000,11049.24609
1064.50000,11057.12012
1065.00000,11060.26074
1065.50000,11056.97754
1066.00000,11049.73926
1066.50000,11041.69824
1067.00000,11036.92383
1067.50000,11037.19824
1068.00000,11043.03027
1068.50000,11052.40527
1069.00000,11063.31836
1069.50000,11075.49023
1070.00000,11089.31152
1070.50000,11104.87598
1071.00000,11120.05371
1071.50000,11131.29688
1072.00000,11134.96680
1072.50000,11132.16309
1073.00000,11127.77246
1073.50000,11128.99707
1074.00000,11138.05176
1074.50000,11152.46875
1075.00000,11164.27246
1075.50000,11166.64648
1076.00000,11156.14551
1076.50000,11138.58984
1077.00000,11122.40137
1077.50000,11116.39355
1078.00000,11120.50195
1078.50000,11131.66895
1079.00000,11144.12891
1079.50000,11154.27441
1080.00000,11161.99609
1080.50000,11169.90918
1081.00000,11179.69922
1081.50000,11191.09180
1082.00000,11201.52832
1082.50000,11208.63477
1083.00000,11211.64844
1083.50000,11212.28516
1084.00000,11212.87207
1084.50000,11215.46777
1085.00000,11220.62695
1085.50000,11227.55664
1086.00000,11233.80957
1086.50000,11236.83789
1087.00000,11235.09082
1087.50000,11229.56836
1088.00000,11222.87793
1088.50000,11219.21875
1089.00000,11221.80176
1089.50000,11232.81543
1090.00000,11249.56250
1090.50000,11269.33105
1091.00000,11288.61230
1091.50000,11305.27930
1092.00000,11317.52930
1092.50000,11325.51367
1093.00000,11329.27148
1093.50000,11329.38379
1094.00000,11328.35059
1094.50000,11328.83008
1095.00000,11332.76563
1095.50000,11339.77637
1096.00000,11347.79395
1096.50000,11353.90332
1097.00000,11356.95313
1097.50000,11358.24414
1098.00000,11360.79297
1098.50000,11366.69824
1099.00000,11374.77930
1099.50000,11381.73047
1100.00000,11383.50781
1100.50000,11380.93555
1101.00000,11378.03516
1101.50000,11382.06641
1102.00000,11397.01953
1102.50000,11424.36621
1103.00000,11457.79297
1103.50000,11489.25586
1104.00000,11509.78418
1104.50000,11518.84082
1105.00000,11518.74902
1105.50000,11516.14941
1106.00000,11517.57422
1106.50000,11527.15332
1107.00000,11543.25000
1107.50000,11561.75098
1108.00000,11577.51465
1108.50000,11588.07227
1109.00000,11592.89160
1109.50000,11593.85840
1110.00000,11593.95703
1110.50000,11595.68750
1111.00000,11600.87891
1111.50000,11611.20313
1112.00000,11629.71387
1112.50000,11655.90137
1113.00000,11688.61133
1113.50000,11722.72461
1114.00000,11751.97266
1114.50000,11770.08496
1115.00000,11778.08008
1115.50000,11780.82715
1116.00000,11786.11523
1116.50000,11798.68555
1117.00000,11818.72070
1117.50000,11840.38184
1118.00000,11857.29688
1118.50000,11865.75684
1119.00000,11870.25977
1119.50000,11877.68750
1120.00000,11895.45313
1120.50000,11923.30566
1121.00000,11957.96387
1121.50000,11992.85547
1122.00000,12024.19141
1122.50000,12051.85645
1123.00000,12079.86328
1123.50000,12111.36035
1124.00000,12147.20313
1124.50000,12184.47461
1125.00000,12220.19434
1125.50000,12253.40234
1126.00000,12285.95898
1126.50000,12321.62695
1127.00000,12362.19629
1127.50000,12407.49805
1128.00000,12454.87109
1128.50000,12500.62305
1129.00000,12541.75684
1129.50000,12577.64160
1130.00000,12609.28125
1130.50000,12637.62207
1131.00000,12664.94238
1131.50000,12692.77734
1132.00000,12722.79688
1132.50000,12755.86816
1133.00000,12793.19727
1133.50000,12834.60645
1134.00000,12879.40234
1134.50000,12926.94336
1135.00000,12975.19238
1135.50000,13022.51563
1136.00000,13067.65332
1136.50000,13111.12988
1137.00000,13155.02930
1137.50000,13202.28027
1138.00000,13254.44824
1138.50000,13311.07715
1139.00000,13367.58594
1139.50000,13419.81250
1140.00000,13467.05957
1140.50000,13514.83008
1141.00000,13574.70410
1141.50000,13655.64453
1142.00000,13760.93555
1142.50000,13889.34082
1143.00000,14028.23633
1143.50000,14170.95898
1144.00000,14316.61133
1144.50000,14470.73145
1145.00000,14645.20703
1145.50000,14843.29785
1146.00000,15063.79785
1146.50000,15302.46582
1147.00000,15550.11426
1147.50000,15805.30078
1148.00000,16070.21777
1148.50000,16347.64941
1149.00000,16642.52148
1149.50000,16951.70313
1150.00000,17272.72070
1150.50000,17603.21094
1151.00000,17938.17773
1151.50000,18271.68750
1152.00000,18593.52930
1152.50000,18893.14453
1153.00000,19151.93555
1153.50000,19367.53516
1154.00000,19534.48438
1154.50000,19646.04688
1155.00000,19707.50000
1155.50000,19708.36719
1156.00000,19648.65820
1156.50000,19534.25781
1157.00000,19361.43750
1157.50000,19148.38867
1158.00000,18899.68945
1158.50000,18617.30664
1159.00000,18308.59570
1159.50000,17976.26563
1160.00000,17632.26758
1160.50000,17288.77539
1161.00000,16957.57227
1161.50000,16640.22266
1162.00000,16336.50195
1162.50000,16045.16992
1163.00000,15765.66016
1163.50000,15504.44043
1164.00000,15264.27832
1164.50000,15044.71387
1165.00000,14844.89746
1165.50000,14655.55859
1166.00000,14473.05859
1166.50000,14296.07422
1167.00000,14124.89355
1167.50000,13962.28516
1168.00000,13808.75098
1168.50000,13665.42285
1169.00000,13537.13086
1169.50000,13424.82910
1170.00000,13332.31152
1170.50000,13258.89746
1171.00000,13198.38965
1171.50000,13146.03613
1172.00000,13096.13379
1172.50000,13047.24316
1173.00000,13001.03809
1173.50000,12959.03906
1174.00000,12922.15820
1174.50000,12888.77637
1175.00000,12856.34668
1175.50000,12823.78906
1176.00000,12792.65723
1176.50000,12766.93945
1177.00000,12753.00586
1177.50000,12752.10645
1178.00000,12764.86719
1178.50000,12786.04492
1179.00000,12808.48047
1179.50000,12825.42480
1180.00000,12835.24707
1180.50000,12839.68262
1181.00000,12843.30957
1181.50000,12850.25684
1182.00000,12862.10742
1182.50000,12876.52051
1183.00000,12890.02734
1183.50000,12899.68945
1184.00000,12906.67090
1184.50000,12914.13574
1185.00000,12926.91504
1185.50000,12947.18359
1186.00000,12975.76270
1186.50000,13008.74902
1187.00000,13041.02734
1187.50000,13066.53613
1188.00000,13084.03223
1188.50000,13094.09863
1189.00000,13100.18555
1189.50000,13106.38184
1190.00000,13114.24414
1190.50000,13122.05078
1191.00000,13126.74805
1191.50000,13124.91406
1192.00000,13117.98340
1192.50000,13107.98828
1193.00000,13097.25977
1193.50000,13086.01660
1194.00000,13071.43457
1194.50000,13050.60156
1195.00000,13022.32910
1195.50000,12986.99219
1196.00000,12949.23438
1196.50000,12912.45020
1197.00000,12878.59570
1197.50000,12846.87109
1198.00000,12815.31445
1198.50000,12781.92383
1199.00000,12746.07813
1199.50000,12708.40137
1200.00000,12670.93457
1200.50000,12635.43652
1201.00000,12602.71777
1201.50000,12572.10156
1202.00000,12542.73828
1202.50000,12513.86035
1203.00000,12486.13477
1203.50000,12461.97266
1204.00000,12443.02441
1204.50000,12430.74609
1205.00000,12423.67188
1205.50000,12418.62988
1206.00000,12412.30762
1206.50000,12402.82129
1207.00000,12389.90723
1207.50000,12374.75488
1208.00000,12359.87305
1208.50000,12347.70605
1209.00000,12339.74512
1209.50000,12335.74219
1210.00000,12334.55957
1210.50000,12333.03320
1211.00000,12328.64941
1211.50000,12319.89063
1212.00000,12308.04199
1212.50000,12294.45410
1213.00000,12280.00781
1213.50000,12263.76465
1214.00000,12242.43457
1214.50000,12215.18457
1215.00000,12182.66211
1215.50000,12148.60254
1216.00000,12117.68848
1216.50000,12093.43457
1217.00000,12074.80664
1217.50000,12058.54688
1218.00000,12040.63965
1218.50000,12019.06152
1219.00000,11993.56836
1219.50000,11965.87012
1220.00000,11938.47852
1220.50000,11913.35449
1221.00000,11890.75781
1221.50000,11869.75098
1222.00000,11848.90625
1222.50000,11827.41992
1223.00000,11806.18652
1223.50000,11787.83398
1224.00000,11774.46484
1224.50000,11767.75977
1225.00000,11765.41016
1225.50000,11764.50098
1226.00000,11762.86523
1226.50000,11760.85059
1227.00000,11760.28027
1227.50000,11762.02051
1228.00000,11763.84668
1228.50000,11761.19824
1229.00000,11752.17383
1229.50000,11738.78125
1230.00000,11727.37500
1230.50000,11723.57031
1231.00000,11729.46484
1231.50000,11740.18359
1232.00000,11748.30176
1232.50000,11747.75879
1233.00000,11740.71777
1233.50000,11732.77441
1234.00000,11730.61816
1234.50000,11735.06934
1235.00000,11742.95703
1235.50000,11748.25488
1236.00000,11747.95508
1236.50000,11742.39746
1237.00000,11736.68945
1237.50000,11734.95508
1238.00000,11739.58594
1238.50000,11748.56055
1239.00000,11759.51660
1239.50000,11769.38770
1240.00000,11775.73438
1240.50000,11774.93945
1241.00000,11767.00879
1241.50000,11753.40234
1242.00000,11739.68750
1242.50000,11732.91699
1243.00000,11739.90234
1243.50000,11760.01465
1244.00000,11787.02734
1244.50000,11811.42383
1245.00000,11826.29004
1245.50000,11829.24512
1246.00000,11823.82129
1246.50000,11817.56543
1247.00000,11816.70020
1247.50000,11823.07910
1248.00000,11834.92773
1248.50000,11848.90527
1249.00000,11861.56934
1249.50000,11871.85156
1250.00000,11880.94824
1250.50000,11891.44434
1251.00000,11906.36914
1251.50000,11926.32617
1252.00000,11949.93457
1252.50000,11974.25977
1253.00000,11996.26074
1253.50000,12014.82910
1254.00000,12031.69824
1254.50000,12049.99512
1255.00000,12072.43262
1255.50000,12098.17480
1256.00000,12124.54688
1256.50000,12147.95117
1257.00000,12167.35645
1257.50000,12183.18359
1258.00000,12197.30664
1258.50000,12210.64355
1259.00000,12221.96582
1259.50000,12229.93359
1260.00000,12233.85352
1260.50000,12234.04785
1261.00000,12232.50879
1261.50000,12230.07422
1262.00000,12226.91309
1262.50000,12223.04785
1263.00000,12219.29883
1263.50000,12217.39941
1264.00000,12218.95117
1264.50000,12224.48535
1265.00000,12231.75000
1265.50000,12237.98828
1266.00000,12240.81738
1266.50000,12239.58496
1267.00000,12233.87793
1267.50000,12225.25684
1268.00000,12214.56738
1268.50000,12203.23828
1269.00000,12193.29395
1269.50000,12187.10059
1270.00000,12185.53320
1270.50000,12187.76270
1271.00000,12192.67285
1271.50000,12198.52344
1272.00000,12205.30859
1272.50000,12213.77539
1273.00000,12223.70020
1273.50000,12233.32422
1274.00000,12239.59082
1274.50000,12240.40137
1275.00000,12234.27441
1275.50000,12224.32617
1276.00000,12212.97656
1276.50000,12201.74023
1277.00000,12190.34668
1277.50000,12177.49414
1278.00000,12162.65918
1278.50000,12146.40430
1279.00000,12130.08105
1279.50000,12115.11621
1280.00000,12102.65137
1280.50000,12093.36328
1281.00000,12086.89063
1281.50000,12082.66211
1282.00000,12078.58887
1282.50000,12072.73340
1283.00000,12063.83398
1283.50000,12053.73145
1284.00000,12045.65527
1284.50000,12042.41504
1285.00000,12043.37012
1285.50000,12045.27930
1286.00000,12043.37305
1286.50000,12034.90625
1287.00000,12019.55664
1287.50000,12001.60254
1288.00000,11984.94336
1288.50000,11972.51660
1289.00000,11964.75781
1289.50000,11961.68750
1290.00000,11960.84961
1290.50000,11959.43457
1291.00000,11952.95117
1291.50000,11938.69531
1292.00000,11914.86719
1292.50000,11885.53027
1293.00000,11856.98047
1293.50000,11835.88574
1294.00000,11822.82715
1294.50000,11815.36719
1295.00000,11809.14941
1295.50000,11801.69141
1296.00000,11794.46484
1296.50000,11791.09180
1297.00000,11793.33789
1297.50000,11800.57910
1298.00000,11807.81348
1298.50000,11811.19824
1299.00000,11809.10254
1299.50000,11803.76367
1300.00000,11797.34961
1300.50000,11790.96191
1301.00000,11784.24805
1301.50000,11777.08008
1302.00000,11771.03320
1302.50000,11768.58008
1303.00000,11771.25000
1303.50000,11776.93457
1304.00000,11781.65234
1304.50000,11781.53418
1305.00000,11775.73438
1305.50000,11766.04785
1306.00000,11757.35547
1306.50000,11753.08887
1307.00000,11754.22656
1307.50000,11758.45703
1308.00000,11763.35645
1308.50000,11767.41504
1309.00000,11770.58887
1309.50000,11772.85254
1310.00000,11773.34082
1310.50000,11769.39648
1311.00000,11758.39746
1311.50000,11740.94922
1312.00000,11720.24023
1312.50000,11703.37402
1313.00000,11696.58984
1313.50000,11704.87305
1314.00000,11723.48047
1314.50000,11746.00195
1315.00000,11763.59277
1315.50000,11771.97070
1316.00000,11769.38184
1316.50000,11760.68848
1317.00000,11750.32617
1317.50000,11742.43164
1318.00000,11738.74219
1318.50000,11740.29980
1319.00000,11746.24512
1319.50000,11754.28418
1320.00000,11761.01660
1320.50000,11763.24902
1321.00000,11759.14746
1321.50000,11749.22168
1322.00000,11738.00195
1322.50000,11730.43359
1323.00000,11729.70996
1323.50000,11735.63477
1324.00000,11746.60352
1324.50000,11757.82617
1325.00000,11765.40039
1325.50000,11765.93164
1326.00000,11759.68359
1326.50000,11747.49219
1327.00000,11732.75195
1327.50000,11718.36621
1328.00000,11706.23633
1328.50000,11695.85547
1329.00000,11686.55176
1329.50000,11678.42480
1330.00000,11672.47363
1330.50000,11670.37305
1331.00000,11671.72656
1331.50000,11674.76953
1332.00000,11677.66211
1332.50000,11680.28418
1333.00000,11684.57227
1333.50000,11693.00098
1334.00000,11705.27051
1334.50000,11718.83691
1335.00000,11729.62305
1335.50000,11735.62695
1336.00000,11737.44238
1336.50000,11738.54883
1337.00000,11740.12598
1337.50000,11740.56445
1338.00000,11737.27637
1338.50000,11728.35352
1339.00000,11716.67578
1339.50000,11706.77344
1340.00000,11703.79688
1340.50000,11707.67871
1341.00000,11716.36914
1341.50000,11725.29590
1342.00000,11730.79004
1342.50000,11730.06348
1343.00000,11724.13281
1343.50000,11714.72656
1344.00000,11704.93457
1344.50000,11698.50000
1345.00000,11698.95020
1345.50000,11706.94336
1346.00000,11719.52637
1346.50000,11732.19727
1347.00000,11740.75781
1347.50000,11743.81152
1348.00000,11742.88965
1348.50000,11742.35156
1349.00000,11746.19824
1349.50000,11756.22656
1350.00000,11771.80762
1350.50000,11791.95020
1351.00000,11812.99609
1351.50000,11831.29492
1352.00000,11842.42090
1352.50000,11845.20898
1353.00000,11839.28320
1353.50000,11828.44043
1354.00000,11817.15234
1354.50000,11809.37891
1355.00000,11805.53027
1355.50000,11804.29785
1356.00000,11803.40527
1356.50000,11801.54785
1357.00000,11798.80371
1357.50000,11796.29980
1358.00000,11794.83301
1358.50000,11794.49707
1359.00000,11794.08691
1359.50000,11792.53027
1360.00000,11789.72168
1360.50000,11787.27832
1361.00000,11788.12695
1361.50000,11793.85547
1362.00000,11802.99316
1362.50000,11810.94629
1363.00000,11812.47559
1363.50000,11803.73535
1364.00000,11785.45898
1364.50000,11763.58301
1365.00000,11744.88867
1365.50000,11733.56641
1366.00000,11729.71191
1366.50000,11731.00586
1367.00000,11732.89551
1367.50000,11733.42188
1368.00000,11733.14258
1368.50000,11733.83496
1369.00000,11737.24023
1369.50000,11743.12988
1370.00000,11750.29492
1370.50000,11756.66113
1371.00000,11760.50293
1371.50000,11760.48438
1372.00000,11756.93750
1372.50000,11751.84180
1373.00000,11747.98438
1373.50000,11747.54102
1374.00000,11751.03906
1374.50000,11757.84961
1375.00000,11766.11230
1375.50000,11775.30957
1376.00000,11785.64063
1376.50000,11797.13184
1377.00000,11808.52734
1377.50000,11817.15039
1378.00000,11820.36035
1378.50000,11817.01660
1379.00000,11810.61230
1379.50000,11806.15039
1380.00000,11807.76563
1380.50000,11815.70410
1381.00000,11827.87891
1381.50000,11839.29395
1382.00000,11846.81543
1382.50000,11849.49512
1383.00000,11849.63672
1383.50000,11849.53223
1384.00000,11850.86328
1384.50000,11853.96387
1385.00000,11859.41992
1385.50000,11867.32520
1386.00000,11878.45801
1386.50000,11892.49316
1387.00000,11906.81250
1387.50000,11917.34473
1388.00000,11921.17383
1388.50000,11918.15527
1389.00000,11909.98828
1389.50000,11901.46484
1390.00000,11895.25586
1390.50000,11891.46289
1391.00000,11887.59375
1391.50000,11881.23828
1392.00000,11872.50586
1392.50000,11863.28418
1393.00000,11856.38379
1393.50000,11852.77832
1394.00000,11852.55371
1394.50000,11854.88184
1395.00000,11858.91406
1395.50000,11864.59961
1396.00000,11870.86719
1396.50000,11875.71680
1397.00000,11876.18164
1397.50000,11872.02734
1398.00000,11864.43262
1398.50000,11856.72266
1399.00000,11851.39551
1399.50000,11849.08203
1400.00000,11847.41211
1400.50000,11844.22363
1401.00000,11838.86719
1401.50000,11833.53809
1402.00000,11830.83203
1402.50000,11831.38086
1403.00000,11833.44043
1403.50000,11834.73047
1404.00000,11834.54590
1404.50000,11833.99121
1405.00000,11834.92969
1405.50000,11837.40332
1406.00000,11839.61523
1406.50000,11839.15527
1407.00000,11835.73242
1407.50000,11831.73145
1408.00000,11830.42090
1408.50000,11832.87695
1409.00000,11836.97559
1409.50000,11838.69824
1410.00000,11834.91992
1410.50000,11826.45898
1411.00000,11816.61523
1411.50000,11809.38281
1412.00000,11806.28711
1412.50000,11807.58789
1413.00000,11812.93750
1413.50000,11821.64258
1414.00000,11833.55078
1414.50000,11846.26563
1415.00000,11856.48438
1415.50000,11860.13672
1416.00000,11858.34277
1416.50000,11854.11523
1417.00000,11852.07617
1417.50000,11853.78027
1418.00000,11856.66113
1418.50000,11856.00879
1419.00000,11849.85156
1419.50000,11839.83203
1420.00000,11831.65625
1420.50000,11829.51758
1421.00000,11833.59863
1421.50000,11839.57129
1422.00000,11842.68457
1422.50000,11841.47656
1423.00000,11838.29688
1423.50000,11837.48340
1424.00000,11841.01172
1424.50000,11848.79102
1425.00000,11858.50488
1425.50000,11867.90430
1426.00000,11876.05273
1426.50000,11883.58984
1427.00000,11891.41211
1427.50000,11900.13477
1428.00000,11909.15039
1428.50000,11916.84180
1429.00000,11920.97168
1429.50000,11920.33301
1430.00000,11914.46289
1430.50000,11907.07324
1431.00000,11902.75586
1431.50000,11906.35156
1432.00000,11917.05273
1432.50000,11931.18555
1433.00000,11942.13086
1433.50000,11946.94043
1434.00000,11946.68555
1434.50000,11947.67676
1435.00000,11955.00879
1435.50000,11970.66406
1436.00000,11990.11523
1436.50000,12007.71680
1437.00000,12019.30762
1437.50000,12025.04883
1438.00000,12028.08301
1438.50000,12033.24707
1439.00000,12043.64648
1439.50000,12061.16504
1440.00000,12084.57129
1440.50000,12112.54785
1441.00000,12141.09961
1441.50000,12165.68848
1442.00000,12179.56738
1442.50000,12181.80762
1443.00000,12173.73242
1443.50000,12161.00977
1444.00000,12150.88086
1444.50000,12149.43457
1445.00000,12157.20410
1445.50000,12170.35449
1446.00000,12181.35840
1446.50000,12183.21777
1447.00000,12171.45996
1447.50000,12148.71582
1448.00000,12125.38477
1448.50000,12113.30957
1449.00000,12117.96387
1449.50000,12137.08301
1450.00000,12162.02246
1450.50000,12180.10645
1451.00000,12182.83203
1451.50000,12169.33105
1452.00000,12147.05078
1452.50000,12124.34961
1453.00000,12107.14844
1453.50000,12097.15234
1454.00000,12094.83008
1454.50000,12097.76074
1455.00000,12105.14648
1455.50000,12115.12012
1456.00000,12125.00879
1456.50000,12131.19434
1457.00000,12131.54590
1457.50000,12125.25098
1458.00000,12112.13477
1458.50000,12095.29395
1459.00000,12078.22656
1459.50000,12065.92188
1460.00000,12061.82031
1460.50000,12068.88184
1461.00000,12082.77051
1461.50000,12097.80664
1462.00000,12107.98340
1462.50000,12112.30176
1463.00000,12112.24902
1463.50000,12111.25879
1464.00000,12110.89160
1464.50000,12110.14355
1465.00000,12107.28223
1465.50000,12101.87207
1466.00000,12095.86328
1466.50000,12092.27246
1467.00000,12093.67188
1467.50000,12100.56152
1468.00000,12112.13477
1468.50000,12127.44727
1469.00000,12142.68555
1469.50000,12153.18555
1470.00000,12153.78223
1470.50000,12145.23438
1471.00000,12133.55566
1471.50000,12129.09473
1472.00000,12138.23340
1472.50000,12163.10156
1473.00000,12192.62891
1473.50000,12216.21777
1474.00000,12226.37695
1474.50000,12226.05566
1475.00000,12222.79297
1475.50000,12225.18457
1476.00000,12235.91602
1476.50000,12254.46191
1477.00000,12275.76367
1477.50000,12296.45605
1478.00000,12313.19629
1478.50000,12323.63086
1479.00000,12324.21777
1479.50000,12316.66406
1480.00000,12306.38965
1480.50000,12301.33496
1481.00000,12305.52441
1481.50000,12319.31250
1482.00000,12338.03027
1482.50000,12357.17676
1483.00000,12377.26953
1483.50000,12403.02246
1484.00000,12438.07129
1484.50000,12480.29004
1485.00000,12519.60352
1485.50000,12545.07422
1486.00000,12552.35156
1486.50000,12548.10254
1487.00000,12544.99707
1487.50000,12555.68652
1488.00000,12586.07617
1488.50000,12632.27734
1489.00000,12681.43652
1489.50000,12723.48438
1490.00000,12754.01367
1490.50000,12776.08984
1491.00000,12795.73926
1491.50000,12819.67285
1492.00000,12851.01172
1492.50000,12889.64453
1493.00000,12932.11328
1493.50000,12977.87012
1494.00000,13027.73340
1494.50000,13082.79297
1495.00000,13144.42676
1495.50000,13210.34277
1496.00000,13279.81055
1496.50000,13354.79102
1497.00000,13437.63574
1497.50000,13531.03223
1498.00000,13631.07715
1498.50000,13730.55078
1499.00000,13821.14844
1499.50000,13904.08496
1500.00000,13987.07617
1500.50000,14084.07129
1501.00000,14201.49121
1501.50000,14339.19629
1502.00000,14486.44629
1502.50000,14635.07617
1503.00000,14784.22656
1503.50000,14939.88770
1504.00000,15110.07031
1504.50000,15297.70898
1505.00000,15495.39746
1505.50000,15693.80371
1506.00000,15887.05273
1506.50000,16076.11816
1507.00000,16266.79199
1507.50000,16464.20508
1508.00000,16670.58594
1508.50000,16883.59570
1509.00000,17098.46289
1509.50000,17311.46289
1510.00000,17520.68945
1510.50000,17724.18164
1511.00000,17916.58594
1511.50000,18094.17773
1512.00000,18250.02930
1512.50000,18381.89453
1513.00000,18494.50391
1513.50000,18593.04102
1514.00000,18684.72070
1514.50000,18768.51172
1515.00000,18834.17383
1515.50000,18873.73047
1516.00000,18876.96680
1516.50000,18845.96680
1517.00000,18791.99219
1517.50000,18724.42578
1518.00000,18650.18164
1518.50000,18565.64258
1519.00000,18460.55273
1519.50000,18331.12500
1520.00000,18173.16406
1520.50000,17992.65625
1521.00000,17799.39844
1521.50000,17603.25195
1522.00000,17412.72852
1522.50000,17231.94922
1523.00000,17060.45117
1523.50000,16890.85938
1524.00000,16713.43359
1524.50000,16520.84570
1525.00000,16312.44238
1525.50000,16093.06152
1526.00000,15874.01660
1526.50000,15662.39844
1527.00000,15461.50098
1527.50000,15268.28027
1528.00000,15079.85254
1528.50000,14892.92090
1529.00000,14706.51953
1529.50000,14522.16113
1530.00000,14342.13574
1530.50000,14170.24219
1531.00000,14010.20313
1531.50000,13861.76660
1532.00000,13725.05469
1532.50000,13595.93848
1533.00000,13471.53613
1533.50000,13351.83105
1534.00000,13237.30176
1534.50000,13130.19824
1535.00000,13032.27051
1535.50000,12943.87793
1536.00000,12869.16211
1536.50000,12809.59668
1537.00000,12764.75293
1537.50000,12730.54590
1538.00000,12696.84180
1538.50000,12655.55078
1539.00000,12603.50000
1539.50000,12545.24414
1540.00000,12488.84766
1540.50000,12441.50977
1541.00000,12405.06445
1541.50000,12378.28613
1542.00000,12356.69238
1542.50000,12339.28906
1543.00000,12325.71875
1543.50000,12314.71289
1544.00000,12303.07227
1544.50000,12286.67773
1545.00000,12264.21387
1545.50000,12238.17773
1546.00000,12214.52734
1546.50000,12198.67090
1547.00000,12191.50098
1547.50000,12189.20605
1548.00000,12185.90039
1548.50000,12177.30566
1549.00000,12162.66406
1549.50000,12143.86230
1550.00000,12124.74219
1550.50000,12108.61914
1551.00000,12097.72852
1551.50000,12092.84180
1552.00000,12094.73730
1552.50000,12099.58301
1553.00000,12103.73828
1553.50000,12103.12207
1554.00000,12096.85840
1554.50000,12085.86426
1555.00000,12074.01270
1555.50000,12064.50977
1556.00000,12058.90625
1556.50000,12055.22949
1557.00000,12051.84277
1557.50000,12047.84570
1558.00000,12043.66602
1558.50000,12039.95898
1559.00000,12036.19629
1559.50000,12030.55078
1560.00000,12020.04199
1560.50000,12004.69824
1561.00000,11985.97852
1561.50000,11968.33594
1562.00000,11956.54199
1562.50000,11955.85059
1563.00000,11965.87207
1563.50000,11982.26270
1564.00000,11999.40723
1564.50000,12012.42969
1565.00000,12019.04688
1565.50000,12019.94531
1566.00000,12017.29004
1566.50000,12010.95410
1567.00000,12001.07031
1567.50000,11988.33984
1568.00000,11976.43750
1568.50000,11970.64258
1569.00000,11975.99316
1569.50000,11992.33008
1570.00000,12013.64648
1570.50000,12032.05957
1571.00000,12043.70215
1571.50000,12049.35547
1572.00000,12052.52930
1572.50000,12056.27637
1573.00000,12059.53027
1573.50000,12058.07227
1574.00000,12049.37012
1574.50000,12033.59570
1575.00000,12016.46973
1575.50000,12003.10938
1576.00000,11997.14551
1576.50000,11996.90039
1577.00000,11999.73242
1577.50000,12002.11133
1578.00000,12002.70215
1578.50000,12001.58496
1579.00000,12000.44336
1579.50000,12001.12891
1580.00000,12005.83789
1580.50000,12015.05078
1581.00000,12027.73535
1581.50000,12039.73926
1582.00000,12047.17285
1582.50000,12046.70313
1583.00000,12041.82813
1583.50000,12037.70605
1584.00000,12040.10742
1584.50000,12048.29590
1585.00000,12055.78418
1585.50000,12054.03223
1586.00000,12039.15430
1586.50000,12011.95313
1587.00000,11983.46680
1587.50000,11963.89063
1588.00000,11958.33203
1588.50000,11961.64453
1589.00000,11966.45117
1589.50000,11965.88770
1590.00000,11958.74512
1590.50000,11948.73340
1591.00000,11943.23633
1591.50000,11947.27734
1592.00000,11960.13770
1592.50000,11975.22852
1593.00000,11983.05469
1593.50000,11977.13184
1594.00000,11956.20703
1594.50000,11924.39453
1595.00000,11894.05957
1595.50000,11873.76660
1596.00000,11865.62207
1596.50000,11864.04492
1597.00000,11861.80957
1597.50000,11854.54883
1598.00000,11843.79980
1598.50000,11835.14355
1599.00000,11831.38477
1599.50000,11831.26660
1600.00000,11829.78125
1600.50000,11823.50195
1601.00000,11812.11523
1601.50000,11800.72754
1602.00000,11793.55469
1602.50000,11792.41797
1603.00000,11794.65137
1603.50000,11797.41406
1604.00000,11798.31055
1604.50000,11796.55957
1605.00000,11791.89258
1605.50000,11785.46094
1606.00000,11778.43262
1606.50000,11772.83105
1607.00000,11770.20801
1607.50000,11771.86719
1608.00000,11777.24707
1608.50000,11784.65039
1609.00000,11792.39355
1609.50000,11798.26367
1610.00000,11799.56934
1610.50000,11793.61914
1611.00000,11781.47363
1611.50000,11767.04102
1612.00000,11756.58984
1612.50000,11752.83496
1613.00000,11754.35938
1613.50000,11754.01563
1614.00000,11746.65625
1614.50000,11732.95117
1615.00000,11721.01172
1615.50000,11719.17773
1616.00000,11727.58008
1616.50000,11739.70898
1617.00000,11745.29883
1617.50000,11740.33691
1618.00000,11727.58594
1618.50000,11715.87402
1619.00000,11710.57617
1619.50000,11711.93945
1620.00000,11714.04980
1620.50000,11712.22168
1621.00000,11705.07031
1621.50000,11697.42676
1622.00000,11693.20801
1622.50000,11692.97559
1623.00000,11693.48145
1623.50000,11690.40918
1624.00000,11682.54004
1624.50000,11672.22949
1625.00000,11664.54785
1625.50000,11662.62695
1626.00000,11667.64258
1626.50000,11676.89551
1627.00000,11685.89746
1627.50000,11689.48047
1628.00000,11687.02441
1628.50000,11680.40820
1629.00000,11673.95898
1629.50000,11671.56445
1630.00000,11674.56543
1630.50000,11679.29688
1631.00000,11680.19434
1631.50000,11673.18066
1632.00000,11662.17090
1632.50000,11654.11133
1633.00000,11656.65234
1633.50000,11668.63477
1634.00000,11681.84180
1634.50000,11684.75098
1635.00000,11673.72754
1635.50000,11652.34766
1636.00000,11633.60352
1636.50000,11626.39063
1637.00000,11631.99902
1637.50000,11640.07422
1638.00000,11642.28125
1638.50000,11637.98633
1639.00000,11633.03516
1639.50000,11635.17969
1640.00000,11643.75098
1640.50000,11652.11035
1641.00000,11652.29492
1641.50000,11644.04590
1642.00000,11632.00684
1642.50000,11623.15137
1643.00000,11619.41016
1643.50000,11616.98340
1644.00000,11611.14160
1644.50000,11602.32422
1645.00000,11596.59668
1645.50000,11599.56445
1646.00000,11613.59766
1646.50000,11631.22754
1647.00000,11643.39941
1647.50000,11643.03320
1648.00000,11633.38672
1648.50000,11619.81738
1649.00000,11609.04492
1649.50000,11603.50391
1650.00000,11601.74121
1650.50000,11599.96777
1651.00000,11596.29395
1651.50000,11590.85156
1652.00000,11585.64648
1652.50000,11582.02539
1653.00000,11579.11328
1653.50000,11574.69434
1654.00000,11566.12598
1654.50000,11553.82031
1655.00000,11540.40137
1655.50000,11531.79688
1656.00000,11531.96777
1656.50000,11543.66797
1657.00000,11564.46484
1657.50000,11588.19043
1658.00000,11606.47461
1658.50000,11612.94141
1659.00000,11605.24707
1659.50000,11585.05957
1660.00000,11560.09375
1660.50000,11537.20410
1661.00000,11521.82715
1661.50000,11515.64844
1662.00000,11519.04004
1662.50000,11528.52832
1663.00000,11542.60352
1663.50000,11559.47070
1664.00000,11576.16406
1664.50000,11588.60156
1665.00000,11594.03027
1665.50000,11591.97949
1666.00000,11581.62207
1666.50000,11565.69434
1667.00000,11545.37305
1667.50000,11523.26953
1668.00000,11504.49121
1668.50000,11496.59375
1669.00000,11503.81836
1669.50000,11524.78223
1670.00000,11553.19629
1670.50000,11576.10547
1671.00000,11585.44434
1671.50000,11581.26465
1672.00000,11572.23438
1672.50000,11567.28809
1673.00000,11570.37793
1673.50000,11578.68359
1674.00000,11585.63281
1674.50000,11587.86328
1675.00000,11586.06445
1675.50000,11583.61816
1676.00000,11582.22363
1676.50000,11579.28809
1677.00000,11570.99707
1677.50000,11556.24805
1678.00000,11537.50781
1678.50000,11520.60742
1679.00000,11509.49707
1679.50000,11503.74121
1680.00000,11499.80859
1680.50000,11497.06836
1681.00000,11498.34766
1681.50000,11507.88184
1682.00000,11528.16406
1682.50000,11551.39648
1683.00000,11566.78516
1683.50000,11566.19238
1684.00000,11550.88965
1684.50000,11527.36914
1685.00000,11507.95996
1685.50000,11499.50098
1686.00000,11503.30762
1686.50000,11513.60938
1687.00000,11526.24512
1687.50000,11537.85645
1688.00000,11546.74805
1688.50000,11550.53125
1689.00000,11548.29102
1689.50000,11539.30664
1690.00000,11524.86133
1690.50000,11509.80078
1691.00000,11500.20215
1691.50000,11500.18262
1692.00000,11509.89648
1692.50000,11527.17188
1693.00000,11543.89844
1693.50000,11552.47363
1694.00000,11549.29980
1694.50000,11539.98828
1695.00000,11532.13281
1695.50000,11531.09375
1696.00000,11534.97852
1696.50000,11534.60840
1697.00000,11524.32031
1697.50000,11506.10938
1698.00000,11490.83301
1698.50000,11488.51660
1699.00000,11503.66895
1699.50000,11525.41113
1700.00000,11540.11328
1700.50000,11537.44629
1701.00000,11522.84375
1701.50000,11505.13770
1702.00000,11494.91211
1702.50000,11494.67969
1703.00000,11503.21387
1703.50000,11516.48633
1704.00000,11532.84863
1704.50000,11551.59961
1705.00000,11568.80273
1705.50000,11577.55566
1706.00000,11571.57129
1706.50000,11551.99414
1707.00000,11524.74707
1707.50000,11502.81836
1708.00000,11494.90918
1708.50000,11503.16406
1709.00000,11518.19434
1709.50000,11531.34766
1710.00000,11536.83301
1710.50000,11535.84570
1711.00000,11532.27246
1711.50000,11529.13477
1712.00000,11526.42871
1712.50000,11523.60352
1713.00000,11521.88086
1713.50000,11523.57520
1714.00000,11527.96582
1714.50000,11530.88184
1715.00000,11526.67188
1715.50000,11516.55566
1716.00000,11507.82813
1716.50000,11510.57422
1717.00000,11524.77832
1717.50000,11543.10156
1718.00000,11553.10840
1718.50000,11549.02734
1719.00000,11535.66113
1719.50000,11526.56250
1720.00000,11529.05566
1720.50000,11541.79590
1721.00000,11554.79199
1721.50000,11559.70020
1722.00000,11557.23730
1722.50000,11552.69141
1723.00000,11550.76074
1723.50000,11551.32617
1724.00000,11552.53125
1724.50000,11554.19434
1725.00000,11558.58008
1725.50000,11567.94922
1726.00000,11579.80664
1726.50000,11588.66016
1727.00000,11588.00000
1727.50000,11580.44141
1728.00000,11571.08691
1728.50000,11566.62695
1729.00000,11569.28711
1729.50000,11577.89844
1730.00000,11586.78027
1730.50000,11592.21484
1731.00000,11591.26758
1731.50000,11584.81543
1732.00000,11573.58203
1732.50000,11560.92480
1733.00000,11551.04102
1733.50000,11548.93848
1734.00000,11555.94043
1734.50000,11570.96094
1735.00000,11590.38379
1735.50000,11608.46191
1736.00000,11621.05566
1736.50000,11625.51270
1737.00000,11622.08887
1737.50000,11611.66016
1738.00000,11600.00195
1738.50000,11591.85840
1739.00000,11591.12793
1739.50000,11596.11035
1740.00000,11603.41406
